experiment_state_timestamp,save_interval_secs,last_save_timestamp,temperature_1_C,humidity_1,temperature_2_C,egg_turning_on,target_temperature,boost_temperature,cooling_start_temperature,heating_proportional_Cf,heating_integral_Cf,heating_derivitive_Cf,target_humidity,range_humidity,control_change_minimum_secs,last_control_change_timestamp,front_turn_switch,rear_turn_switch,top_switch,venting_state,last_venting_timestamp,exhaust_on,humidifyer_on,heater_on,boost_on,fan_on
1783947642.4476278,20,1784170799.9392648,37.513160906385906,0.6737491416800183,-500,True,37.5,36.5,38.6,0.95,0.05,0.0,0.7,0.03,2,1784170809.965516,True,False,True,False,1784170655.1331005,0,0,0,0,False
1783947642.4476278,20,1784170819.9452145,37.45975432974747,0.6738063630121309,-500,True,37.5,36.5,38.6,0.95,0.05,0.0,0.7,0.03,2,1784170829.9778657,False,True,True,True,1784170835.133135,0,0,1,0,False
1783947642.4476278,20,1784170839.9574869,37.395666437781344,0.6736156252384222,-500,True,37.5,36.5,38.6,0.95,0.05,0.0,0.7,0.03,2,1784170849.9835956,False,True,True,True,1784170835.133135,0,0,1,0,False
1783947642.4476278,20,1784170859.963256,37.36896314946212,0.6738063630121309,-500,True,37.5,36.5,38.6,0.95,0.05,0.0,0.7,0.03,2,1784170869.9894083,False,True,True,False,1784170835.133135,0,0,1,0,False
1783947642.4476278,20,1784170879.969078,37.360952162966356,0.6739780270084688,-500,True,37.5,36.5,38.6,0.95,0.05,0.0,0.7,0.03,2,1784170889.9951682,False,True,True,False,1784170835.133135,0,0,1,0,False
1783947642.4476278,20,1784170899.9749937,37.38498512245366,0.6738445105668727,-500,True,37.5,36.5,38.6,0.95,0.05,0.0,0.7,0.03,2,1784170910.0010784,False,True,True,False,1784170835.133135,0,0,1,0,False
1783947642.4476278,20,1784170919.980817,37.38498512245366,0.6738063630121309,-500,True,37.5,36.5,38.6,0.95,0.05,0.0,0.7,0.03,2,1784170930.007061,False,True,True,False,1784170835.133135,0,0,1,0,False
1783947642.4476278,20,1784170939.9867377,37.395666437781344,0.6738635843442435,-500,True,37.5,36.5,38.6,0.95,0.05,0.0,0.7,0.03,2,1784170950.01288,False,True,True,False,1784170835.133135,0,0,1,0,False
1783947642.4476278,20,1784170959.99262,37.41702906843672,0.6737682154573892,-500,True,37.5,36.5,38.6,0.95,0.05,0.0,0.7,0.03,2,1784170970.018672,False,True,True,False,1784170835.133135,0,0,1,0,False
1783947642.4476278,20,1784170979.998481,37.43572137026017,0.673653772793164,-500,True,37.5,36.5,38.6,0.95,0.05,0.0,0.7,0.03,2,1784170990.024486,False,True,True,False,1784170835.133135,0,0,1,0,False
1783947642.4476278,20,1784171000.0042589,37.465094987411305,0.6737300679026474,-500,True,37.5,36.5,38.6,0.95,0.05,0.0,0.7,0.03,2,1784171010.0303135,False,True,True,True,1784171015.1331382,0,0,1,0,False
1783947642.4476278,20,1784171020.010092,37.470435645075156,0.6737491416800183,-500,True,37.5,36.5,38.6,0.95,0.05,0.0,0.7,0.03,2,1784171030.0362837,False,True,True,True,1784171015.1331382,0,0,1,0,False
1783947642.4476278,20,1784171040.0159032,37.481116960402844,0.6737109941252766,-500,True,37.5,36.5,38.6,0.95,0.05,0.0,0.7,0.03,2,1784171050.0419703,False,True,True,False,1784171015.1331382,0,0,1,0,False
1783947642.4476278,20,1784171060.021691,37.45441367208362,0.6737682154573892,-500,True,37.5,36.5,38.6,0.95,0.05,0.0,0.7,0.03,2,1784171070.0477622,False,True,True,False,1784171015.1331382,0,0,1,0,False
1783947642.4476278,20,1784171080.0275757,37.47844663157092,0.6739017318989853,-500,True,37.5,36.5,38.6,0.95,0.05,0.0,0.7,0.03,2,1784171090.0537145,False,True,True,False,1784171015.1331382,0,0,1,0,False
1783947642.4476278,20,1784171100.033525,37.50247959105822,0.6736346990157931,-500,True,37.5,36.5,38.6,0.95,0.05,0.0,0.7,0.03,2,1784171110.0595489,False,True,True,False,1784171015.1331382,0,0,0,0,False
1783947642.4476278,20,1784171120.0393517,37.513160906385906,0.6735965514610514,-500,True,37.5,36.5,38.6,0.95,0.05,0.0,0.7,0.03,2,1784171130.0655158,False,True,True,False,1784171015.1331382,0,0,0,0,False
1783947642.4476278,20,1784171140.0451117,37.48645761806668,0.6735965514610514,-500,True,37.5,36.5,38.6,0.95,0.05,0.0,0.7,0.03,2,1784171150.0711381,False,True,True,False,1784171015.1331382,0,0,1,0,False
1783947642.4476278,20,1784171160.0508955,37.481116960402844,0.6737872892347601,-500,True,37.5,36.5,38.6,0.95,0.05,0.0,0.7,0.03,2,1784171170.0770292,False,True,True,False,1784171015.1331382,0,0,1,0,False
1783947642.4476278,20,1784171180.0567882,37.47310597390707,0.6737491416800183,-500,True,37.5,36.5,38.6,0.95,0.05,0.0,0.7,0.03,2,1784171190.0828793,False,True,True,True,1784171195.13316,0,0,1,0,False
1783947642.4476278,20,1784171200.0626466,37.45975432974747,0.6734439612420844,-500,True,37.5,36.5,38.6,0.95,0.05,0.0,0.7,0.03,2,1784171210.0886402,False,True,True,True,1784171195.13316,0,0,1,0,False
1783947642.4476278,20,1784171220.0684655,37.45441367208362,0.6737682154573892,-500,True,37.5,36.5,38.6,0.95,0.05,0.0,0.7,0.03,2,1784171230.094568,False,True,True,False,1784171195.13316,0,0,1,0,False
1783947642.4476278,20,1784171240.0743814,37.44907301441978,0.673653772793164,-500,True,37.5,36.5,38.6,0.95,0.05,0.0,0.7,0.03,2,1784171250.1003764,False,True,True,False,1784171195.13316,0,0,1,0,False
1783947642.4476278,20,1784171260.080103,37.47577630273899,0.6737300679026474,-500,True,37.5,36.5,38.6,0.95,0.05,0.0,0.7,0.03,2,1784171270.1061957,False,True,True,False,1784171195.13316,0,0,1,0,False
1783947642.4476278,20,1784171280.0859642,37.489127946898606,0.6736919203479057,-500,True,37.5,36.5,38.6,0.95,0.05,0.0,0.7,0.03,2,1784171290.1119506,False,True,True,False,1784171195.13316,0,0,1,0,False
1783947642.4476278,20,1784171300.0917666,37.48645761806668,0.6735774776836805,-500,True,37.5,36.5,38.6,0.95,0.05,0.0,0.7,0.03,2,1784171310.1178436,False,True,True,False,1784171195.13316,0,0,1,0,False
1783947642.4476278,20,1784171320.0975616,37.52918287937743,0.6737491416800183,-500,True,37.5,36.5,38.6,0.95,0.05,0.0,0.7,0.03,2,1784171330.123566,False,True,True,False,1784171195.13316,0,0,0,0,False
1783947642.4476278,20,1784171340.103369,37.513160906385906,0.6735774776836805,-500,True,37.5,36.5,38.6,0.95,0.05,0.0,0.7,0.03,2,1784171350.1293912,False,True,True,False,1784171195.13316,0,0,0,0,False
1783947642.4476278,20,1784171360.1091897,37.507820248722055,0.6737491416800183,-500,True,37.5,36.5,38.6,0.95,0.05,0.0,0.7,0.03,2,1784171370.1352606,False,True,True,True,1784171375.1331673,0,0,0,0,False
1783947642.4476278,20,1784171380.1150804,37.47310597390707,0.6735965514610514,-500,True,37.5,36.5,38.6,0.95,0.05,0.0,0.7,0.03,2,1784171390.141094,False,True,True,True,1784171375.1331673,0,0,1,0,False
1783947642.4476278,20,1784171400.120863,37.395666437781344,0.6734248874647135,-500,True,37.5,36.5,38.6,0.95,0.05,0.0,0.7,0.03,2,1784171410.146879,False,True,True,False,1784171375.1331673,0,0,1,0,False
1783947642.4476278,20,1784171420.1266534,37.38498512245366,0.6738635843442435,-500,True,37.5,36.5,38.6,0.95,0.05,0.0,0.7,0.03,2,1784171430.1526337,False,True,True,False,1784171375.1331673,0,0,1,0,False
1783947642.4476278,20,1784171440.1323967,37.43305104142824,0.6734821087968261,-500,True,37.5,36.5,38.6,0.95,0.05,0.0,0.7,0.03,2,1784171450.158462,False,True,True,False,1784171375.1331673,0,0,1,0,False
1783947642.4476278,20,1784171460.138228,37.44907301441978,0.6738445105668727,-500,True,37.5,36.5,38.6,0.95,0.05,0.0,0.7,0.03,2,1784171470.1642387,False,True,True,False,1784171375.1331673,0,0,1,0,False
1783947642.4476278,20,1784171480.143988,37.47310597390707,0.6738445105668727,-500,True,37.5,36.5,38.6,0.95,0.05,0.0,0.7,0.03,2,1784171490.1700182,False,True,True,False,1784171375.1331673,0,0,1,0,False
1783947642.4476278,20,1784171500.1497915,37.44373235675593,0.673501182574197,-500,True,37.5,36.5,38.6,0.95,0.05,0.0,0.7,0.03,2,1784171510.1760373,False,True,True,False,1784171375.1331673,0,0,1,0,False
1783947642.4476278,20,1784171520.1556756,37.49713893339437,0.6737109941252766,-500,True,37.5,36.5,38.6,0.95,0.05,0.0,0.7,0.03,2,1784171530.181741,False,True,True,False,1784171375.1331673,0,0,1,0,False
1783947642.4476278,20,1784171540.1614795,37.507820248722055,0.6732532234683757,-500,True,37.5,36.5,38.6,0.95,0.05,0.0,0.7,0.03,2,1784171550.187493,False,True,True,True,1784171555.1332047,0,0,0,0,False
1783947642.4476278,20,1784171560.16727,37.50247959105822,0.6737491416800183,-500,True,37.5,36.5,38.6,0.95,0.05,0.0,0.7,0.03,2,1784171570.1932967,False,True,True,True,1784171555.1332047,0,0,0,0,False
1783947642.4476278,20,1784171580.1730628,37.47310597390707,0.6737682154573892,-500,True,37.5,36.5,38.6,0.95,0.05,0.0,0.7,0.03,2,1784171590.1991234,False,True,True,False,1784171555.1332047,0,0,1,0,False
1783947642.4476278,20,1784171600.1788921,37.49713893339437,0.673501182574197,-500,True,37.5,36.5,38.6,0.95,0.05,0.0,0.7,0.03,2,1784171610.2050557,False,True,True,False,1784171555.1332047,0,0,1,0,False
1783947642.4476278,20,1784171620.1846678,37.481116960402844,0.6739780270084688,-500,True,37.5,36.5,38.6,0.95,0.05,0.0,0.7,0.03,2,1784171630.2107458,False,True,True,False,1784171555.1332047,0,0,1,0,False
1783947642.4476278,20,1784171640.1905558,37.465094987411305,0.6736156252384222,-500,True,37.5,36.5,38.6,0.95,0.05,0.0,0.7,0.03,2,1784171650.2165842,False,True,True,False,1784171555.1332047,0,0,1,0,False
1783947642.4476278,20,1784171660.196375,37.50247959105822,0.673501182574197,-500,True,37.5,36.5,38.6,0.95,0.05,0.0,0.7,0.03,2,1784171670.2224603,False,True,True,False,1784171555.1332047,0,0,0,0,False
1783947642.4476278,20,1784171680.2022848,37.49980926222629,0.6735774776836805,-500,True,37.5,36.5,38.6,0.95,0.05,0.0,0.7,0.03,2,1784171690.2282782,False,True,True,False,1784171555.1332047,0,0,1,0,False
1783947642.4476278,20,1784171700.2080445,37.52384222171359,0.6736728465705348,-500,True,37.5,36.5,38.6,0.95,0.05,0.0,0.7,0.03,2,1784171710.2342753,False,True,True,False,1784171555.1332047,0,0,0,0,False
1783947642.4476278,20,1784171720.213847,37.49713893339437,0.6734248874647135,-500,True,37.5,36.5,38.6,0.95,0.05,0.0,0.7,0.03,2,1784171730.239835,False,True,True,True,1784171735.1332076,0,0,1,0,False
1783947642.4476278,20,1784171740.2196155,37.470435645075156,0.6736728465705348,-500,True,37.5,36.5,38.6,0.95,0.05,0.0,0.7,0.03,2,1784171750.2456517,False,True,True,True,1784171735.1332076,0,0,1,0,False
1783947642.4476278,20,1784171760.225395,37.43305104142824,0.6733676661326009,-500,True,37.5,36.5,38.6,0.95,0.05,0.0,0.7,0.03,2,1784171770.2514086,False,True,True,False,1784171735.1332076,0,0,1,0,False
1783947642.4476278,20,1784171780.2312365,37.45708400091554,0.6735393301289387,-500,True,37.5,36.5,38.6,0.95,0.05,0.0,0.7,0.03,2,1784171790.2573001,False,True,True,False,1784171735.1332076,0,0,1,0,False
1783947642.4476278,20,1784171800.2370605,37.465094987411305,0.6735393301289387,-500,True,37.5,36.5,38.6,0.95,0.05,0.0,0.7,0.03,2,1784171810.2630625,False,True,True,False,1784171735.1332076,0,0,1,0,False
1783947642.4476278,20,1784171820.2428284,37.465094987411305,0.6735393301289387,-500,True,37.5,36.5,38.6,0.95,0.05,0.0,0.7,0.03,2,1784171830.26884,False,True,True,False,1784171735.1332076,0,0,1,0,False
1783947642.4476278,20,1784171840.2485998,37.507820248722055,0.6735202563515679,-500,True,37.5,36.5,38.6,0.95,0.05,0.0,0.7,0.03,2,1784171850.2746432,False,True,True,False,1784171735.1332076,0,0,0,0,False
1783947642.4476278,20,1784171860.2544248,37.507820248722055,0.6736346990157931,-500,True,37.5,36.5,38.6,0.95,0.05,0.0,0.7,0.03,2,1784171870.2804961,False,True,True,False,1784171735.1332076,0,0,0,0,False
1783947642.4476278,20,1784171880.2602453,37.49446860456244,0.6734058136873426,-500,True,37.5,36.5,38.6,0.95,0.05,0.0,0.7,0.03,2,1784171890.2863946,False,True,True,False,1784171735.1332076,0,0,1,0,False
1783947642.4476278,20,1784171900.2660933,37.48645761806668,0.6734630350194553,-500,True,37.5,36.5,38.6,0.95,0.05,0.0,0.7,0.03,2,1784171910.2921324,False,True,True,True,1784171915.1332219,0,0,1,0,False
1783947642.4476278,20,1784171920.2719848,37.470435645075156,0.6737300679026474,-500,True,37.5,36.5,38.6,0.95,0.05,0.0,0.7,0.03,2,1784171930.2981033,False,True,True,True,1784171915.1332219,0,0,1,0,False
1783947642.4476278,20,1784171940.2779236,37.45975432974747,0.6736919203479057,-500,True,37.5,36.5,38.6,0.95,0.05,0.0,0.7,0.03,2,1784171950.303957,False,True,True,False,1784171915.1332219,0,0,1,0,False
1783947642.4476278,20,1784171960.2837799,37.45975432974747,0.6735774776836805,-500,True,37.5,36.5,38.6,0.95,0.05,0.0,0.7,0.03,2,1784171970.3099453,False,True,True,False,1784171915.1332219,0,0,1,0,False
1783947642.4476278,20,1784171980.2898364,37.489127946898606,0.6734821087968261,-500,True,37.5,36.5,38.6,0.95,0.05,0.0,0.7,0.03,2,1784171990.3162289,False,True,True,False,1784171915.1332219,0,0,1,0,False
1783947642.4476278,20,1784172000.2958057,37.49713893339437,0.6732913710231174,-500,True,37.5,36.5,38.6,0.95,0.05,0.0,0.7,0.03,2,1784172010.3220077,False,True,True,False,1784171915.1332219,0,0,1,0,False
1783947642.4476278,20,1784172020.3016074,37.50247959105822,0.6735584039063096,-500,True,37.5,36.5,38.6,0.95,0.05,0.0,0.7,0.03,2,1784172030.32774,False,True,True,False,1784171915.1332219,0,0,0,0,False
1783947642.4476278,20,1784172040.3074121,37.513160906385906,0.6736919203479057,-500,True,37.5,36.5,38.6,0.95,0.05,0.0,0.7,0.03,2,1784172050.3335161,False,True,True,False,1784171915.1332219,0,0,0,0,False
1783947642.4476278,20,1784172060.3131573,37.507820248722055,0.6735965514610514,-500,True,37.5,36.5,38.6,0.95,0.05,0.0,0.7,0.03,2,1784172070.3391838,False,True,True,False,1784171915.1332219,0,0,0,0,False
1783947642.4476278,20,1784172080.3190477,37.46242465857938,0.6734439612420844,-500,True,37.5,36.5,38.6,0.95,0.05,0.0,0.7,0.03,2,1784172090.3452358,False,True,True,True,1784172095.133247,0,0,1,0,False
1783947642.4476278,20,1784172100.3248243,37.44373235675593,0.6734821087968261,-500,True,37.5,36.5,38.6,0.95,0.05,0.0,0.7,0.03,2,1784172110.3508577,False,True,True,True,1784172095.133247,0,0,1,0,False
1783947642.4476278,20,1784172120.3306417,37.40634775310903,0.6731197070267796,-500,True,37.5,36.5,38.6,0.95,0.05,0.0,0.7,0.03,2,1784172130.3566322,False,True,True,False,1784172095.133247,0,0,1,0,False
1783947642.4476278,20,1784172140.3364131,37.44373235675593,0.6734439612420844,-500,True,37.5,36.5,38.6,0.95,0.05,0.0,0.7,0.03,2,1784172150.362559,False,True,True,False,1784172095.133247,0,0,1,0,False
1783947642.4476278,20,1784172160.342326,37.45975432974747,0.6733295185778592,-500,True,37.5,36.5,38.6,0.95,0.05,0.0,0.7,0.03,2,1784172170.368289,False,True,True,False,1784172095.133247,0,0,1,0,False
1783947642.4476278,20,1784172180.348045,37.489127946898606,0.6735774776836805,-500,True,37.5,36.5,38.6,0.95,0.05,0.0,0.7,0.03,2,1784172190.3743215,False,True,True,False,1784172095.133247,0,0,1,0,False
1783947642.4476278,20,1784172200.3538878,37.49713893339437,0.6735774776836805,-500,True,37.5,36.5,38.6,0.95,0.05,0.0,0.7,0.03,2,1784172210.3798938,False,True,True,False,1784172095.133247,0,0,1,0,False
1783947642.4476278,20,1784172220.359725,37.52384222171359,0.6737682154573892,-500,True,37.5,36.5,38.6,0.95,0.05,0.0,0.7,0.03,2,1784172230.385755,False,True,True,False,1784172095.133247,0,0,0,0,False
1783947642.4476278,20,1784172240.3654933,37.507820248722055,0.6734439612420844,-500,True,37.5,36.5,38.6,0.95,0.05,0.0,0.7,0.03,2,1784172250.3915138,False,True,True,False,1784172095.133247,0,0,0,0,False
1783947642.4476278,20,1784172260.37129,37.49713893339437,0.6734058136873426,-500,True,37.5,36.5,38.6,0.95,0.05,0.0,0.7,0.03,2,1784172270.397346,False,True,True,True,1784172275.1332612,0,0,1,0,False
1783947642.4476278,20,1784172280.377047,37.483787289234755,0.6732722972457466,-500,True,37.5,36.5,38.6,0.95,0.05,0.0,0.7,0.03,2,1784172290.4032025,False,True,True,True,1784172275.1332612,0,0,1,0,False
1783947642.4476278,20,1784172300.3829534,37.45441367208362,0.6734630350194553,-500,True,37.5,36.5,38.6,0.95,0.05,0.0,0.7,0.03,2,1784172310.4090548,False,True,True,False,1784172275.1332612,0,0,1,0,False
1783947642.4476278,20,1784172320.388787,37.44373235675593,0.6733104448004883,-500,True,37.5,36.5,38.6,0.95,0.05,0.0,0.7,0.03,2,1784172330.4148033,False,True,True,False,1784172275.1332612,0,0,1,0,False
1783947642.4476278,20,1784172340.3945785,37.45975432974747,0.6735393301289387,-500,True,37.5,36.5,38.6,0.95,0.05,0.0,0.7,0.03,2,1784172350.4205632,False,True,True,False,1784172275.1332612,0,0,1,0,False
1783947642.4476278,20,1784172360.40035,37.49713893339437,0.6734058136873426,-500,True,37.5,36.5,38.6,0.95,0.05,0.0,0.7,0.03,2,1784172370.4263926,False,True,True,False,1784172275.1332612,0,0,1,0,False
1783947642.4476278,20,1784172380.40617,37.489127946898606,0.6736346990157931,-500,True,37.5,36.5,38.6,0.95,0.05,0.0,0.7,0.03,2,1784172390.4321494,False,True,True,False,1784172275.1332612,0,0,1,0,False
1783947642.4476278,20,1784172400.411929,37.507820248722055,0.6734439612420844,-500,True,37.5,36.5,38.6,0.95,0.05,0.0,0.7,0.03,2,1784172410.437986,False,True,True,False,1784172275.1332612,0,0,0,0,False
1783947642.4476278,20,1784172420.4177024,37.507820248722055,0.6734439612420844,-500,True,37.5,36.5,38.6,0.95,0.05,0.0,0.7,0.03,2,1784172430.443893,False,True,True,False,1784172275.1332612,0,0,0,0,False
1783947642.4476278,20,1784172440.4237013,37.507820248722055,0.6732722972457466,-500,True,37.5,36.5,38.6,0.95,0.05,0.0,0.7,0.03,2,1784172450.4497,False,True,True,True,1784172455.133268,0,0,0,0,False
1783947642.4476278,20,1784172460.429476,37.48645761806668,0.67334859235523,-500,True,37.5,36.5,38.6,0.95,0.05,0.0,0.7,0.03,2,1784172470.4554825,False,True,True,True,1784172455.133268,0,0,1,0,False
1783947642.4476278,20,1784172480.4352717,37.446402685587856,0.6733867399099718,-500,True,37.5,36.5,38.6,0.95,0.05,0.0,0.7,0.03,2,1784172490.4612916,False,True,True,False,1784172455.133268,0,0,1,0,False
1783947642.4476278,20,1784172500.4411156,37.45975432974747,0.6734248874647135,-500,True,37.5,36.5,38.6,0.95,0.05,0.0,0.7,0.03,2,1784172510.4672136,False,True,True,False,1784172455.133268,0,0,1,0,False
1783947642.4476278,20,1784172520.4469826,37.45975432974747,0.6731960021362631,-500,True,37.5,36.5,38.6,0.95,0.05,0.0,0.7,0.03,2,1784172530.473012,False,True,True,False,1784172455.133268,0,0,1,0,False
1783947642.4476278,20,1784172540.4527423,37.47577630273899,0.6736156252384222,-500,True,37.5,36.5,38.6,0.95,0.05,0.0,0.7,0.03,2,1784172550.4787922,False,True,True,False,1784172455.133268,0,0,1,0,False
1783947642.4476278,20,1784172560.4586008,37.48645761806668,0.6732913710231174,-500,True,37.5,36.5,38.6,0.95,0.05,0.0,0.7,0.03,2,1784172570.4848337,False,True,True,False,1784172455.133268,0,0,1,0,False
1783947642.4476278,20,1784172580.464426,37.49446860456244,0.6735965514610514,-500,True,37.5,36.5,38.6,0.95,0.05,0.0,0.7,0.03,2,1784172590.4905143,False,True,True,False,1784172455.133268,0,0,1,0,False
1783947642.4476278,20,1784172600.4702458,37.50247959105822,0.6732722972457466,-500,True,37.5,36.5,38.6,0.95,0.05,0.0,0.7,0.03,2,1784172610.496222,False,True,True,False,1784172455.133268,0,0,0,0,False
1783947642.4476278,20,1784172620.4759974,37.51850156404974,0.6732341496910048,-500,True,37.5,36.5,38.6,0.95,0.05,0.0,0.7,0.03,2,1784172630.5020516,False,True,True,True,1784172635.1333015,0,0,0,0,False
1783947642.4476278,20,1784172640.4819388,37.48645761806668,0.6736346990157931,-500,True,37.5,36.5,38.6,0.95,0.05,0.0,0.7,0.03,2,1784172650.5079954,False,True,True,True,1784172635.1333015,0,0,1,0,False
1783947642.4476278,20,1784172660.487779,37.465094987411305,0.6734821087968261,-500,True,37.5,36.5,38.6,0.95,0.05,0.0,0.7,0.03,2,1784172670.5139985,False,True,True,False,1784172635.1333015,0,0,1,0,False
1783947642.4476278,20,1784172680.4935603,37.441062027924005,0.6732722972457466,-500,True,37.5,36.5,38.6,0.95,0.05,0.0,0.7,0.03,2,1784172690.519597,False,True,True,False,1784172635.1333015,0,0,1,0,False
1783947642.4476278,20,1784172700.499385,37.470435645075156,0.6732341496910048,-500,True,37.5,36.5,38.6,0.95,0.05,0.0,0.7,0.03,2,1784172710.5254505,False,True,True,False,1784172635.1333015,0,0,1,0,False
1783947642.4476278,20,1784172720.5052238,37.481116960402844,0.6733867399099718,-500,True,37.5,36.5,38.6,0.95,0.05,0.0,0.7,0.03,2,1784172730.531262,False,True,True,False,1784172635.1333015,0,0,1,0,False
1783947642.4476278,20,1784172740.5110364,37.507820248722055,0.6735202563515679,-500,True,37.5,36.5,38.6,0.95,0.05,0.0,0.7,0.03,2,1784172750.5370338,False,True,True,False,1784172635.1333015,0,0,0,0,False
1783947642.4476278,20,1784172760.5167992,37.51850156404974,0.6732913710231174,-500,True,37.5,36.5,38.6,0.95,0.05,0.0,0.7,0.03,2,1784172770.5428412,False,True,True,False,1784172635.1333015,0,0,0,0,False
1783947642.4476278,20,1784172780.522648,37.526512550545505,0.6734248874647135,-500,True,37.5,36.5,38.6,0.95,0.05,0.0,0.7,0.03,2,1784172790.5487432,False,True,True,False,1784172635.1333015,0,0,0,0,False
1783947642.4476278,20,1784172800.5285115,37.48645761806668,0.6735774776836805,-500,True,37.5,36.5,38.6,0.95,0.05,0.0,0.7,0.03,2,1784172810.5545616,False,True,True,True,1784172815.133339,0,0,1,0,False
1783947642.4476278,20,1784172820.5343137,37.470435645075156,0.6733295185778592,-500,True,37.5,36.5,38.6,0.95,0.05,0.0,0.7,0.03,2,1784172830.5604274,False,True,True,True,1784172815.133339,0,0,1,0,False
1783947642.4476278,20,1784172840.5401788,37.43305104142824,0.6731960021362631,-500,True,37.5,36.5,38.6,0.95,0.05,0.0,0.7,0.03,2,1784172850.566224,False,True,True,False,1784172815.133339,0,0,1,0,False
1783947642.4476278,20,1784172860.546022,37.44373235675593,0.6736156252384222,-500,True,37.5,36.5,38.6,0.95,0.05,0.0,0.7,0.03,2,1784172870.5720594,False,True,True,False,1784172815.133339,0,0,1,0,False
1783947642.4476278,20,1784172880.5519135,37.45708400091554,0.6732150759136339,-500,True,37.5,36.5,38.6,0.95,0.05,0.0,0.7,0.03,2,1784172890.5779507,False,True,True,False,1784172815.133339,0,0,1,0,False
1783947642.4476278,20,1784172900.5576627,37.48645761806668,0.6732341496910048,-500,True,37.5,36.5,38.6,0.95,0.05,0.0,0.7,0.03,2,1784172910.5836933,False,True,True,False,1784172815.133339,0,0,1,0,False
1783947642.4476278,20,1784172920.563494,37.48645761806668,0.6732341496910048,-500,True,37.5,36.5,38.6,0.95,0.05,0.0,0.7,0.03,2,1784172930.5895422,False,True,True,False,1784172815.133339,0,0,1,0,False
1783947642.4476278,20,1784172940.5692806,37.50247959105822,0.6731960021362631,-500,True,37.5,36.5,38.6,0.95,0.05,0.0,0.7,0.03,2,1784172950.5952795,False,True,True,False,1784172815.133339,0,0,0,0,False
1783947642.4476278,20,1784172960.5750394,37.49713893339437,0.6731197070267796,-500,True,37.5,36.5,38.6,0.95,0.05,0.0,0.7,0.03,2,1784172970.601035,False,True,True,False,1784172815.133339,0,0,1,0,False
1783947642.4476278,20,1784172980.5807617,37.51049057755398,0.6734439612420844,-500,True,37.5,36.5,38.6,0.95,0.05,0.0,0.7,0.03,2,1784172990.6068032,False,True,True,True,1784172995.133356,0,0,0,0,False
1783947642.4476278,20,1784173000.586595,37.507820248722055,0.6734821087968261,-500,True,37.5,36.5,38.6,0.95,0.05,0.0,0.7,0.03,2,1784173010.6126955,False,True,True,True,1784172995.133356,0,0,0,0,False
1783947642.4476278,20,1784173020.5924764,37.44373235675593,0.6730434119172961,-500,True,37.5,36.5,38.6,0.95,0.05,0.0,0.7,0.03,2,1784173030.6185312,False,True,True,False,1784172995.133356,0,0,1,0,False
1783947642.4476278,20,1784173040.5983312,37.45975432974747,0.6730815594720378,-500,True,37.5,36.5,38.6,0.95,0.05,0.0,0.7,0.03,2,1784173050.6244683,False,True,True,False,1784172995.133356,0,0,1,0,False
1783947642.4476278,20,1784173060.6040943,37.50247959105822,0.6732722972457466,-500,True,37.5,36.5,38.6,0.95,0.05,0.0,0.7,0.03,2,1784173070.6301684,False,True,True,False,1784172995.133356,0,0,0,0,False
1783947642.4476278,20,1784173080.6099799,37.489127946898606,0.6732913710231174,-500,True,37.5,36.5,38.6,0.95,0.05,0.0,0.7,0.03,2,1784173090.6359499,False,True,True,False,1784172995.133356,0,0,1,0,False
1783947642.4476278,20,1784173100.6157064,37.48645761806668,0.6732913710231174,-500,True,37.5,36.5,38.6,0.95,0.05,0.0,0.7,0.03,2,1784173110.641774,False,True,True,False,1784172995.133356,0,0,1,0,False
1783947642.4476278,20,1784173120.6215239,37.49713893339437,0.6731769283588922,-500,True,37.5,36.5,38.6,0.95,0.05,0.0,0.7,0.03,2,1784173130.6475482,False,True,True,False,1784172995.133356,0,0,1,0,False
1783947642.4476278,20,1784173140.6273236,37.507820248722055,0.6735965514610514,-500,True,37.5,36.5,38.6,0.95,0.05,0.0,0.7,0.03,2,1784173150.653588,False,True,True,False,1784172995.133356,0,0,0,0,False
1783947642.4476278,20,1784173160.633184,37.52384222171359,0.6730815594720378,-500,True,37.5,36.5,38.6,0.95,0.05,0.0,0.7,0.03,2,1784173170.6592,False,True,True,True,1784173175.1333926,0,0,0,0,False
1783947642.4476278,20,1784173180.6389933,37.49446860456244,0.6732150759136339,-500,True,37.5,36.5,38.6,0.95,0.05,0.0,0.7,0.03,2,1784173190.6650174,False,True,True,True,1784173175.1333926,0,0,1,0,False
1783947642.4476278,20,1784173200.6447566,37.45975432974747,0.6732341496910048,-500,True,37.5,36.5,38.6,0.95,0.05,0.0,0.7,0.03,2,1784173210.6709182,False,True,True,False,1784173175.1333926,0,0,1,0,False
1783947642.4476278,20,1784173220.6507123,37.43305104142824,0.6731006332494087,-500,True,37.5,36.5,38.6,0.95,0.05,0.0,0.7,0.03,2,1784173230.6767867,False,True,True,False,1784173175.1333926,0,0,1,0,False
1783947642.4476278,20,1784173240.6565046,37.470435645075156,0.6731769283588922,-500,True,37.5,36.5,38.6,0.95,0.05,0.0,0.7,0.03,2,1784173250.6827476,False,True,True,False,1784173175.1333926,0,0,1,0,False
1783947642.4476278,20,1784173260.6625352,37.48645761806668,0.6729671168078126,-500,True,37.5,36.5,38.6,0.95,0.05,0.0,0.7,0.03,2,1784173270.6886582,False,True,True,False,1784173175.1333926,0,0,1,0,False
1783947642.4476278,20,1784173280.6683924,37.50514991989013,0.6733104448004883,-500,True,37.5,36.5,38.6,0.95,0.05,0.0,0.7,0.03,2,1784173290.6945796,False,True,True,False,1784173175.1333926,0,0,0,0,False
1783947642.4476278,20,1784173300.6742425,37.513160906385906,0.6731197070267796,-500,True,37.5,36.5,38.6,0.95,0.05,0.0,0.7,0.03,2,1784173310.7002292,False,True,True,False,1784173175.1333926,0,0,0,0,False
1783947642.4476278,20,1784173320.6800177,37.49179827573053,0.6731769283588922,-500,True,37.5,36.5,38.6,0.95,0.05,0.0,0.7,0.03,2,1784173330.7060785,False,True,True,False,1784173175.1333926,0,0,1,0,False
1783947642.4476278,20,1784173340.685801,37.49179827573053,0.6734058136873426,-500,True,37.5,36.5,38.6,0.95,0.05,0.0,0.7,0.03,2,1784173350.7118394,False,True,True,True,1784173355.1334298,0,0,1,0,False
1783947642.4476278,20,1784173360.6915905,37.465094987411305,0.6732341496910048,-500,True,37.5,36.5,38.6,0.95,0.05,0.0,0.7,0.03,2,1784173370.7176166,False,True,True,True,1784173355.1334298,0,0,1,0,False
1783947642.4476278,20,1784173380.6973915,37.45708400091554,0.6731006332494087,-500,True,37.5,36.5,38.6,0.95,0.05,0.0,0.7,0.03,2,1784173390.723461,False,True,True,False,1784173355.1334298,0,0,1,0,False
1783947642.4476278,20,1784173400.7032309,37.470435645075156,0.6732150759136339,-500,True,37.5,36.5,38.6,0.95,0.05,0.0,0.7,0.03,2,1784173410.729349,False,True,True,False,1784173355.1334298,0,0,1,0,False
1783947642.4476278,20,1784173420.709184,37.50247959105822,0.6731960021362631,-500,True,37.5,36.5,38.6,0.95,0.05,0.0,0.7,0.03,2,1784173430.735265,False,True,True,False,1784173355.1334298,0,0,0,0,False
1783947642.4476278,20,1784173440.7150173,37.507820248722055,0.6731960021362631,-500,True,37.5,36.5,38.6,0.95,0.05,0.0,0.7,0.03,2,1784173450.7411184,False,True,True,False,1784173355.1334298,0,0,0,0,False
1783947642.4476278,20,1784173460.7207515,37.507820248722055,0.6730052643625544,-500,True,37.5,36.5,38.6,0.95,0.05,0.0,0.7,0.03,2,1784173470.7469523,False,True,True,False,1784173355.1334298,0,0,0,0,False
1783947642.4476278,20,1784173480.726595,37.483787289234755,0.6731578545815213,-500,True,37.5,36.5,38.6,0.95,0.05,0.0,0.7,0.03,2,1784173490.752702,False,True,True,False,1784173355.1334298,0,0,1,0,False
1783947642.4476278,20,1784173500.7323503,37.465094987411305,0.6730815594720378,-500,True,37.5,36.5,38.6,0.95,0.05,0.0,0.7,0.03,2,1784173510.7586584,False,True,True,False,1784173355.1334298,0,0,1,0,False
1783947642.4476278,20,1784173520.7384171,37.48645761806668,0.6730052643625544,-500,True,37.5,36.5,38.6,0.95,0.05,0.0,0.7,0.03,2,1784173530.7644424,False,True,True,True,1784173535.1334598,0,0,1,0,False
1783947642.4476278,20,1784173540.744205,37.47577630273899,0.6730815594720378,-500,True,37.5,36.5,38.6,0.95,0.05,0.0,0.7,0.03,2,1784173550.7703042,False,True,True,True,1784173535.1334598,0,0,1,0,False
1783947642.4476278,20,1784173560.750105,37.438391699092094,0.6734630350194553,-500,True,37.5,36.5,38.6,0.95,0.05,0.0,0.7,0.03,2,1784173570.7761738,False,True,True,False,1784173535.1334598,0,0,1,0,False
1783947642.4476278,20,1784173580.755932,37.47310597390707,0.6729671168078126,-500,True,37.5,36.5,38.6,0.95,0.05,0.0,0.7,0.03,2,1784173590.7820292,False,True,True,False,1784173535.1334598,0,0,1,0,False
1783947642.4476278,20,1784173600.761756,37.481116960402844,0.6730815594720378,-500,True,37.5,36.5,38.6,0.95,0.05,0.0,0.7,0.03,2,1784173610.7877946,False,True,True,False,1784173535.1334598,0,0,1,0,False
1783947642.4476278,20,1784173620.7675397,37.49179827573053,0.6731006332494087,-500,True,37.5,36.5,38.6,0.95,0.05,0.0,0.7,0.03,2,1784173630.7937763,False,True,True,False,1784173535.1334598,0,0,1,0,False
1783947642.4476278,20,1784173640.7733662,37.507820248722055,0.6731197070267796,-500,True,37.5,36.5,38.6,0.95,0.05,0.0,0.7,0.03,2,1784173650.799422,False,True,True,False,1784173535.1334598,0,0,0,0,False
1783947642.4476278,20,1784173660.779197,37.51850156404974,0.6733295185778592,-500,True,37.5,36.5,38.6,0.95,0.05,0.0,0.7,0.03,2,1784173670.8052416,False,True,True,False,1784173535.1334598,0,0,0,0,False
1783947642.4476278,20,1784173680.7850542,37.49980926222629,0.673062485694667,-500,True,37.5,36.5,38.6,0.95,0.05,0.0,0.7,0.03,2,1784173690.8111312,False,True,True,False,1784173535.1334598,0,0,1,0,False
1783947642.4476278,20,1784173700.7909608,37.49179827573053,0.6732150759136339,-500,True,37.5,36.5,38.6,0.95,0.05,0.0,0.7,0.03,2,1784173710.8172212,False,True,True,True,1784173715.133467,0,0,1,0,False
1783947642.4476278,20,1784173720.7968063,37.481116960402844,0.6732532234683757,-500,True,37.5,36.5,38.6,0.95,0.05,0.0,0.7,0.03,2,1784173730.823025,False,True,True,True,1784173715.133467,0,0,1,0,False
1783947642.4476278,20,1784173740.8027,37.45975432974747,0.6729480430304418,-500,True,37.5,36.5,38.6,0.95,0.05,0.0,0.7,0.03,2,1784173750.8293285,False,True,True,False,1784173715.133467,0,0,1,0,False
1783947642.4476278,20,1784173760.8090484,37.49713893339437,0.6729671168078126,-500,True,37.5,36.5,38.6,0.95,0.05,0.0,0.7,0.03,2,1784173770.8350909,False,True,True,False,1784173715.133467,0,0,1,0,False
1783947642.4476278,20,1784173780.8148725,37.489127946898606,0.6732341496910048,-500,True,37.5,36.5,38.6,0.95,0.05,0.0,0.7,0.03,2,1784173790.8408926,False,True,True,False,1784173715.133467,0,0,1,0,False
1783947642.4476278,20,1784173800.820647,37.48645761806668,0.6732341496910048,-500,True,37.5,36.5,38.6,0.95,0.05,0.0,0.7,0.03,2,1784173810.846657,False,True,True,False,1784173715.133467,0,0,1,0,False
1783947642.4476278,20,1784173820.8264766,37.507820248722055,0.6729289692530709,-500,True,37.5,36.5,38.6,0.95,0.05,0.0,0.7,0.03,2,1784173830.852516,False,True,True,False,1784173715.133467,0,0,0,0,False
1783947642.4476278,20,1784173840.8322635,37.53452353704128,0.6732913710231174,-500,True,37.5,36.5,38.6,0.95,0.05,0.0,0.7,0.03,2,1784173850.8583288,False,True,True,False,1784173715.133467,0,0,0,0,False
1783947642.4476278,20,1784173860.8380988,37.507820248722055,0.6732722972457466,-500,True,37.5,36.5,38.6,0.95,0.05,0.0,0.7,0.03,2,1784173870.8641038,False,True,True,False,1784173715.133467,0,0,0,0,False
1783947642.4476278,20,1784173880.843872,37.49980926222629,0.6731960021362631,-500,True,37.5,36.5,38.6,0.95,0.05,0.0,0.7,0.03,2,1784173890.8699327,False,True,True,True,1784173895.133477,0,0,1,0,False
1783947642.4476278,20,1784173900.8496604,37.45441367208362,0.6730243381399252,-500,True,37.5,36.5,38.6,0.95,0.05,0.0,0.7,0.03,2,1784173910.8756595,False,True,True,True,1784173895.133477,0,0,1,0,False
1783947642.4476278,20,1784173920.855495,37.44373235675593,0.6729671168078126,-500,True,37.5,36.5,38.6,0.95,0.05,0.0,0.7,0.03,2,1784173930.8815546,False,True,True,False,1784173895.133477,0,0,1,0,False
1783947642.4476278,20,1784173940.8612623,37.45975432974747,0.6730243381399252,-500,True,37.5,36.5,38.6,0.95,0.05,0.0,0.7,0.03,2,1784173950.8872757,False,True,True,False,1784173895.133477,0,0,1,0,False
1783947642.4476278,20,1784173960.8670554,37.470435645075156,0.6729289692530709,-500,True,37.5,36.5,38.6,0.95,0.05,0.0,0.7,0.03,2,1784173970.8930802,False,True,True,False,1784173895.133477,0,0,1,0,False
1783947642.4476278,20,1784173980.8728218,37.49980926222629,0.6730243381399252,-500,True,37.5,36.5,38.6,0.95,0.05,0.0,0.7,0.03,2,1784173990.898867,False,True,True,False,1784173895.133477,0,0,1,0,False
1783947642.4476278,20,1784174000.8786411,37.507820248722055,0.6730434119172961,-500,True,37.5,36.5,38.6,0.95,0.05,0.0,0.7,0.03,2,1784174010.9046054,False,True,True,False,1784173895.133477,0,0,0,0,False
1783947642.4476278,20,1784174020.8843796,37.49713893339437,0.6731006332494087,-500,True,37.5,36.5,38.6,0.95,0.05,0.0,0.7,0.03,2,1784174030.910494,False,True,True,False,1784173895.133477,0,0,1,0,False
1783947642.4476278,20,1784174040.8902433,37.48645761806668,0.6732341496910048,-500,True,37.5,36.5,38.6,0.95,0.05,0.0,0.7,0.03,2,1784174050.9162955,False,True,True,False,1784173895.133477,0,0,1,0,False
1783947642.4476278,20,1784174060.8960574,37.481116960402844,0.6730243381399252,-500,True,37.5,36.5,38.6,0.95,0.05,0.0,0.7,0.03,2,1784174070.922231,False,True,True,True,1784174075.1334867,0,0,1,0,False
1783947642.4476278,20,1784174080.9019732,37.50514991989013,0.6731197070267796,-500,True,37.5,36.5,38.6,0.95,0.05,0.0,0.7,0.03,2,1784174090.9279344,False,True,True,True,1784174075.1334867,0,0,0,0,False
1783947642.4476278,20,1784174100.907728,37.465094987411305,0.6726619363698787,-500,True,37.5,36.5,38.6,0.95,0.05,0.0,0.7,0.03,2,1784174110.9339302,False,True,True,False,1784174075.1334867,0,0,1,0,False
1783947642.4476278,20,1784174120.9135158,37.481116960402844,0.6729480430304418,-500,True,37.5,36.5,38.6,0.95,0.05,0.0,0.7,0.03,2,1784174130.9395578,False,True,True,False,1784174075.1334867,0,0,1,0,False
1783947642.4476278,20,1784174140.919358,37.49179827573053,0.6729671168078126,-500,True,37.5,36.5,38.6,0.95,0.05,0.0,0.7,0.03,2,1784174150.9454927,False,True,True,False,1784174075.1334867,0,0,1,0,False
1783947642.4476278,20,1784174160.9251606,37.481116960402844,0.6726047150377661,-500,True,37.5,36.5,38.6,0.95,0.05,0.0,0.7,0.03,2,1784174170.9511995,False,True,True,False,1784174075.1334867,0,0,1,0,False
1783947642.4476278,20,1784174180.930965,37.50514991989013,0.6729098954757,-500,True,37.5,36.5,38.6,0.95,0.05,0.0,0.7,0.03,2,1784174190.956963,False,True,True,False,1784174075.1334867,0,0,0,0,False
1783947642.4476278,20,1784174200.9367194,37.513160906385906,0.673062485694667,-500,True,37.5,36.5,38.6,0.95,0.05,0.0,0.7,0.03,2,1784174210.9628873,False,True,True,False,1784174075.1334867,0,0,0,0,False
1783947642.4476278,20,1784174220.942544,37.50247959105822,0.6729671168078126,-500,True,37.5,36.5,38.6,0.95,0.05,0.0,0.7,0.03,2,1784174230.9685326,False,True,True,False,1784174075.1334867,0,0,0,0,False
1783947642.4476278,20,1784174240.9483886,37.48645761806668,0.6730052643625544,-500,True,37.5,36.5,38.6,0.95,0.05,0.0,0.7,0.03,2,1784174250.9744625,False,True,True,True,1784174255.1335077,0,0,1,0,False
1783947642.4476278,20,1784174260.954231,37.48645761806668,0.6730434119172961,-500,True,37.5,36.5,38.6,0.95,0.05,0.0,0.7,0.03,2,1784174270.980207,False,True,True,True,1784174255.1335077,0,0,1,0,False
1783947642.4476278,20,1784174280.9599638,37.43572137026017,0.6729671168078126,-500,True,37.5,36.5,38.6,0.95,0.05,0.0,0.7,0.03,2,1784174290.9860535,False,True,True,False,1784174255.1335077,0,0,1,0,False
1783947642.4476278,20,1784174300.9657795,37.44907301441978,0.672623788815137,-500,True,37.5,36.5,38.6,0.95,0.05,0.0,0.7,0.03,2,1784174310.9919634,False,True,True,False,1784174255.1335077,0,0,1,0,False
1783947642.4476278,20,1784174320.9716227,37.465094987411305,0.6728908216983291,-500,True,37.5,36.5,38.6,0.95,0.05,0.0,0.7,0.03,2,1784174330.9977033,False,True,True,False,1784174255.1335077,0,0,1,0,False
1783947642.4476278,20,1784174340.977452,37.507820248722055,0.6733295185778592,-500,True,37.5,36.5,38.6,0.95,0.05,0.0,0.7,0.03,2,1784174351.0035284,False,True,True,False,1784174255.1335077,0,0,0,0,False
1783947642.4476278,20,1784174360.9833674,37.49713893339437,0.6729098954757,-500,True,37.5,36.5,38.6,0.95,0.05,0.0,0.7,0.03,2,1784174371.009505,False,True,True,False,1784174255.1335077,0,0,1,0,False
1783947642.4476278,20,1784174380.9892354,37.51049057755398,0.6730434119172961,-500,True,37.5,36.5,38.6,0.95,0.05,0.0,0.7,0.03,2,1784174391.0152667,False,True,True,False,1784174255.1335077,0,0,0,0,False
1783947642.4476278,20,1784174400.9950743,37.49713893339437,0.6730052643625544,-500,True,37.5,36.5,38.6,0.95,0.05,0.0,0.7,0.03,2,1784174411.0210989,True,False,True,False,1784174255.1335077,0,0,1,0,False
1783947642.4476278,20,1784174421.0008187,37.52918287937743,0.6730434119172961,-500,True,37.5,36.5,38.6,0.95,0.05,0.0,0.7,0.03,2,1784174431.0268292,True,False,True,True,1784174435.133542,0,0,0,0,False
1783947642.4476278,20,1784174441.0066245,37.48645761806668,0.6727000839246204,-500,True,37.5,36.5,38.6,0.95,0.05,0.0,0.7,0.03,2,1784174451.03265,True,False,True,True,1784174435.133542,0,0,1,0,False
1783947642.4476278,20,1784174461.0124006,37.50247959105822,0.6730052643625544,-500,True,37.5,36.5,38.6,0.95,0.05,0.0,0.7,0.03,2,1784174471.038435,True,False,True,False,1784174435.133542,0,0,0,0,False
1783947642.4476278,20,1784174481.0182166,37.47310597390707,0.6729671168078126,-500,True,37.5,36.5,38.6,0.95,0.05,0.0,0.7,0.03,2,1784174491.0441525,True,False,True,False,1784174435.133542,0,0,1,0,False
1783947642.4476278,20,1784174501.0239327,37.49179827573053,0.6725665674830243,-500,True,37.5,36.5,38.6,0.95,0.05,0.0,0.7,0.03,2,1784174511.050013,True,False,True,False,1784174435.133542,0,0,1,0,False
1783947642.4476278,20,1784174521.0297372,37.48645761806668,0.6728717479209583,-500,True,37.5,36.5,38.6,0.95,0.05,0.0,0.7,0.03,2,1784174531.0557475,True,False,True,False,1784174435.133542,0,0,1,0,False
1783947642.4476278,20,1784174541.035547,37.53452353704128,0.6729861905851835,-500,True,37.5,36.5,38.6,0.95,0.05,0.0,0.7,0.03,2,1784174551.061634,True,False,True,False,1784174435.133542,0,0,0,0,False
1783947642.4476278,20,1784174561.0413961,37.507820248722055,0.6730434119172961,-500,True,37.5,36.5,38.6,0.95,0.05,0.0,0.7,0.03,2,1784174571.0674453,True,False,True,False,1784174435.133542,0,0,0,0,False
1783947642.4476278,20,1784174581.0472124,37.526512550545505,0.6728908216983291,-500,True,37.5,36.5,38.6,0.95,0.05,0.0,0.7,0.03,2,1784174591.0733926,True,False,True,False,1784174435.133542,0,0,0,0,False
1783947642.4476278,20,1784174601.0531077,37.50247959105822,0.6727954528114748,-500,True,37.5,36.5,38.6,0.95,0.05,0.0,0.7,0.03,2,1784174611.0795066,True,False,True,True,1784174615.1335697,0,0,0,0,False
1783947642.4476278,20,1784174621.059169,37.45441367208362,0.6728336003662165,-500,True,37.5,36.5,38.6,0.95,0.05,0.0,0.7,0.03,2,1784174631.085329,True,False,True,True,1784174615.1335697,0,0,1,0,False
1783947642.4476278,20,1784174641.0649526,37.43305104142824,0.6726619363698787,-500,True,37.5,36.5,38.6,0.95,0.05,0.0,0.7,0.03,2,1784174651.09098,True,False,True,False,1784174615.1335697,0,0,1,0,False
1783947642.4476278,20,1784174661.070755,37.44373235675593,0.672623788815137,-500,True,37.5,36.5,38.6,0.95,0.05,0.0,0.7,0.03,2,1784174671.0967567,True,False,True,False,1784174615.1335697,0,0,1,0,False
1783947642.4476278,20,1784174681.0764892,37.46776531624323,0.6727763790341039,-500,True,37.5,36.5,38.6,0.95,0.05,0.0,0.7,0.03,2,1784174691.1026819,True,False,True,False,1784174615.1335697,0,0,1,0,False
1783947642.4476278,20,1784174701.0823116,37.481116960402844,0.6728717479209583,-500,True,37.5,36.5,38.6,0.95,0.05,0.0,0.7,0.03,2,1784174711.1084192,True,False,True,False,1784174615.1335697,0,0,1,0,False
1783947642.4476278,20,1784174721.0881522,37.47577630273899,0.6726428625925078,-500,True,37.5,36.5,38.6,0.95,0.05,0.0,0.7,0.03,2,1784174731.1142454,True,False,True,False,1784174615.1335697,0,0,1,0,False
1783947642.4476278,20,1784174741.0940294,37.49713893339437,0.6731006332494087,-500,True,37.5,36.5,38.6,0.95,0.05,0.0,0.7,0.03,2,1784174751.1199875,True,False,True,False,1784174615.1335697,0,0,1,0,False
1783947642.4476278,20,1784174761.0997791,37.51850156404974,0.6728336003662165,-500,True,37.5,36.5,38.6,0.95,0.05,0.0,0.7,0.03,2,1784174771.1257715,True,False,True,False,1784174615.1335697,0,0,0,0,False
1783947642.4476278,20,1784174781.1056032,37.51049057755398,0.6727763790341039,-500,True,37.5,36.5,38.6,0.95,0.05,0.0,0.7,0.03,2,1784174791.1317704,True,False,True,True,1784174795.133602,0,0,0,0,False
1783947642.4476278,20,1784174801.111399,37.51850156404974,0.6728717479209583,-500,True,37.5,36.5,38.6,0.95,0.05,0.0,0.7,0.03,2,1784174811.137405,True,False,True,True,1784174795.133602,0,0,0,0,False
1783947642.4476278,20,1784174821.11715,37.465094987411305,0.6726810101472496,-500,True,37.5,36.5,38.6,0.95,0.05,0.0,0.7,0.03,2,1784174831.1432092,True,False,True,False,1784174795.133602,0,0,1,0,False
1783947642.4476278,20,1784174841.122969,37.45441367208362,0.6727191577019913,-500,True,37.5,36.5,38.6,0.95,0.05,0.0,0.7,0.03,2,1784174851.1490211,True,False,True,False,1784174795.133602,0,0,1,0,False
1783947642.4476278,20,1784174861.1287518,37.45975432974747,0.6729289692530709,-500,True,37.5,36.5,38.6,0.95,0.05,0.0,0.7,0.03,2,1784174871.1548133,True,False,True,False,1784174795.133602,0,0,1,0,False
1783947642.4476278,20,1784174881.1345856,37.47310597390707,0.6728717479209583,-500,True,37.5,36.5,38.6,0.95,0.05,0.0,0.7,0.03,2,1784174891.1605844,True,False,True,False,1784174795.133602,0,0,1,0,False
1783947642.4476278,20,1784174901.1403246,37.50247959105822,0.6724902723735409,-500,True,37.5,36.5,38.6,0.95,0.05,0.0,0.7,0.03,2,1784174911.1663826,True,False,True,False,1784174795.133602,0,0,0,0,False
1783947642.4476278,20,1784174921.1461396,37.49713893339437,0.6730243381399252,-500,True,37.5,36.5,38.6,0.95,0.05,0.0,0.7,0.03,2,1784174931.17223,True,False,True,False,1784174795.133602,0,0,1,0,False
1783947642.4476278,20,1784174941.151992,37.48645761806668,0.6727000839246204,-500,True,37.5,36.5,38.6,0.95,0.05,0.0,0.7,0.03,2,1784174951.178022,True,False,True,False,1784174795.133602,0,0,1,0,False
1783947642.4476278,20,1784174961.1577234,37.50247959105822,0.6726428625925078,-500,True,37.5,36.5,38.6,0.95,0.05,0.0,0.7,0.03,2,1784174971.1837187,True,False,True,True,1784174975.1336234,0,0,0,0,False
1783947642.4476278,20,1784174981.1635542,37.526512550545505,0.6726428625925078,-500,True,37.5,36.5,38.6,0.95,0.05,0.0,0.7,0.03,2,1784174991.1896217,True,False,True,True,1784174975.1336234,0,0,0,0,False
1783947642.4476278,20,1784175001.1693916,37.49179827573053,0.6730434119172961,-500,True,37.5,36.5,38.6,0.95,0.05,0.0,0.7,0.03,2,1784175011.1954248,True,False,True,False,1784174975.1336234,0,0,1,0,False
1783947642.4476278,20,1784175021.175208,37.481116960402844,0.6726810101472496,-500,True,37.5,36.5,38.6,0.95,0.05,0.0,0.7,0.03,2,1784175031.2012508,True,False,True,False,1784174975.1336234,0,0,1,0,False
1783947642.4476278,20,1784175041.1809995,37.48645761806668,0.6727191577019913,-500,True,37.5,36.5,38.6,0.95,0.05,0.0,0.7,0.03,2,1784175051.2070587,True,False,True,False,1784174975.1336234,0,0,1,0,False
1783947642.4476278,20,1784175061.1868665,37.44907301441978,0.6728336003662165,-500,True,37.5,36.5,38.6,0.95,0.05,0.0,0.7,0.03,2,1784175071.2128863,True,False,True,False,1784174975.1336234,0,0,1,0,False
1783947642.4476278,20,1784175081.192611,37.47310597390707,0.6728908216983291,-500,True,37.5,36.5,38.6,0.95,0.05,0.0,0.7,0.03,2,1784175091.2186582,True,False,True,False,1784174975.1336234,0,0,1,0,False
1783947642.4476278,20,1784175101.1984413,37.49179827573053,0.6726619363698787,-500,True,37.5,36.5,38.6,0.95,0.05,0.0,0.7,0.03,2,1784175111.224382,True,False,True,False,1784174975.1336234,0,0,1,0,False
1783947642.4476278,20,1784175121.2042537,37.507820248722055,0.6728526741435874,-500,True,37.5,36.5,38.6,0.95,0.05,0.0,0.7,0.03,2,1784175131.230305,True,False,True,False,1784174975.1336234,0,0,0,0,False
1783947642.4476278,20,1784175141.2100868,37.49713893339437,0.6726619363698787,-500,True,37.5,36.5,38.6,0.95,0.05,0.0,0.7,0.03,2,1784175151.23617,True,False,True,True,1784175155.1336563,0,0,1,0,False
1783947642.4476278,20,1784175161.2159235,37.47577630273899,0.6725856412603952,-500,True,37.5,36.5,38.6,0.95,0.05,0.0,0.7,0.03,2,1784175171.2421079,True,False,True,True,1784175155.1336563,0,0,1,0,False
1783947642.4476278,20,1784175181.2216945,37.47310597390707,0.6728526741435874,-500,True,37.5,36.5,38.6,0.95,0.05,0.0,0.7,0.03,2,1784175191.2477965,True,False,True,False,1784175155.1336563,0,0,1,0,False
1783947642.4476278,20,1784175201.2275813,37.47577630273899,0.6727382314793622,-500,True,37.5,36.5,38.6,0.95,0.05,0.0,0.7,0.03,2,1784175211.2536085,True,False,True,False,1784175155.1336563,0,0,1,0,False
1783947642.4476278,20,1784175221.2333667,37.507820248722055,0.6728145265888457,-500,True,37.5,36.5,38.6,0.95,0.05,0.0,0.7,0.03,2,1784175231.2594826,True,False,True,False,1784175155.1336563,0,0,0,0,False
1783947642.4476278,20,1784175241.2392685,37.507820248722055,0.6729671168078126,-500,True,37.5,36.5,38.6,0.95,0.05,0.0,0.7,0.03,2,1784175251.2653182,True,False,True,False,1784175155.1336563,0,0,0,0,False
1783947642.4476278,20,1784175261.2451296,37.513160906385906,0.6727763790341039,-500,True,37.5,36.5,38.6,0.95,0.05,0.0,0.7,0.03,2,1784175271.271324,True,False,True,False,1784175155.1336563,0,0,0,0,False
1783947642.4476278,20,1784175281.250945,37.52117189288167,0.6725474937056535,-500,True,37.5,36.5,38.6,0.95,0.05,0.0,0.7,0.03,2,1784175291.2769613,True,False,True,False,1784175155.1336563,0,0,0,0,False
1783947642.4476278,20,1784175301.256725,37.48645761806668,0.6728526741435874,-500,True,37.5,36.5,38.6,0.95,0.05,0.0,0.7,0.03,2,1784175311.282733,True,False,True,False,1784175155.1336563,0,0,1,0,False
1783947642.4476278,20,1784175321.262501,37.470435645075156,0.6725856412603952,-500,True,37.5,36.5,38.6,0.95,0.05,0.0,0.7,0.03,2,1784175331.2884505,True,False,True,True,1784175335.1336741,0,0,1,0,False
1783947642.4476278,20,1784175341.2682173,37.45975432974747,0.6728526741435874,-500,True,37.5,36.5,38.6,0.95,0.05,0.0,0.7,0.03,2,1784175351.2942643,True,False,True,True,1784175335.1336741,0,0,1,0,False
1783947642.4476278,20,1784175361.2740688,37.44907301441978,0.6727191577019913,-500,True,37.5,36.5,38.6,0.95,0.05,0.0,0.7,0.03,2,1784175371.300225,True,False,True,False,1784175335.1336741,0,0,1,0,False
1783947642.4476278,20,1784175381.279801,37.46242465857938,0.6725856412603952,-500,True,37.5,36.5,38.6,0.95,0.05,0.0,0.7,0.03,2,1784175391.305872,True,False,True,False,1784175335.1336741,0,0,1,0,False
1783947642.4476278,20,1784175401.2856014,37.44907301441978,0.6727191577019913,-500,True,37.5,36.5,38.6,0.95,0.05,0.0,0.7,0.03,2,1784175411.3116784,True,False,True,False,1784175335.1336741,0,0,1,0,False
1783947642.4476278,20,1784175421.2914855,37.50247959105822,0.6727954528114748,-500,True,37.5,36.5,38.6,0.95,0.05,0.0,0.7,0.03,2,1784175431.3175201,True,False,True,False,1784175335.1336741,0,0,0,0,False
1783947642.4476278,20,1784175441.2972772,37.507820248722055,0.6726810101472496,-500,True,37.5,36.5,38.6,0.95,0.05,0.0,0.7,0.03,2,1784175451.3233116,True,False,True,False,1784175335.1336741,0,0,0,0,False
1783947642.4476278,20,1784175461.303104,37.48645761806668,0.6726428625925078,-500,True,37.5,36.5,38.6,0.95,0.05,0.0,0.7,0.03,2,1784175471.3291295,True,False,True,False,1784175335.1336741,0,0,1,0,False
1783947642.4476278,20,1784175481.3088684,37.47310597390707,0.6727763790341039,-500,True,37.5,36.5,38.6,0.95,0.05,0.0,0.7,0.03,2,1784175491.335,True,False,True,False,1784175335.1336741,0,0,1,0,False
1783947642.4476278,20,1784175501.3148067,37.481116960402844,0.6726810101472496,-500,True,37.5,36.5,38.6,0.95,0.05,0.0,0.7,0.03,2,1784175511.3408391,True,False,True,True,1784175515.1336997,0,0,1,0,False
1783947642.4476278,20,1784175521.3206012,37.481116960402844,0.6727954528114748,-500,True,37.5,36.5,38.6,0.95,0.05,0.0,0.7,0.03,2,1784175531.3466384,True,False,True,True,1784175515.1336997,0,0,1,0,False
1783947642.4476278,20,1784175541.3264146,37.481116960402844,0.6726810101472496,-500,True,37.5,36.5,38.6,0.95,0.05,0.0,0.7,0.03,2,1784175551.3524528,True,False,True,False,1784175515.1336997,0,0,1,0,False
1783947642.4476278,20,1784175561.3322012,37.49713893339437,0.672757305256733,-500,True,37.5,36.5,38.6,0.95,0.05,0.0,0.7,0.03,2,1784175571.3582063,True,False,True,False,1784175515.1336997,0,0,1,0,False
1783947642.4476278,20,1784175581.3379533,37.49980926222629,0.6727382314793622,-500,True,37.5,36.5,38.6,0.95,0.05,0.0,0.7,0.03,2,1784175591.3639693,True,False,True,False,1784175515.1336997,0,0,1,0,False
1783947642.4476278,20,1784175601.3437645,37.507820248722055,0.6726619363698787,-500,True,37.5,36.5,38.6,0.95,0.05,0.0,0.7,0.03,2,1784175611.3698273,True,False,True,False,1784175515.1336997,0,0,0,0,False
1783947642.4476278,20,1784175621.349584,37.52384222171359,0.6729098954757,-500,True,37.5,36.5,38.6,0.95,0.05,0.0,0.7,0.03,2,1784175631.3755999,True,False,True,False,1784175515.1336997,0,0,0,0,False
1783947642.4476278,20,1784175641.3554604,37.51850156404974,0.6723567559319448,-500,True,37.5,36.5,38.6,0.95,0.05,0.0,0.7,0.03,2,1784175651.3817227,True,False,True,False,1784175515.1336997,0,0,0,0,False
1783947642.4476278,20,1784175661.3613656,37.49179827573053,0.6727382314793622,-500,True,37.5,36.5,38.6,0.95,0.05,0.0,0.7,0.03,2,1784175671.3874788,True,False,True,False,1784175515.1336997,0,0,1,0,False
1783947642.4476278,20,1784175681.3672366,37.49980926222629,0.6726428625925078,-500,True,37.5,36.5,38.6,0.95,0.05,0.0,0.7,0.03,2,1784175691.3934155,True,False,True,True,1784175695.1337123,0,0,1,0,False
1783947642.4476278,20,1784175701.3731294,37.465094987411305,0.6724139772640574,-500,True,37.5,36.5,38.6,0.95,0.05,0.0,0.7,0.03,2,1784175711.3995667,True,False,True,True,1784175695.1337123,0,0,1,0,False
1783947642.4476278,20,1784175721.3792553,37.45441367208362,0.6725474937056535,-500,True,37.5,36.5,38.6,0.95,0.05,0.0,0.7,0.03,2,1784175731.405389,True,False,True,False,1784175695.1337123,0,0,1,0,False
1783947642.4476278,20,1784175741.3850493,37.47577630273899,0.6727191577019913,-500,True,37.5,36.5,38.6,0.95,0.05,0.0,0.7,0.03,2,1784175751.411363,True,False,True,False,1784175695.1337123,0,0,1,0,False
1783947642.4476278,20,1784175761.3909013,37.49179827573053,0.67247119859617,-500,True,37.5,36.5,38.6,0.95,0.05,0.0,0.7,0.03,2,1784175771.4169605,True,False,True,False,1784175695.1337123,0,0,1,0,False
1783947642.4476278,20,1784175781.396725,37.531853208209355,0.6727382314793622,-500,True,37.5,36.5,38.6,0.95,0.05,0.0,0.7,0.03,2,1784175791.4227712,True,False,True,False,1784175695.1337123,0,0,0,0,False
1783947642.4476278,20,1784175801.4025505,37.52384222171359,0.6726047150377661,-500,True,37.5,36.5,38.6,0.95,0.05,0.0,0.7,0.03,2,1784175811.4285352,True,False,True,False,1784175695.1337123,0,0,0,0,False
1783947642.4476278,20,1784175821.4082806,37.507820248722055,0.672757305256733,-500,True,37.5,36.5,38.6,0.95,0.05,0.0,0.7,0.03,2,1784175831.4343166,True,False,True,False,1784175695.1337123,0,0,0,0,False
1783947642.4476278,20,1784175841.4141438,37.49179827573053,0.67247119859617,-500,True,37.5,36.5,38.6,0.95,0.05,0.0,0.7,0.03,2,1784175851.4403856,True,False,True,False,1784175695.1337123,0,0,1,0,False
1783947642.4476278,20,1784175861.419989,37.48645761806668,0.672623788815137,-500,True,37.5,36.5,38.6,0.95,0.05,0.0,0.7,0.03,2,1784175871.4460402,True,False,True,True,1784175875.1337364,0,0,1,0,False
1783947642.4476278,20,1784175881.4257467,37.47310597390707,0.6726428625925078,-500,True,37.5,36.5,38.6,0.95,0.05,0.0,0.7,0.03,2,1784175891.4517531,True,False,True,True,1784175875.1337364,0,0,1,0,False
1783947642.4476278,20,1784175901.4315746,37.45975432974747,0.6724521248187991,-500,True,37.5,36.5,38.6,0.95,0.05,0.0,0.7,0.03,2,1784175911.4576228,True,False,True,False,1784175875.1337364,0,0,1,0,False
1783947642.4476278,20,1784175921.4374287,37.49179827573053,0.67247119859617,-500,True,37.5,36.5,38.6,0.95,0.05,0.0,0.7,0.03,2,1784175931.4635203,True,False,True,False,1784175875.1337364,0,0,1,0,False
1783947642.4476278,20,1784175941.4432924,37.49713893339437,0.6728908216983291,-500,True,37.5,36.5,38.6,0.95,0.05,0.0,0.7,0.03,2,1784175951.4693084,True,False,True,False,1784175875.1337364,0,0,1,0,False
1783947642.4476278,20,1784175961.4490337,37.48645761806668,0.6725284199282826,-500,True,37.5,36.5,38.6,0.95,0.05,0.0,0.7,0.03,2,1784175971.475089,True,False,True,False,1784175875.1337364,0,0,1,0,False
1783947642.4476278,20,1784175981.4548805,37.49980926222629,0.6724139772640574,-500,True,37.5,36.5,38.6,0.95,0.05,0.0,0.7,0.03,2,1784175991.4808953,True,False,True,False,1784175875.1337364,0,0,1,0,False
1783947642.4476278,20,1784176001.4606748,37.507820248722055,0.6725093461509117,-500,True,37.5,36.5,38.6,0.95,0.05,0.0,0.7,0.03,2,1784176011.4867034,True,False,True,False,1784175875.1337364,0,0,0,0,False
1783947642.4476278,20,1784176021.4664972,37.507820248722055,0.6725284199282826,-500,True,37.5,36.5,38.6,0.95,0.05,0.0,0.7,0.03,2,1784176031.4924421,True,False,True,False,1784175875.1337364,0,0,0,0,False
1783947642.4476278,20,1784176041.4722037,37.50247959105822,0.6724902723735409,-500,True,37.5,36.5,38.6,0.95,0.05,0.0,0.7,0.03,2,1784176051.4982395,True,False,True,True,1784176055.133739,0,0,0,0,False
1783947642.4476278,20,1784176061.4780166,37.470435645075156,0.6723567559319448,-500,True,37.5,36.5,38.6,0.95,0.05,0.0,0.7,0.03,2,1784176071.5041404,True,False,True,True,1784176055.133739,0,0,1,0,False
1783947642.4476278,20,1784176081.4839077,37.446402685587856,0.6723949034866865,-500,True,37.5,36.5,38.6,0.95,0.05,0.0,0.7,0.03,2,1784176091.5100098,True,False,True,False,1784176055.133739,0,0,1,0,False
1783947642.4476278,20,1784176101.48976,37.43305104142824,0.6722804608224613,-500,True,37.5,36.5,38.6,0.95,0.05,0.0,0.7,0.03,2,1784176111.5157819,True,False,True,False,1784176055.133739,0,0,1,0,False
1783947642.4476278,20,1784176121.4955587,37.470435645075156,0.6722423132677195,-500,True,37.5,36.5,38.6,0.95,0.05,0.0,0.7,0.03,2,1784176131.5215802,True,False,True,False,1784176055.133739,0,0,1,0,False
1783947642.4476278,20,1784176141.5013149,37.48645761806668,0.6725093461509117,-500,True,37.5,36.5,38.6,0.95,0.05,0.0,0.7,0.03,2,1784176151.5274312,True,False,True,False,1784176055.133739,0,0,1,0,False
1783947642.4476278,20,1784176161.5072203,37.48645761806668,0.6723758297093156,-500,True,37.5,36.5,38.6,0.95,0.05,0.0,0.7,0.03,2,1784176171.5332124,True,False,True,False,1784176055.133739,0,0,1,0,False
1783947642.4476278,20,1784176181.5129724,37.49980926222629,0.6725474937056535,-500,True,37.5,36.5,38.6,0.95,0.05,0.0,0.7,0.03,2,1784176191.5390193,True,False,True,False,1784176055.133739,0,0,1,0,False
1783947642.4476278,20,1784176201.5187986,37.52384222171359,0.6727191577019913,-500,True,37.5,36.5,38.6,0.95,0.05,0.0,0.7,0.03,2,1784176211.544811,True,False,True,False,1784176055.133739,0,0,0,0,False
1783947642.4476278,20,1784176221.524635,37.50247959105822,0.6723376821545739,-500,True,37.5,36.5,38.6,0.95,0.05,0.0,0.7,0.03,2,1784176231.5508215,True,False,True,True,1784176235.133773,0,0,0,0,False
1783947642.4476278,20,1784176241.5304549,37.49179827573053,0.6726619363698787,-500,True,37.5,36.5,38.6,0.95,0.05,0.0,0.7,0.03,2,1784176251.5564456,True,False,True,True,1784176235.133773,0,0,1,0,False
1783947642.4476278,20,1784176261.5362039,37.465094987411305,0.6725665674830243,-500,True,37.5,36.5,38.6,0.95,0.05,0.0,0.7,0.03,2,1784176271.562282,True,False,True,False,1784176235.133773,0,0,1,0,False
1783947642.4476278,20,1784176281.5420377,37.47310597390707,0.6722423132677195,-500,True,37.5,36.5,38.6,0.95,0.05,0.0,0.7,0.03,2,1784176291.5681093,True,False,True,False,1784176235.133773,0,0,1,0,False
1783947642.4476278,20,1784176301.5478907,37.45975432974747,0.6725093461509117,-500,True,37.5,36.5,38.6,0.95,0.05,0.0,0.7,0.03,2,1784176311.5739317,True,False,True,False,1784176235.133773,0,0,1,0,False
1783947642.4476278,20,1784176321.5536473,37.48645761806668,0.6721278706034943,-500,True,37.5,36.5,38.6,0.95,0.05,0.0,0.7,0.03,2,1784176331.579851,True,False,True,False,1784176235.133773,0,0,1,0,False
1783947642.4476278,20,1784176341.559453,37.49713893339437,0.6723949034866865,-500,True,37.5,36.5,38.6,0.95,0.05,0.0,0.7,0.03,2,1784176351.5855765,True,False,True,False,1784176235.133773,0,0,1,0,False
1783947642.4476278,20,1784176361.5653465,37.507820248722055,0.6724521248187991,-500,True,37.5,36.5,38.6,0.95,0.05,0.0,0.7,0.03,2,1784176371.5914085,True,False,True,False,1784176235.133773,0,0,0,0,False
1783947642.4476278,20,1784176381.5712104,37.49980926222629,0.6722041657129778,-500,True,37.5,36.5,38.6,0.95,0.05,0.0,0.7,0.03,2,1784176391.5972269,True,False,True,False,1784176235.133773,0,0,1,0,False
1783947642.4476278,20,1784176401.5769706,37.49713893339437,0.6724330510414283,-500,True,37.5,36.5,38.6,0.95,0.05,0.0,0.7,0.03,2,1784176411.6030495,True,False,True,True,1784176415.1337845,0,0,1,0,False
1783947642.4476278,20,1784176421.5828505,37.47577630273899,0.6726428625925078,-500,True,37.5,36.5,38.6,0.95,0.05,0.0,0.7,0.03,2,1784176431.6091352,True,False,True,True,1784176415.1337845,0,0,1,0,False
1783947642.4476278,20,1784176441.5887227,37.470435645075156,0.6725284199282826,-500,True,37.5,36.5,38.6,0.95,0.05,0.0,0.7,0.03,2,1784176451.6147738,True,False,True,False,1784176415.1337845,0,0,1,0,False
1783947642.4476278,20,1784176461.5945687,37.48645761806668,0.6723567559319448,-500,True,37.5,36.5,38.6,0.95,0.05,0.0,0.7,0.03,2,1784176471.620621,True,False,True,False,1784176415.1337845,0,0,1,0,False
1783947642.4476278,20,1784176481.6003618,37.483787289234755,0.6722804608224613,-500,True,37.5,36.5,38.6,0.95,0.05,0.0,0.7,0.03,2,1784176491.626409,True,False,True,False,1784176415.1337845,0,0,1,0,False
1783947642.4476278,20,1784176501.6061795,37.507820248722055,0.672623788815137,-500,True,37.5,36.5,38.6,0.95,0.05,0.0,0.7,0.03,2,1784176511.6370306,True,False,True,False,1784176415.1337845,0,0,0,0,False
1783947642.4476278,20,1784176521.6167762,37.49713893339437,0.6724139772640574,-500,True,37.5,36.5,38.6,0.95,0.05,0.0,0.7,0.03,2,1784176531.6427956,True,False,True,False,1784176415.1337845,0,0,1,0,False
1783947642.4476278,20,1784176541.6225686,37.48645761806668,0.6722613870450904,-500,True,37.5,36.5,38.6,0.95,0.05,0.0,0.7,0.03,2,1784176551.6485343,True,False,True,False,1784176415.1337845,0,0,1,0,False
1783947642.4476278,20,1784176561.6283169,37.507820248722055,0.6724330510414283,-500,True,37.5,36.5,38.6,0.95,0.05,0.0,0.7,0.03,2,1784176571.6543875,True,False,True,False,1784176415.1337845,0,0,0,0,False
1783947642.4476278,20,1784176581.6341531,37.489127946898606,0.672623788815137,-500,True,37.5,36.5,38.6,0.95,0.05,0.0,0.7,0.03,2,1784176591.6601186,True,False,True,True,1784176595.133812,0,0,1,0,False
1783947642.4476278,20,1784176601.6398726,37.50247959105822,0.6723567559319448,-500,True,37.5,36.5,38.6,0.95,0.05,0.0,0.7,0.03,2,1784176611.6658528,True,False,True,True,1784176595.133812,0,0,0,0,False
1783947642.4476278,20,1784176621.6455936,37.47577630273899,0.672318608377203,-500,True,37.5,36.5,38.6,0.95,0.05,0.0,0.7,0.03,2,1784176631.6716168,True,False,True,False,1784176595.133812,0,0,1,0,False
1783947642.4476278,20,1784176641.6514056,37.45975432974747,0.6722232394903487,-500,True,37.5,36.5,38.6,0.95,0.05,0.0,0.7,0.03,2,1784176651.6774187,True,False,True,False,1784176595.133812,0,0,1,0,False
1783947642.4476278,20,1784176661.6571808,37.49179827573053,0.6719943541618982,-500,True,37.5,36.5,38.6,0.95,0.05,0.0,0.7,0.03,2,1784176671.6832075,True,False,True,False,1784176595.133812,0,0,1,0,False
1783947642.4476278,20,1784176681.6630013,37.47310597390707,0.6722232394903487,-500,True,37.5,36.5,38.6,0.95,0.05,0.0,0.7,0.03,2,1784176691.689036,True,False,True,False,1784176595.133812,0,0,1,0,False
1783947642.4476278,20,1784176701.6687412,37.49713893339437,0.6722041657129778,-500,True,37.5,36.5,38.6,0.95,0.05,0.0,0.7,0.03,2,1784176711.6950223,True,False,True,False,1784176595.133812,0,0,1,0,False
1783947642.4476278,20,1784176721.6747208,37.50247959105822,0.6722423132677195,-500,True,37.5,36.5,38.6,0.95,0.05,0.0,0.7,0.03,2,1784176731.7007668,True,False,True,False,1784176595.133812,0,0,0,0,False
1783947642.4476278,20,1784176741.6805103,37.49713893339437,0.6724902723735409,-500,True,37.5,36.5,38.6,0.95,0.05,0.0,0.7,0.03,2,1784176751.7066326,True,False,True,False,1784176595.133812,0,0,1,0,False
1783947642.4476278,20,1784176761.6864195,37.48645761806668,0.6721469443808652,-500,True,37.5,36.5,38.6,0.95,0.05,0.0,0.7,0.03,2,1784176771.712538,True,False,True,True,1784176775.133848,0,0,1,0,False
1783947642.4476278,20,1784176781.6922698,37.47844663157092,0.6723567559319448,-500,True,37.5,36.5,38.6,0.95,0.05,0.0,0.7,0.03,2,1784176791.7183452,True,False,True,True,1784176775.133848,0,0,1,0,False
1783947642.4476278,20,1784176801.698102,37.45975432974747,0.6722232394903487,-500,True,37.5,36.5,38.6,0.95,0.05,0.0,0.7,0.03,2,1784176811.7242765,True,False,True,False,1784176775.133848,0,0,1,0,False
1783947642.4476278,20,1784176821.703892,37.47577630273899,0.6724330510414283,-500,True,37.5,36.5,38.6,0.95,0.05,0.0,0.7,0.03,2,1784176831.7299774,True,False,True,False,1784176775.133848,0,0,1,0,False
1783947642.4476278,20,1784176841.7097049,37.49713893339437,0.6722423132677195,-500,True,37.5,36.5,38.6,0.95,0.05,0.0,0.7,0.03,2,1784176851.7358947,True,False,True,False,1784176775.133848,0,0,1,0,False
1783947642.4476278,20,1784176861.715582,37.49713893339437,0.672318608377203,-500,True,37.5,36.5,38.6,0.95,0.05,0.0,0.7,0.03,2,1784176871.741736,True,False,True,False,1784176775.133848,0,0,1,0,False
1783947642.4476278,20,1784176881.7213655,37.51583123521782,0.67203250171664,-500,True,37.5,36.5,38.6,0.95,0.05,0.0,0.7,0.03,2,1784176891.7475438,True,False,True,False,1784176775.133848,0,0,0,0,False
1783947642.4476278,20,1784176901.7271974,37.513160906385906,0.6722613870450904,-500,True,37.5,36.5,38.6,0.95,0.05,0.0,0.7,0.03,2,1784176911.7534893,True,False,True,False,1784176775.133848,0,0,0,0,False
1783947642.4476278,20,1784176921.7330022,37.51850156404974,0.6725093461509117,-500,True,37.5,36.5,38.6,0.95,0.05,0.0,0.7,0.03,2,1784176931.759492,True,False,True,False,1784176775.133848,0,0,0,0,False
1783947642.4476278,20,1784176941.7393005,37.47577630273899,0.67203250171664,-500,True,37.5,36.5,38.6,0.95,0.05,0.0,0.7,0.03,2,1784176951.7654204,True,False,True,True,1784176955.133874,0,0,1,0,False
1783947642.4476278,20,1784176961.7451622,37.470435645075156,0.6722423132677195,-500,True,37.5,36.5,38.6,0.95,0.05,0.0,0.7,0.03,2,1784176971.7712052,True,False,True,True,1784176955.133874,0,0,1,0,False
1783947642.4476278,20,1784176981.7509525,37.46242465857938,0.6722041657129778,-500,True,37.5,36.5,38.6,0.95,0.05,0.0,0.7,0.03,2,1784176991.7771027,True,False,True,False,1784176955.133874,0,0,1,0,False
1783947642.4476278,20,1784177001.7569263,37.44373235675593,0.6721660181582361,-500,True,37.5,36.5,38.6,0.95,0.05,0.0,0.7,0.03,2,1784177011.7830024,True,False,True,False,1784176955.133874,0,0,1,0,False
1783947642.4476278,20,1784177021.762768,37.48645761806668,0.6723758297093156,-500,True,37.5,36.5,38.6,0.95,0.05,0.0,0.7,0.03,2,1784177031.78879,True,False,True,False,1784176955.133874,0,0,1,0,False
1783947642.4476278,20,1784177041.7685041,37.50247959105822,0.6721660181582361,-500,True,37.5,36.5,38.6,0.95,0.05,0.0,0.7,0.03,2,1784177051.7945945,True,False,True,False,1784176955.133874,0,0,0,0,False
1783947642.4476278,20,1784177061.7743998,37.48645761806668,0.6720706492713817,-500,True,37.5,36.5,38.6,0.95,0.05,0.0,0.7,0.03,2,1784177071.8004298,True,False,True,False,1784176955.133874,0,0,1,0,False
1783947642.4476278,20,1784177081.7801569,37.526512550545505,0.6724521248187991,-500,True,37.5,36.5,38.6,0.95,0.05,0.0,0.7,0.03,2,1784177091.8061786,True,False,True,False,1784176955.133874,0,0,0,0,False
1783947642.4476278,20,1784177101.785953,37.513160906385906,0.6723949034866865,-500,True,37.5,36.5,38.6,0.95,0.05,0.0,0.7,0.03,2,1784177111.8119524,True,False,True,False,1784176955.133874,0,0,0,0,False
1783947642.4476278,20,1784177121.7917008,37.49713893339437,0.672318608377203,-500,True,37.5,36.5,38.6,0.95,0.05,0.0,0.7,0.03,2,1784177131.81775,True,False,True,True,1784177135.133912,0,0,1,0,False
1783947642.4476278,20,1784177141.7975068,37.45975432974747,0.6720897230487526,-500,True,37.5,36.5,38.6,0.95,0.05,0.0,0.7,0.03,2,1784177151.8236017,True,False,True,True,1784177135.133912,0,0,1,0,False
1783947642.4476278,20,1784177161.8033757,37.44907301441978,0.6721087968261235,-500,True,37.5,36.5,38.6,0.95,0.05,0.0,0.7,0.03,2,1784177171.8293972,True,False,True,False,1784177135.133912,0,0,1,0,False
1783947642.4476278,20,1784177181.8091462,37.49980926222629,0.6720897230487526,-500,True,37.5,36.5,38.6,0.95,0.05,0.0,0.7,0.03,2,1784177191.8352401,True,False,True,False,1784177135.133912,0,0,1,0,False
1783947642.4476278,20,1784177201.8151004,37.507820248722055,0.6723758297093156,-500,True,37.5,36.5,38.6,0.95,0.05,0.0,0.7,0.03,2,1784177211.8411698,True,False,True,False,1784177135.133912,0,0,0,0,False
1783947642.4476278,20,1784177221.8208966,37.48645761806668,0.6720515754940108,-500,True,37.5,36.5,38.6,0.95,0.05,0.0,0.7,0.03,2,1784177231.8469622,True,False,True,False,1784177135.133912,0,0,1,0,False
1783947642.4476278,20,1784177241.8267372,37.507820248722055,0.6719943541618982,-500,True,37.5,36.5,38.6,0.95,0.05,0.0,0.7,0.03,2,1784177251.852745,True,False,True,False,1784177135.133912,0,0,0,0,False
1783947642.4476278,20,1784177261.8325293,37.49713893339437,0.6720134279392691,-500,True,37.5,36.5,38.6,0.95,0.05,0.0,0.7,0.03,2,1784177271.85856,True,False,True,False,1784177135.133912,0,0,1,0,False
1783947642.4476278,20,1784177281.8383372,37.47310597390707,0.67203250171664,-500,True,37.5,36.5,38.6,0.95,0.05,0.0,0.7,0.03,2,1784177291.8645701,True,False,True,False,1784177135.133912,0,0,1,0,False
1783947642.4476278,20,1784177301.8441756,37.465094987411305,0.6721469443808652,-500,True,37.5,36.5,38.6,0.95,0.05,0.0,0.7,0.03,2,1784177311.870249,True,False,True,True,1784177315.1339312,0,0,1,0,False
1783947642.4476278,20,1784177321.8499978,37.481116960402844,0.6719752803845274,-500,True,37.5,36.5,38.6,0.95,0.05,0.0,0.7,0.03,2,1784177331.8759775,True,False,True,True,1784177315.1339312,0,0,1,0,False
1783947642.4476278,20,1784177341.8557858,37.470435645075156,0.6724330510414283,-500,True,37.5,36.5,38.6,0.95,0.05,0.0,0.7,0.03,2,1784177351.8818624,True,False,True,False,1784177315.1339312,0,0,1,0,False
1783947642.4476278,20,1784177361.8615963,37.49713893339437,0.6724902723735409,-500,True,37.5,36.5,38.6,0.95,0.05,0.0,0.7,0.03,2,1784177371.8876035,True,False,True,False,1784177315.1339312,0,0,1,0,False
1783947642.4476278,20,1784177381.8673885,37.51049057755398,0.6719180590524148,-500,True,37.5,36.5,38.6,0.95,0.05,0.0,0.7,0.03,2,1784177391.893552,True,False,True,False,1784177315.1339312,0,0,0,0,False
1783947642.4476278,20,1784177401.8731277,37.513160906385906,0.6721087968261235,-500,True,37.5,36.5,38.6,0.95,0.05,0.0,0.7,0.03,2,1784177411.8991685,True,False,True,False,1784177315.1339312,0,0,0,0,False
1783947642.4476278,20,1784177421.8790119,37.49179827573053,0.6722232394903487,-500,True,37.5,36.5,38.6,0.95,0.05,0.0,0.7,0.03,2,1784177431.9050467,True,False,True,False,1784177315.1339312,0,0,1,0,False
1783947642.4476278,20,1784177441.8848243,37.50247959105822,0.6719943541618982,-500,True,37.5,36.5,38.6,0.95,0.05,0.0,0.7,0.03,2,1784177451.9108286,True,False,True,False,1784177315.1339312,0,0,0,0,False
1783947642.4476278,20,1784177461.890656,37.48645761806668,0.6724139772640574,-500,True,37.5,36.5,38.6,0.95,0.05,0.0,0.7,0.03,2,1784177471.916686,True,False,True,False,1784177315.1339312,0,0,1,0,False
1783947642.4476278,20,1784177481.8964686,37.46242465857938,0.6720897230487526,-500,True,37.5,36.5,38.6,0.95,0.05,0.0,0.7,0.03,2,1784177491.922709,True,False,True,True,1784177495.1339571,0,0,1,0,False
1783947642.4476278,20,1784177501.9022968,37.470435645075156,0.6720134279392691,-500,True,37.5,36.5,38.6,0.95,0.05,0.0,0.7,0.03,2,1784177511.928306,True,False,True,True,1784177495.1339571,0,0,1,0,False
1783947642.4476278,20,1784177521.9080715,37.44373235675593,0.6722232394903487,-500,True,37.5,36.5,38.6,0.95,0.05,0.0,0.7,0.03,2,1784177531.9341295,True,False,True,False,1784177495.1339571,0,0,1,0,False
1783947642.4476278,20,1784177541.9139125,37.45975432974747,0.6720897230487526,-500,True,37.5,36.5,38.6,0.95,0.05,0.0,0.7,0.03,2,1784177551.939886,True,False,True,False,1784177495.1339571,0,0,1,0,False
1783947642.4476278,20,1784177561.9196901,37.49179827573053,0.6721850919356069,-500,True,37.5,36.5,38.6,0.95,0.05,0.0,0.7,0.03,2,1784177571.945722,True,False,True,False,1784177495.1339571,0,0,1,0,False
1783947642.4476278,20,1784177581.9254372,37.51049057755398,0.6721850919356069,-500,True,37.5,36.5,38.6,0.95,0.05,0.0,0.7,0.03,2,1784177591.9514349,True,False,True,False,1784177495.1339571,0,0,0,0,False
1783947642.4476278,20,1784177601.9312263,37.52384222171359,0.6721660181582361,-500,True,37.5,36.5,38.6,0.95,0.05,0.0,0.7,0.03,2,1784177611.9572015,True,False,True,False,1784177495.1339571,0,0,0,0,False
1783947642.4476278,20,1784177621.9369724,37.507820248722055,0.67203250171664,-500,True,37.5,36.5,38.6,0.95,0.05,0.0,0.7,0.03,2,1784177631.9629822,True,False,True,False,1784177495.1339571,0,0,0,0,False
1783947642.4476278,20,1784177641.9428506,37.48645761806668,0.6720515754940108,-500,True,37.5,36.5,38.6,0.95,0.05,0.0,0.7,0.03,2,1784177651.9688377,True,False,True,False,1784177495.1339571,0,0,1,0,False
1783947642.4476278,20,1784177661.9485898,37.470435645075156,0.671727321278706,-500,True,37.5,36.5,38.6,0.95,0.05,0.0,0.7,0.03,2,1784177671.974595,True,False,True,True,1784177675.1339853,0,0,1,0,False
1783947642.4476278,20,1784177681.9544,37.46242465857938,0.6722232394903487,-500,True,37.5,36.5,38.6,0.95,0.05,0.0,0.7,0.03,2,1784177691.980352,True,False,True,True,1784177675.1339853,0,0,1,0,False
1783947642.4476278,20,1784177701.9601626,37.44373235675593,0.6721087968261235,-500,True,37.5,36.5,38.6,0.95,0.05,0.0,0.7,0.03,2,1784177711.9863591,True,False,True,False,1784177675.1339853,0,0,1,0,False
1783947642.4476278,20,1784177721.9661057,37.470435645075156,0.6721087968261235,-500,True,37.5,36.5,38.6,0.95,0.05,0.0,0.7,0.03,2,1784177731.9920876,True,False,True,False,1784177675.1339853,0,0,1,0,False
1783947642.4476278,20,1784177741.9718325,37.48645761806668,0.6721278706034943,-500,True,37.5,36.5,38.6,0.95,0.05,0.0,0.7,0.03,2,1784177751.9978604,True,False,True,False,1784177675.1339853,0,0,1,0,False
1783947642.4476278,20,1784177761.9775782,37.49713893339437,0.6719562066071565,-500,True,37.5,36.5,38.6,0.95,0.05,0.0,0.7,0.03,2,1784177772.0036383,True,False,True,False,1784177675.1339853,0,0,1,0,False
1783947642.4476278,20,1784177781.9834244,37.51049057755398,0.6721087968261235,-500,True,37.5,36.5,38.6,0.95,0.05,0.0,0.7,0.03,2,1784177792.0096695,True,False,True,False,1784177675.1339853,0,0,0,0,False
1783947642.4476278,20,1784177801.9894297,37.52384222171359,0.6721278706034943,-500,True,37.5,36.5,38.6,0.95,0.05,0.0,0.7,0.03,2,1784177812.0154588,True,False,True,False,1784177675.1339853,0,0,0,0,False
1783947642.4476278,20,1784177821.9952397,37.52384222171359,0.6720515754940108,-500,True,37.5,36.5,38.6,0.95,0.05,0.0,0.7,0.03,2,1784177832.021263,True,False,True,False,1784177675.1339853,0,0,0,0,False
1783947642.4476278,20,1784177842.0010343,37.49179827573053,0.671879911497673,-500,True,37.5,36.5,38.6,0.95,0.05,0.0,0.7,0.03,2,1784177852.0270236,True,False,True,True,1784177855.1340196,0,0,1,0,False
1783947642.4476278,20,1784177862.0068429,37.481116960402844,0.6720134279392691,-500,True,37.5,36.5,38.6,0.95,0.05,0.0,0.7,0.03,2,1784177872.0330586,True,False,True,True,1784177855.1340196,0,0,1,0,False
1783947642.4476278,20,1784177882.0126882,37.43572137026017,0.6717463950560769,-500,True,37.5,36.5,38.6,0.95,0.05,0.0,0.7,0.03,2,1784177892.0387626,True,False,True,False,1784177855.1340196,0,0,1,0,False
1783947642.4476278,20,1784177902.0185401,37.44373235675593,0.6717845426108187,-500,True,37.5,36.5,38.6,0.95,0.05,0.0,0.7,0.03,2,1784177912.0445328,True,False,True,False,1784177855.1340196,0,0,1,0,False
1783947642.4476278,20,1784177922.024288,37.45975432974747,0.671879911497673,-500,True,37.5,36.5,38.6,0.95,0.05,0.0,0.7,0.03,2,1784177932.0503366,True,False,True,False,1784177855.1340196,0,0,1,0,False
1783947642.4476278,20,1784177942.0301366,37.44373235675593,0.6718226901655604,-500,True,37.5,36.5,38.6,0.95,0.05,0.0,0.7,0.03,2,1784177952.0561442,True,False,True,False,1784177855.1340196,0,0,1,0,False
1783947642.4476278,20,1784177962.0359218,37.48645761806668,0.6719371328297856,-500,True,37.5,36.5,38.6,0.95,0.05,0.0,0.7,0.03,2,1784177972.0621405,True,False,True,False,1784177855.1340196,0,0,1,0,False
1783947642.4476278,20,1784177982.0417151,37.49446860456244,0.6720706492713817,-500,True,37.5,36.5,38.6,0.95,0.05,0.0,0.7,0.03,2,1784177992.067773,True,False,True,False,1784177855.1340196,0,0,1,0,False
1783947642.4476278,20,1784178002.0475976,37.48645761806668,0.67247119859617,-500,True,37.5,36.5,38.6,0.95,0.05,0.0,0.7,0.03,2,1784178012.0737116,False,True,True,False,1784177855.1340196,0,0,1,0,False
1783947642.4476278,20,1784178022.0534554,37.465094987411305,0.6720515754940108,-500,True,37.5,36.5,38.6,0.95,0.05,0.0,0.7,0.03,2,1784178032.0795407,False,True,True,True,1784178035.1340284,0,0,1,0,False
1783947642.4476278,20,1784178042.0593467,37.44373235675593,0.6716700999465934,-500,True,37.5,36.5,38.6,0.95,0.05,0.0,0.7,0.03,2,1784178052.0854084,False,True,True,True,1784178035.1340284,0,0,1,0,False
1783947642.4476278,20,1784178062.0651743,37.41702906843672,0.671879911497673,-500,True,37.5,36.5,38.6,0.95,0.05,0.0,0.7,0.03,2,1784178072.0912588,False,True,True,False,1784178035.1340284,0,0,1,0,False
1783947642.4476278,20,1784178082.071056,37.43572137026017,0.6718608377203021,-500,True,37.5,36.5,38.6,0.95,0.05,0.0,0.7,0.03,2,1784178092.0972428,False,True,True,False,1784178035.1340284,0,0,1,0,False
1783947642.4476278,20,1784178102.076969,37.470435645075156,0.671879911497673,-500,True,37.5,36.5,38.6,0.95,0.05,0.0,0.7,0.03,2,1784178112.1031384,False,True,True,False,1784178035.1340284,0,0,1,0,False
1783947642.4476278,20,1784178122.0829134,37.465094987411305,0.6720134279392691,-500,True,37.5,36.5,38.6,0.95,0.05,0.0,0.7,0.03,2,1784178132.1090777,False,True,True,False,1784178035.1340284,0,0,1,0,False
1783947642.4476278,20,1784178142.08871,37.481116960402844,0.6716891737239643,-500,True,37.5,36.5,38.6,0.95,0.05,0.0,0.7,0.03,2,1784178152.1148179,False,True,True,False,1784178035.1340284,0,0,1,0,False
1783947642.4476278,20,1784178162.0945556,37.481116960402844,0.6718036163881895,-500,True,37.5,36.5,38.6,0.95,0.05,0.0,0.7,0.03,2,1784178172.1205885,False,True,True,False,1784178035.1340284,0,0,1,0,False
1783947642.4476278,20,1784178182.100319,37.49980926222629,0.6717654688334478,-500,True,37.5,36.5,38.6,0.95,0.05,0.0,0.7,0.03,2,1784178192.1263585,False,True,True,False,1784178035.1340284,0,0,1,0,False
1783947642.4476278,20,1784178202.1061504,37.49713893339437,0.6718608377203021,-500,True,37.5,36.5,38.6,0.95,0.05,0.0,0.7,0.03,2,1784178212.1321325,False,True,True,True,1784178215.1340597,0,0,1,0,False
1783947642.4476278,20,1784178222.1118863,37.49179827573053,0.6721660181582361,-500,True,37.5,36.5,38.6,0.95,0.05,0.0,0.7,0.03,2,1784178232.1380029,False,True,True,True,1784178215.1340597,0,0,1,0,False
1783947642.4476278,20,1784178242.1177096,37.481116960402844,0.6719180590524148,-500,True,37.5,36.5,38.6,0.95,0.05,0.0,0.7,0.03,2,1784178252.1438365,False,True,True,False,1784178215.1340597,0,0,1,0,False
1783947642.4476278,20,1784178262.1236107,37.465094987411305,0.6719180590524148,-500,True,37.5,36.5,38.6,0.95,0.05,0.0,0.7,0.03,2,1784178272.1496131,False,True,True,False,1784178215.1340597,0,0,1,0,False
1783947642.4476278,20,1784178282.1293747,37.49446860456244,0.6719371328297856,-500,True,37.5,36.5,38.6,0.95,0.05,0.0,0.7,0.03,2,1784178292.155398,False,True,True,False,1784178215.1340597,0,0,1,0,False
1783947642.4476278,20,1784178302.1352313,37.507820248722055,0.6719371328297856,-500,True,37.5,36.5,38.6,0.95,0.05,0.0,0.7,0.03,2,1784178312.16134,False,True,True,False,1784178215.1340597,0,0,0,0,False
1783947642.4476278,20,1784178322.1410851,37.52384222171359,0.6720134279392691,-500,True,37.5,36.5,38.6,0.95,0.05,0.0,0.7,0.03,2,1784178332.167087,False,True,True,False,1784178215.1340597,0,0,0,0,False
1783947642.4476278,20,1784178342.1468756,37.49713893339437,0.6718417639429313,-500,True,37.5,36.5,38.6,0.95,0.05,0.0,0.7,0.03,2,1784178352.1731114,False,True,True,False,1784178215.1340597,0,0,1,0,False
1783947642.4476278,20,1784178362.152716,37.507820248722055,0.6719371328297856,-500,True,37.5,36.5,38.6,0.95,0.05,0.0,0.7,0.03,2,1784178372.17881,False,True,True,False,1784178215.1340597,0,0,0,0,False
1783947642.4476278,20,1784178382.1586914,37.483787289234755,0.6718036163881895,-500,True,37.5,36.5,38.6,0.95,0.05,0.0,0.7,0.03,2,1784178392.184771,False,True,True,True,1784178395.134072,0,0,1,0,False
1783947642.4476278,20,1784178402.1644413,37.43305104142824,0.6719562066071565,-500,True,37.5,36.5,38.6,0.95,0.05,0.0,0.7,0.03,2,1784178412.1905003,False,True,True,True,1784178395.134072,0,0,1,0,False
1783947642.4476278,20,1784178422.1702504,37.427710383764406,0.671727321278706,-500,True,37.5,36.5,38.6,0.95,0.05,0.0,0.7,0.03,2,1784178432.1962376,False,True,True,False,1784178395.134072,0,0,1,0,False
1783947642.4476278,20,1784178442.176022,37.45975432974747,0.6718989852750439,-500,True,37.5,36.5,38.6,0.95,0.05,0.0,0.7,0.03,2,1784178452.2022529,False,True,True,False,1784178395.134072,0,0,1,0,False
1783947642.4476278,20,1784178462.1818411,37.47577630273899,0.6719752803845274,-500,True,37.5,36.5,38.6,0.95,0.05,0.0,0.7,0.03,2,1784178472.2078922,False,True,True,False,1784178395.134072,0,0,1,0,False
1783947642.4476278,20,1784178482.1876562,37.47844663157092,0.6719371328297856,-500,True,37.5,36.5,38.6,0.95,0.05,0.0,0.7,0.03,2,1784178492.2137191,False,True,True,False,1784178395.134072,0,0,1,0,False
1783947642.4476278,20,1784178502.1935513,37.48645761806668,0.6719371328297856,-500,True,37.5,36.5,38.6,0.95,0.05,0.0,0.7,0.03,2,1784178512.2196414,False,True,True,False,1784178395.134072,0,0,1,0,False
1783947642.4476278,20,1784178522.1994507,37.47577630273899,0.6718608377203021,-500,True,37.5,36.5,38.6,0.95,0.05,0.0,0.7,0.03,2,1784178532.2254992,False,True,True,False,1784178395.134072,0,0,1,0,False
1783947642.4476278,20,1784178542.205212,37.48645761806668,0.6718417639429313,-500,True,37.5,36.5,38.6,0.95,0.05,0.0,0.7,0.03,2,1784178552.2314038,False,True,True,False,1784178395.134072,0,0,1,0,False
1783947642.4476278,20,1784178562.211186,37.49713893339437,0.6718608377203021,-500,True,37.5,36.5,38.6,0.95,0.05,0.0,0.7,0.03,2,1784178572.2372406,False,True,True,True,1784178575.1340978,0,0,1,0,False
1783947642.4476278,20,1784178582.2170045,37.49980926222629,0.671727321278706,-500,True,37.5,36.5,38.6,0.95,0.05,0.0,0.7,0.03,2,1784178592.2430527,False,True,True,True,1784178575.1340978,0,0,1,0,False
1783947642.4476278,20,1784178602.2228181,37.438391699092094,0.6721660181582361,-500,True,37.5,36.5,38.6,0.95,0.05,0.0,0.7,0.03,2,1784178612.2488434,False,True,True,False,1784178575.1340978,0,0,1,0,False
1783947642.4476278,20,1784178622.2286015,37.481116960402844,0.6717845426108187,-500,True,37.5,36.5,38.6,0.95,0.05,0.0,0.7,0.03,2,1784178632.254658,False,True,True,False,1784178575.1340978,0,0,1,0,False
1783947642.4476278,20,1784178642.2344627,37.481116960402844,0.6718989852750439,-500,True,37.5,36.5,38.6,0.95,0.05,0.0,0.7,0.03,2,1784178652.26053,False,True,True,False,1784178575.1340978,0,0,1,0,False
1783947642.4476278,20,1784178662.2403007,37.48645761806668,0.6717463950560769,-500,True,37.5,36.5,38.6,0.95,0.05,0.0,0.7,0.03,2,1784178672.266415,False,True,True,False,1784178575.1340978,0,0,1,0,False
1783947642.4476278,20,1784178682.2461581,37.49980926222629,0.6716891737239643,-500,True,37.5,36.5,38.6,0.95,0.05,0.0,0.7,0.03,2,1784178692.2721415,False,True,True,False,1784178575.1340978,0,0,1,0,False
1783947642.4476278,20,1784178702.2518857,37.52384222171359,0.6716891737239643,-500,True,37.5,36.5,38.6,0.95,0.05,0.0,0.7,0.03,2,1784178712.278021,False,True,True,False,1784178575.1340978,0,0,0,0,False
1783947642.4476278,20,1784178722.25776,37.48645761806668,0.6719943541618982,-500,True,37.5,36.5,38.6,0.95,0.05,0.0,0.7,0.03,2,1784178732.2838483,False,True,True,False,1784178575.1340978,0,0,1,0,False
1783947642.4476278,20,1784178742.2636244,37.507820248722055,0.6718608377203021,-500,True,37.5,36.5,38.6,0.95,0.05,0.0,0.7,0.03,2,1784178752.2896252,False,True,True,True,1784178755.1341379,0,0,0,0,False
1783947642.4476278,20,1784178762.2693598,37.47577630273899,0.6718226901655604,-500,True,37.5,36.5,38.6,0.95,0.05,0.0,0.7,0.03,2,1784178772.295373,False,True,True,True,1784178755.1341379,0,0,1,0,False
1783947642.4476278,20,1784178782.275165,37.49446860456244,0.6717463950560769,-500,True,37.5,36.5,38.6,0.95,0.05,0.0,0.7,0.03,2,1784178792.3012547,False,True,True,False,1784178755.1341379,0,0,1,0,False
1783947642.4476278,20,1784178802.281085,37.47577630273899,0.6715365835049973,-500,True,37.5,36.5,38.6,0.95,0.05,0.0,0.7,0.03,2,1784178812.3071833,False,True,True,False,1784178755.1341379,0,0,1,0,False
1783947642.4476278,20,1784178822.2869365,37.481116960402844,0.671727321278706,-500,True,37.5,36.5,38.6,0.95,0.05,0.0,0.7,0.03,2,1784178832.3131313,False,True,True,False,1784178755.1341379,0,0,1,0,False
1783947642.4476278,20,1784178842.292724,37.481116960402844,0.6716128786144808,-500,True,37.5,36.5,38.6,0.95,0.05,0.0,0.7,0.03,2,1784178852.3187797,False,True,True,False,1784178755.1341379,0,0,1,0,False
1783947642.4476278,20,1784178862.2985647,37.513160906385906,0.6717845426108187,-500,True,37.5,36.5,38.6,0.95,0.05,0.0,0.7,0.03,2,1784178872.3246112,False,True,True,False,1784178755.1341379,0,0,0,0,False
1783947642.4476278,20,1784178882.3043644,37.52117189288167,0.6719371328297856,-500,True,37.5,36.5,38.6,0.95,0.05,0.0,0.7,0.03,2,1784178892.3303826,False,True,True,False,1784178755.1341379,0,0,0,0,False
1783947642.4476278,20,1784178902.3101773,37.52384222171359,0.6719752803845274,-500,True,37.5,36.5,38.6,0.95,0.05,0.0,0.7,0.03,2,1784178912.3361478,False,True,True,False,1784178755.1341379,0,0,0,0,False
1783947642.4476278,20,1784178922.3158996,37.49179827573053,0.6718226901655604,-500,True,37.5,36.5,38.6,0.95,0.05,0.0,0.7,0.03,2,1784178932.3421304,False,True,True,True,1784178935.1341555,0,0,1,0,False
1783947642.4476278,20,1784178942.3216732,37.470435645075156,0.671727321278706,-500,True,37.5,36.5,38.6,0.95,0.05,0.0,0.7,0.03,2,1784178952.3477066,False,True,True,True,1784178935.1341555,0,0,1,0,False
1783947642.4476278,20,1784178962.3275197,37.45441367208362,0.6715365835049973,-500,True,37.5,36.5,38.6,0.95,0.05,0.0,0.7,0.03,2,1784178972.3535526,False,True,True,False,1784178935.1341555,0,0,1,0,False
1783947642.4476278,20,1784178982.3332977,37.441062027924005,0.6718608377203021,-500,True,37.5,36.5,38.6,0.95,0.05,0.0,0.7,0.03,2,1784178992.3593562,False,True,True,False,1784178935.1341555,0,0,1,0,False
1783947642.4476278,20,1784179002.339148,37.481116960402844,0.6718608377203021,-500,True,37.5,36.5,38.6,0.95,0.05,0.0,0.7,0.03,2,1784179012.3651865,False,True,True,False,1784178935.1341555,0,0,1,0,False
1783947642.4476278,20,1784179022.3449178,37.481116960402844,0.671727321278706,-500,True,37.5,36.5,38.6,0.95,0.05,0.0,0.7,0.03,2,1784179032.371116,False,True,True,False,1784178935.1341555,0,0,1,0,False
1783947642.4476278,20,1784179042.3507125,37.50247959105822,0.6719943541618982,-500,True,37.5,36.5,38.6,0.95,0.05,0.0,0.7,0.03,2,1784179052.3767073,False,True,True,False,1784178935.1341555,0,0,0,0,False
1783947642.4476278,20,1784179062.3564527,37.49713893339437,0.6715365835049973,-500,True,37.5,36.5,38.6,0.95,0.05,0.0,0.7,0.03,2,1784179072.3825204,False,True,True,False,1784178935.1341555,0,0,1,0,False
1783947642.4476278,20,1784179082.3622983,37.47844663157092,0.6717463950560769,-500,True,37.5,36.5,38.6,0.95,0.05,0.0,0.7,0.03,2,1784179092.3882978,False,True,True,False,1784178935.1341555,0,0,1,0,False
1783947642.4476278,20,1784179102.368065,37.49713893339437,0.6720134279392691,-500,True,37.5,36.5,38.6,0.95,0.05,0.0,0.7,0.03,2,1784179112.3941057,False,True,True,True,1784179115.1341577,0,0,1,0,False
1783947642.4476278,20,1784179122.3738549,37.49179827573053,0.6719562066071565,-500,True,37.5,36.5,38.6,0.95,0.05,0.0,0.7,0.03,2,1784179132.3998523,False,True,True,True,1784179115.1341577,0,0,1,0,False
1783947642.4476278,20,1784179142.3796258,37.45975432974747,0.6717463950560769,-500,True,37.5,36.5,38.6,0.95,0.05,0.0,0.7,0.03,2,1784179152.40579,False,True,True,False,1784179115.1341577,0,0,1,0,False
1783947642.4476278,20,1784179162.3856416,37.47577630273899,0.6714984359502556,-500,True,37.5,36.5,38.6,0.95,0.05,0.0,0.7,0.03,2,1784179172.4116826,False,True,True,False,1784179115.1341577,0,0,1,0,False
1783947642.4476278,20,1784179182.3914714,37.49980926222629,0.6718036163881895,-500,True,37.5,36.5,38.6,0.95,0.05,0.0,0.7,0.03,2,1784179192.4175475,False,True,True,False,1784179115.1341577,0,0,1,0,False
1783947642.4476278,20,1784179202.397283,37.507820248722055,0.671441214618143,-500,True,37.5,36.5,38.6,0.95,0.05,0.0,0.7,0.03,2,1784179212.4233394,False,True,True,False,1784179115.1341577,0,0,0,0,False
1783947642.4476278,20,1784179222.4031367,37.507820248722055,0.6714793621728847,-500,True,37.5,36.5,38.6,0.95,0.05,0.0,0.7,0.03,2,1784179232.4291759,False,True,True,False,1784179115.1341577,0,0,0,0,False
1783947642.4476278,20,1784179242.408938,37.49713893339437,0.6716128786144808,-500,True,37.5,36.5,38.6,0.95,0.05,0.0,0.7,0.03,2,1784179252.4351404,False,True,True,False,1784179115.1341577,0,0,1,0,False
1783947642.4476278,20,1784179262.4149075,37.49713893339437,0.6719371328297856,-500,True,37.5,36.5,38.6,0.95,0.05,0.0,0.7,0.03,2,1784179272.4409547,False,True,True,False,1784179115.1341577,0,0,1,0,False
1783947642.4476278,20,1784179282.4207196,37.47310597390707,0.6720706492713817,-500,True,37.5,36.5,38.6,0.95,0.05,0.0,0.7,0.03,2,1784179292.447056,False,True,True,True,1784179295.1341717,0,0,1,0,False
1783947642.4476278,20,1784179302.4267855,37.465094987411305,0.6717845426108187,-500,True,37.5,36.5,38.6,0.95,0.05,0.0,0.7,0.03,2,1784179312.4528897,False,True,True,True,1784179295.1341717,0,0,1,0,False
1783947642.4476278,20,1784179322.4325366,37.43305104142824,0.6718608377203021,-500,True,37.5,36.5,38.6,0.95,0.05,0.0,0.7,0.03,2,1784179332.4585793,False,True,True,False,1784179295.1341717,0,0,1,0,False
1783947642.4476278,20,1784179342.4383438,37.48645761806668,0.6715556572823682,-500,True,37.5,36.5,38.6,0.95,0.05,0.0,0.7,0.03,2,1784179352.464346,False,True,True,False,1784179295.1341717,0,0,1,0,False
1783947642.4476278,20,1784179362.444133,37.52384222171359,0.6720134279392691,-500,True,37.5,36.5,38.6,0.95,0.05,0.0,0.7,0.03,2,1784179372.4701743,False,True,True,False,1784179295.1341717,0,0,0,0,False
1783947642.4476278,20,1784179382.4499514,37.526512550545505,0.6716319523918517,-500,True,37.5,36.5,38.6,0.95,0.05,0.0,0.7,0.03,2,1784179392.4759204,False,True,True,False,1784179295.1341717,0,0,0,0,False
1783947642.4476278,20,1784179402.4556923,37.513160906385906,0.6713649195086595,-500,True,37.5,36.5,38.6,0.95,0.05,0.0,0.7,0.03,2,1784179412.4818797,False,True,True,False,1784179295.1341717,0,0,0,0,False
1783947642.4476278,20,1784179422.4615107,37.48645761806668,0.6715365835049973,-500,True,37.5,36.5,38.6,0.95,0.05,0.0,0.7,0.03,2,1784179432.4875927,False,True,True,False,1784179295.1341717,0,0,1,0,False
1783947642.4476278,20,1784179442.467381,37.470435645075156,0.6714221408407721,-500,True,37.5,36.5,38.6,0.95,0.05,0.0,0.7,0.03,2,1784179452.4934218,False,True,True,False,1784179295.1341717,0,0,1,0,False
1783947642.4476278,20,1784179462.4731658,37.45975432974747,0.6716319523918517,-500,True,37.5,36.5,38.6,0.95,0.05,0.0,0.7,0.03,2,1784179472.4991992,False,True,True,True,1784179475.1341934,0,0,1,0,False
1783947642.4476278,20,1784179482.478955,37.45174334325169,0.6713649195086595,-500,True,37.5,36.5,38.6,0.95,0.05,0.0,0.7,0.03,2,1784179492.5049412,False,True,True,True,1784179475.1341934,0,0,1,0,False
1783947642.4476278,20,1784179502.4847584,37.422369726100555,0.6715175097276265,-500,True,37.5,36.5,38.6,0.95,0.05,0.0,0.7,0.03,2,1784179512.5110514,False,True,True,False,1784179475.1341934,0,0,1,0,False
1783947642.4476278,20,1784179522.4906669,37.44907301441978,0.6713267719539178,-500,True,37.5,36.5,38.6,0.95,0.05,0.0,0.7,0.03,2,1784179532.5166602,False,True,True,False,1784179475.1341934,0,0,1,0,False
1783947642.4476278,20,1784179542.496383,37.470435645075156,0.67159380483711,-500,True,37.5,36.5,38.6,0.95,0.05,0.0,0.7,0.03,2,1784179552.52243,False,True,True,False,1784179475.1341934,0,0,1,0,False
1783947642.4476278,20,1784179562.5022273,37.470435645075156,0.6714221408407721,-500,True,37.5,36.5,38.6,0.95,0.05,0.0,0.7,0.03,2,1784179572.5282252,False,True,True,False,1784179475.1341934,0,0,1,0,False
1783947642.4476278,20,1784179582.5080116,37.51583123521782,0.6716510261692226,-500,True,37.5,36.5,38.6,0.95,0.05,0.0,0.7,0.03,2,1784179592.5340283,False,True,True,False,1784179475.1341934,0,0,0,0,False
1783947642.4476278,20,1784179602.513794,37.53452353704128,0.6716510261692226,-500,True,37.5,36.5,38.6,0.95,0.05,0.0,0.7,0.03,2,1784179612.539786,False,True,True,False,1784179475.1341934,0,0,0,0,False
1783947642.4476278,20,1784179622.5195901,37.48645761806668,0.6715365835049973,-500,True,37.5,36.5,38.6,0.95,0.05,0.0,0.7,0.03,2,1784179632.545642,False,True,True,False,1784179475.1341934,0,0,1,0,False
1783947642.4476278,20,1784179642.525453,37.481116960402844,0.6714602883955139,-500,True,37.5,36.5,38.6,0.95,0.05,0.0,0.7,0.03,2,1784179652.551474,False,True,True,True,1784179655.134221,0,0,1,0,False
1783947642.4476278,20,1784179662.531256,37.48645761806668,0.6719943541618982,-500,True,37.5,36.5,38.6,0.95,0.05,0.0,0.7,0.03,2,1784179672.557289,False,True,True,True,1784179655.134221,0,0,1,0,False
1783947642.4476278,20,1784179682.5370371,37.45174334325169,0.6715747310597391,-500,True,37.5,36.5,38.6,0.95,0.05,0.0,0.7,0.03,2,1784179692.563083,False,True,True,False,1784179655.134221,0,0,1,0,False
1783947642.4476278,20,1784179702.5429363,37.470435645075156,0.6718417639429313,-500,True,37.5,36.5,38.6,0.95,0.05,0.0,0.7,0.03,2,1784179712.5689502,False,True,True,False,1784179655.134221,0,0,1,0,False
1783947642.4476278,20,1784179722.5486917,37.49713893339437,0.6716700999465934,-500,True,37.5,36.5,38.6,0.95,0.05,0.0,0.7,0.03,2,1784179732.5748446,False,True,True,False,1784179655.134221,0,0,1,0,False
1783947642.4476278,20,1784179742.5546114,37.48645761806668,0.6713076981765469,-500,True,37.5,36.5,38.6,0.95,0.05,0.0,0.7,0.03,2,1784179752.5807312,False,True,True,False,1784179655.134221,0,0,1,0,False
1783947642.4476278,20,1784179762.5604649,37.51850156404974,0.6714221408407721,-500,True,37.5,36.5,38.6,0.95,0.05,0.0,0.7,0.03,2,1784179772.5864866,False,True,True,False,1784179655.134221,0,0,0,0,False
1783947642.4476278,20,1784179782.5664067,37.51049057755398,0.6717845426108187,-500,True,37.5,36.5,38.6,0.95,0.05,0.0,0.7,0.03,2,1784179792.5924163,False,True,True,False,1784179655.134221,0,0,0,0,False
1783947642.4476278,20,1784179802.572156,37.513160906385906,0.6713649195086595,-500,True,37.5,36.5,38.6,0.95,0.05,0.0,0.7,0.03,2,1784179812.5981557,False,True,True,False,1784179655.134221,0,0,0,0,False
1783947642.4476278,20,1784179822.5779228,37.48645761806668,0.6716319523918517,-500,True,37.5,36.5,38.6,0.95,0.05,0.0,0.7,0.03,2,1784179832.6039522,False,True,True,True,1784179835.1342583,0,0,1,0,False
1783947642.4476278,20,1784179842.583704,37.465094987411305,0.671441214618143,-500,True,37.5,36.5,38.6,0.95,0.05,0.0,0.7,0.03,2,1784179852.6098242,False,True,True,True,1784179835.1342583,0,0,1,0,False
1783947642.4476278,20,1784179862.5895407,37.44907301441978,0.6716700999465934,-500,True,37.5,36.5,38.6,0.95,0.05,0.0,0.7,0.03,2,1784179872.6156816,False,True,True,False,1784179835.1342583,0,0,1,0,False
1783947642.4476278,20,1784179882.5954223,37.45708400091554,0.6716700999465934,-500,True,37.5,36.5,38.6,0.95,0.05,0.0,0.7,0.03,2,1784179892.6215813,False,True,True,False,1784179835.1342583,0,0,1,0,False
1783947642.4476278,20,1784179902.6012247,37.465094987411305,0.6714602883955139,-500,True,37.5,36.5,38.6,0.95,0.05,0.0,0.7,0.03,2,1784179912.6273246,False,True,True,False,1784179835.1342583,0,0,1,0,False
1783947642.4476278,20,1784179922.6071558,37.48645761806668,0.6712504768444343,-500,True,37.5,36.5,38.6,0.95,0.05,0.0,0.7,0.03,2,1784179932.6332703,False,True,True,False,1784179835.1342583,0,0,1,0,False
1783947642.4476278,20,1784179942.6130385,37.50247959105822,0.6715365835049973,-500,True,37.5,36.5,38.6,0.95,0.05,0.0,0.7,0.03,2,1784179952.639071,False,True,True,False,1784179835.1342583,0,0,0,0,False
1783947642.4476278,20,1784179962.6188605,37.52918287937743,0.6713649195086595,-500,True,37.5,36.5,38.6,0.95,0.05,0.0,0.7,0.03,2,1784179972.6448493,False,True,True,False,1784179835.1342583,0,0,0,0,False
1783947642.4476278,20,1784179982.624625,37.51049057755398,0.6715175097276265,-500,True,37.5,36.5,38.6,0.95,0.05,0.0,0.7,0.03,2,1784179992.650815,False,True,True,False,1784179835.1342583,0,0,0,0,False
1783947642.4476278,20,1784180002.6304464,37.49179827573053,0.6716510261692226,-500,True,37.5,36.5,38.6,0.95,0.05,0.0,0.7,0.03,2,1784180012.656453,False,True,True,True,1784180015.134265,0,0,1,0,False
1783947642.4476278,20,1784180022.6361847,37.48645761806668,0.6714221408407721,-500,True,37.5,36.5,38.6,0.95,0.05,0.0,0.7,0.03,2,1784180032.6622798,False,True,True,True,1784180015.134265,0,0,1,0,False
1783947642.4476278,20,1784180042.6420581,37.44373235675593,0.6715556572823682,-500,True,37.5,36.5,38.6,0.95,0.05,0.0,0.7,0.03,2,1784180052.6680238,False,True,True,False,1784180015.134265,0,0,1,0,False
1783947642.4476278,20,1784180062.647794,37.465094987411305,0.6715747310597391,-500,True,37.5,36.5,38.6,0.95,0.05,0.0,0.7,0.03,2,1784180072.6738539,False,True,True,False,1784180015.134265,0,0,1,0,False
1783947642.4476278,20,1784180082.653596,37.47310597390707,0.6714221408407721,-500,True,37.5,36.5,38.6,0.95,0.05,0.0,0.7,0.03,2,1784180092.679745,False,True,True,False,1784180015.134265,0,0,1,0,False
1783947642.4476278,20,1784180102.6594155,37.481116960402844,0.671727321278706,-500,True,37.5,36.5,38.6,0.95,0.05,0.0,0.7,0.03,2,1784180112.685478,False,True,True,False,1784180015.134265,0,0,1,0,False
1783947642.4476278,20,1784180122.665196,37.49179827573053,0.6711741817349508,-500,True,37.5,36.5,38.6,0.95,0.05,0.0,0.7,0.03,2,1784180132.6912374,False,True,True,False,1784180015.134265,0,0,1,0,False
1783947642.4476278,20,1784180142.6709898,37.52384222171359,0.6714602883955139,-500,True,37.5,36.5,38.6,0.95,0.05,0.0,0.7,0.03,2,1784180152.6970906,False,True,True,False,1784180015.134265,0,0,0,0,False
1783947642.4476278,20,1784180162.6768377,37.513160906385906,0.67159380483711,-500,True,37.5,36.5,38.6,0.95,0.05,0.0,0.7,0.03,2,1784180172.7028306,False,True,True,False,1784180015.134265,0,0,0,0,False
1783947642.4476278,20,1784180182.6826189,37.49446860456244,0.6713649195086595,-500,True,37.5,36.5,38.6,0.95,0.05,0.0,0.7,0.03,2,1784180192.7132244,False,True,True,True,1784180195.1342826,0,0,1,0,False
1783947642.4476278,20,1784180202.693029,37.438391699092094,0.6712314030670634,-500,True,37.5,36.5,38.6,0.95,0.05,0.0,0.7,0.03,2,1784180212.7190897,False,True,True,True,1784180195.1342826,0,0,1,0,False
1783947642.4476278,20,1784180222.6988864,37.43305104142824,0.671288624399176,-500,True,37.5,36.5,38.6,0.95,0.05,0.0,0.7,0.03,2,1784180232.7249498,False,True,True,False,1784180195.1342826,0,0,1,0,False
1783947642.4476278,20,1784180242.7046843,37.45441367208362,0.6713267719539178,-500,True,37.5,36.5,38.6,0.95,0.05,0.0,0.7,0.03,2,1784180252.730691,False,True,True,False,1784180195.1342826,0,0,1,0,False
1783947642.4476278,20,1784180262.7104478,37.45975432974747,0.6715175097276265,-500,True,37.5,36.5,38.6,0.95,0.05,0.0,0.7,0.03,2,1784180272.7365525,False,True,True,False,1784180195.1342826,0,0,1,0,False
1783947642.4476278,20,1784180282.7162435,37.47310597390707,0.6715747310597391,-500,True,37.5,36.5,38.6,0.95,0.05,0.0,0.7,0.03,2,1784180292.7423878,False,True,True,False,1784180195.1342826,0,0,1,0,False
1783947642.4476278,20,1784180302.7220483,37.49713893339437,0.6713458457312886,-500,True,37.5,36.5,38.6,0.95,0.05,0.0,0.7,0.03,2,1784180312.7482367,False,True,True,False,1784180195.1342826,0,0,1,0,False
1783947642.4476278,20,1784180322.7279158,37.49713893339437,0.6714984359502556,-500,True,37.5,36.5,38.6,0.95,0.05,0.0,0.7,0.03,2,1784180332.754101,False,True,True,False,1784180195.1342826,0,0,1,0,False
1783947642.4476278,20,1784180342.7337031,37.48645761806668,0.6716510261692226,-500,True,37.5,36.5,38.6,0.95,0.05,0.0,0.7,0.03,2,1784180352.760438,False,True,True,False,1784180195.1342826,0,0,1,0,False
1783947642.4476278,20,1784180362.7401211,37.53452353704128,0.6715175097276265,-500,True,37.5,36.5,38.6,0.95,0.05,0.0,0.7,0.03,2,1784180372.7662613,False,True,True,True,1784180375.1343033,0,0,0,0,False
1783947642.4476278,20,1784180382.745938,37.51049057755398,0.6713267719539178,-500,True,37.5,36.5,38.6,0.95,0.05,0.0,0.7,0.03,2,1784180392.7721696,False,True,True,True,1784180375.1343033,0,0,0,0,False
1783947642.4476278,20,1784180402.751854,37.48645761806668,0.6711360341802091,-500,True,37.5,36.5,38.6,0.95,0.05,0.0,0.7,0.03,2,1784180412.7780316,False,True,True,False,1784180375.1343033,0,0,1,0,False
1783947642.4476278,20,1784180422.7576497,37.45975432974747,0.6711741817349508,-500,True,37.5,36.5,38.6,0.95,0.05,0.0,0.7,0.03,2,1784180432.7837212,False,True,True,False,1784180375.1343033,0,0,1,0,False
1783947642.4476278,20,1784180442.7634814,37.47577630273899,0.6714984359502556,-500,True,37.5,36.5,38.6,0.95,0.05,0.0,0.7,0.03,2,1784180452.7896237,False,True,True,False,1784180375.1343033,0,0,1,0,False
1783947642.4476278,20,1784180462.7693663,37.507820248722055,0.6714793621728847,-500,True,37.5,36.5,38.6,0.95,0.05,0.0,0.7,0.03,2,1784180472.7955961,False,True,True,False,1784180375.1343033,0,0,0,0,False
1783947642.4476278,20,1784180482.7752702,37.49980926222629,0.6711360341802091,-500,True,37.5,36.5,38.6,0.95,0.05,0.0,0.7,0.03,2,1784180492.8013432,False,True,True,False,1784180375.1343033,0,0,1,0,False
1783947642.4476278,20,1784180502.7810786,37.513160906385906,0.6714221408407721,-500,True,37.5,36.5,38.6,0.95,0.05,0.0,0.7,0.03,2,1784180512.8071847,False,True,True,False,1784180375.1343033,0,0,0,0,False
1783947642.4476278,20,1784180522.7869778,37.507820248722055,0.6713649195086595,-500,True,37.5,36.5,38.6,0.95,0.05,0.0,0.7,0.03,2,1784180532.813027,False,True,True,False,1784180375.1343033,0,0,0,0,False
1783947642.4476278,20,1784180542.7927668,37.49179827573053,0.6712123292896925,-500,True,37.5,36.5,38.6,0.95,0.05,0.0,0.7,0.03,2,1784180552.8188436,False,True,True,True,1784180555.13432,0,0,1,0,False
1783947642.4476278,20,1784180562.7987394,37.45975432974747,0.671002517738613,-500,True,37.5,36.5,38.6,0.95,0.05,0.0,0.7,0.03,2,1784180572.8253787,False,True,True,True,1784180555.13432,0,0,1,0,False
1783947642.4476278,20,1784180582.8049443,37.43572137026017,0.6713458457312886,-500,True,37.5,36.5,38.6,0.95,0.05,0.0,0.7,0.03,2,1784180592.8311958,False,True,True,False,1784180555.13432,0,0,1,0,False
1783947642.4476278,20,1784180602.8109448,37.45441367208362,0.6712123292896925,-500,True,37.5,36.5,38.6,0.95,0.05,0.0,0.7,0.03,2,1784180612.8369925,False,True,True,False,1784180555.13432,0,0,1,0,False
1783947642.4476278,20,1784180622.816718,37.44373235675593,0.6712504768444343,-500,True,37.5,36.5,38.6,0.95,0.05,0.0,0.7,0.03,2,1784180632.8427796,False,True,True,False,1784180555.13432,0,0,1,0,False
1783947642.4476278,20,1784180642.822539,37.47577630273899,0.6714030670634012,-500,True,37.5,36.5,38.6,0.95,0.05,0.0,0.7,0.03,2,1784180652.8485255,False,True,True,False,1784180555.13432,0,0,1,0,False
1783947642.4476278,20,1784180662.828251,37.470435645075156,0.6711360341802091,-500,True,37.5,36.5,38.6,0.95,0.05,0.0,0.7,0.03,2,1784180672.8542852,False,True,True,False,1784180555.13432,0,0,1,0,False
1783947642.4476278,20,1784180682.8340533,37.51049057755398,0.6714602883955139,-500,True,37.5,36.5,38.6,0.95,0.05,0.0,0.7,0.03,2,1784180692.8600805,False,True,True,False,1784180555.13432,0,0,0,0,False
1783947642.4476278,20,1784180702.8398662,37.52384222171359,0.6711741817349508,-500,True,37.5,36.5,38.6,0.95,0.05,0.0,0.7,0.03,2,1784180712.8659368,False,True,True,False,1784180555.13432,0,0,0,0,False
1783947642.4476278,20,1784180722.845643,37.50247959105822,0.6713458457312886,-500,True,37.5,36.5,38.6,0.95,0.05,0.0,0.7,0.03,2,1784180732.8716435,False,True,True,True,1784180735.1343598,0,0,0,0,False
1783947642.4476278,20,1784180742.8514416,37.45975432974747,0.6712314030670634,-500,True,37.5,36.5,38.6,0.95,0.05,0.0,0.7,0.03,2,1784180752.8774817,False,True,True,True,1784180735.1343598,0,0,1,0,False
1783947642.4476278,20,1784180762.8572268,37.44373235675593,0.6709834439612421,-500,True,37.5,36.5,38.6,0.95,0.05,0.0,0.7,0.03,2,1784180772.8832784,False,True,True,False,1784180735.1343598,0,0,1,0,False
1783947642.4476278,20,1784180782.8630626,37.42504005493248,0.6711360341802091,-500,True,37.5,36.5,38.6,0.95,0.05,0.0,0.7,0.03,2,1784180792.8891118,False,True,True,False,1784180735.1343598,0,0,1,0,False
1783947642.4476278,20,1784180802.8688664,37.44373235675593,0.6712123292896925,-500,True,37.5,36.5,38.6,0.95,0.05,0.0,0.7,0.03,2,1784180812.8949735,False,True,True,False,1784180735.1343598,0,0,1,0,False
1783947642.4476278,20,1784180822.8748074,37.48645761806668,0.6712504768444343,-500,True,37.5,36.5,38.6,0.95,0.05,0.0,0.7,0.03,2,1784180832.9008322,False,True,True,False,1784180735.1343598,0,0,1,0,False
1783947642.4476278,20,1784180842.880596,37.48645761806668,0.6710406652933547,-500,True,37.5,36.5,38.6,0.95,0.05,0.0,0.7,0.03,2,1784180852.906664,False,True,True,False,1784180735.1343598,0,0,1,0,False
1783947642.4476278,20,1784180862.886455,37.513160906385906,0.6713839932860304,-500,True,37.5,36.5,38.6,0.95,0.05,0.0,0.7,0.03,2,1784180872.9123983,False,True,True,False,1784180735.1343598,0,0,0,0,False
1783947642.4476278,20,1784180882.8922124,37.526512550545505,0.6713458457312886,-500,True,37.5,36.5,38.6,0.95,0.05,0.0,0.7,0.03,2,1784180892.9182975,False,True,True,False,1784180735.1343598,0,0,0,0,False
1783947642.4476278,20,1784180902.8980668,37.507820248722055,0.6711169604028382,-500,True,37.5,36.5,38.6,0.95,0.05,0.0,0.7,0.03,2,1784180912.924084,False,True,True,True,1784180915.1343803,0,0,0,0,False
1783947642.4476278,20,1784180922.9038568,37.481116960402844,0.6710215915159838,-500,True,37.5,36.5,38.6,0.95,0.05,0.0,0.7,0.03,2,1784180932.9299116,False,True,True,True,1784180915.1343803,0,0,1,0,False
1783947642.4476278,20,1784180942.9096453,37.45975432974747,0.6714221408407721,-500,True,37.5,36.5,38.6,0.95,0.05,0.0,0.7,0.03,2,1784180952.935918,False,True,True,False,1784180915.1343803,0,0,1,0,False
1783947642.4476278,20,1784180962.9155967,37.45975432974747,0.6711169604028382,-500,True,37.5,36.5,38.6,0.95,0.05,0.0,0.7,0.03,2,1784180972.941658,False,True,True,False,1784180915.1343803,0,0,1,0,False
1783947642.4476278,20,1784180982.9213877,37.47310597390707,0.6710978866254673,-500,True,37.5,36.5,38.6,0.95,0.05,0.0,0.7,0.03,2,1784180992.9474008,False,True,True,False,1784180915.1343803,0,0,1,0,False
1783947642.4476278,20,1784181002.927178,37.48645761806668,0.6711360341802091,-500,True,37.5,36.5,38.6,0.95,0.05,0.0,0.7,0.03,2,1784181012.9532008,False,True,True,False,1784180915.1343803,0,0,1,0,False
1783947642.4476278,20,1784181022.933001,37.481116960402844,0.6711551079575799,-500,True,37.5,36.5,38.6,0.95,0.05,0.0,0.7,0.03,2,1784181032.9590352,False,True,True,False,1784180915.1343803,0,0,1,0,False
1783947642.4476278,20,1784181042.9388201,37.507820248722055,0.6712314030670634,-500,True,37.5,36.5,38.6,0.95,0.05,0.0,0.7,0.03,2,1784181052.9649608,False,True,True,False,1784180915.1343803,0,0,0,0,False
1783947642.4476278,20,1784181062.9445803,37.507820248722055,0.671288624399176,-500,True,37.5,36.5,38.6,0.95,0.05,0.0,0.7,0.03,2,1784181072.970623,False,True,True,False,1784180915.1343803,0,0,0,0,False
1783947642.4476278,20,1784181082.9504056,37.49980926222629,0.6711551079575799,-500,True,37.5,36.5,38.6,0.95,0.05,0.0,0.7,0.03,2,1784181092.9763947,False,True,True,True,1784181095.1344118,0,0,1,0,False
1783947642.4476278,20,1784181102.9561749,37.45975432974747,0.6712695506218052,-500,True,37.5,36.5,38.6,0.95,0.05,0.0,0.7,0.03,2,1784181112.9821937,False,True,True,True,1784181095.1344118,0,0,1,0,False
1783947642.4476278,20,1784181122.9619548,37.44373235675593,0.6710597390707256,-500,True,37.5,36.5,38.6,0.95,0.05,0.0,0.7,0.03,2,1784181132.9879284,False,True,True,False,1784181095.1344118,0,0,1,0,False
1783947642.4476278,20,1784181142.9677608,37.45441367208362,0.6710978866254673,-500,True,37.5,36.5,38.6,0.95,0.05,0.0,0.7,0.03,2,1784181152.9939957,False,True,True,False,1784181095.1344118,0,0,1,0,False
1783947642.4476278,20,1784181162.9735465,37.45441367208362,0.6713649195086595,-500,True,37.5,36.5,38.6,0.95,0.05,0.0,0.7,0.03,2,1784181172.999578,False,True,True,False,1784181095.1344118,0,0,1,0,False
1783947642.4476278,20,1784181182.9793262,37.47310597390707,0.6710597390707256,-500,True,37.5,36.5,38.6,0.95,0.05,0.0,0.7,0.03,2,1784181193.0053566,False,True,True,False,1784181095.1344118,0,0,1,0,False
1783947642.4476278,20,1784181202.9851193,37.48645761806668,0.6714030670634012,-500,True,37.5,36.5,38.6,0.95,0.05,0.0,0.7,0.03,2,1784181213.0111842,False,True,True,False,1784181095.1344118,0,0,1,0,False
1783947642.4476278,20,1784181222.9909453,37.51850156404974,0.671288624399176,-500,True,37.5,36.5,38.6,0.95,0.05,0.0,0.7,0.03,2,1784181233.0169616,False,True,True,False,1784181095.1344118,0,0,0,0,False
1783947642.4476278,20,1784181242.9967265,37.49713893339437,0.6710788128480965,-500,True,37.5,36.5,38.6,0.95,0.05,0.0,0.7,0.03,2,1784181253.022787,False,True,True,False,1784181095.1344118,0,0,1,0,False
1783947642.4476278,20,1784181263.0025654,37.50247959105822,0.671002517738613,-500,True,37.5,36.5,38.6,0.95,0.05,0.0,0.7,0.03,2,1784181273.0318654,False,True,True,True,1784181275.134416,0,0,0,0,False
1783947642.4476278,20,1784181283.0116193,37.51049057755398,0.6712123292896925,-500,True,37.5,36.5,38.6,0.95,0.05,0.0,0.7,0.03,2,1784181293.0376258,False,True,True,True,1784181275.134416,0,0,0,0,False
1783947642.4476278,20,1784181303.0174246,37.45975432974747,0.6709834439612421,-500,True,37.5,36.5,38.6,0.95,0.05,0.0,0.7,0.03,2,1784181313.0434506,False,True,True,False,1784181275.134416,0,0,1,0,False
1783947642.4476278,20,1784181323.0232453,37.465094987411305,0.6710788128480965,-500,True,37.5,36.5,38.6,0.95,0.05,0.0,0.7,0.03,2,1784181333.049259,False,True,True,False,1784181275.134416,0,0,1,0,False
1783947642.4476278,20,1784181343.0290318,37.481116960402844,0.6710978866254673,-500,True,37.5,36.5,38.6,0.95,0.05,0.0,0.7,0.03,2,1784181353.0550754,False,True,True,False,1784181275.134416,0,0,1,0,False
1783947642.4476278,20,1784181363.034861,37.49179827573053,0.6711360341802091,-500,True,37.5,36.5,38.6,0.95,0.05,0.0,0.7,0.03,2,1784181373.0610085,False,True,True,False,1784181275.134416,0,0,1,0,False
1783947642.4476278,20,1784181383.040732,37.51049057755398,0.6713649195086595,-500,True,37.5,36.5,38.6,0.95,0.05,0.0,0.7,0.03,2,1784181393.0666938,False,True,True,False,1784181275.134416,0,0,0,0,False
1783947642.4476278,20,1784181403.046474,37.50247959105822,0.671288624399176,-500,True,37.5,36.5,38.6,0.95,0.05,0.0,0.7,0.03,2,1784181413.0724027,False,True,True,False,1784181275.134416,0,0,0,0,False
1783947642.4476278,20,1784181423.0521648,37.465094987411305,0.6710788128480965,-500,True,37.5,36.5,38.6,0.95,0.05,0.0,0.7,0.03,2,1784181433.0783966,False,True,True,False,1784181275.134416,0,0,1,0,False
1783947642.4476278,20,1784181443.0581114,37.49713893339437,0.6710978866254673,-500,True,37.5,36.5,38.6,0.95,0.05,0.0,0.7,0.03,2,1784181453.0841334,False,True,True,True,1784181455.1344402,0,0,1,0,False
1783947642.4476278,20,1784181463.063862,37.47577630273899,0.6710978866254673,-500,True,37.5,36.5,38.6,0.95,0.05,0.0,0.7,0.03,2,1784181473.0899296,False,True,True,True,1784181455.1344402,0,0,1,0,False
1783947642.4476278,20,1784181483.0696185,37.446402685587856,0.6707354848554208,-500,True,37.5,36.5,38.6,0.95,0.05,0.0,0.7,0.03,2,1784181493.0956407,False,True,True,False,1784181455.1344402,0,0,1,0,False
1783947642.4476278,20,1784181503.0753899,37.481116960402844,0.6708690012970169,-500,True,37.5,36.5,38.6,0.95,0.05,0.0,0.7,0.03,2,1784181513.1014218,False,True,True,False,1784181455.1344402,0,0,1,0,False
1783947642.4476278,20,1784181523.0813053,37.52384222171359,0.6713458457312886,-500,True,37.5,36.5,38.6,0.95,0.05,0.0,0.7,0.03,2,1784181533.107743,False,True,True,False,1784181455.1344402,0,0,0,0,False
1783947642.4476278,20,1784181543.0874794,37.49179827573053,0.6713267719539178,-500,True,37.5,36.5,38.6,0.95,0.05,0.0,0.7,0.03,2,1784181553.113608,False,True,True,False,1784181455.1344402,0,0,1,0,False
1783947642.4476278,20,1784181563.0933537,37.507820248722055,0.670849927519646,-500,True,37.5,36.5,38.6,0.95,0.05,0.0,0.7,0.03,2,1784181573.1193893,False,True,True,False,1784181455.1344402,0,0,0,0,False
1783947642.4476278,20,1784181583.09923,37.52117189288167,0.6710978866254673,-500,True,37.5,36.5,38.6,0.95,0.05,0.0,0.7,0.03,2,1784181593.1253026,False,True,True,False,1784181455.1344402,0,0,0,0,False
1783947642.4476278,20,1784181603.1050694,37.50247959105822,0.6710597390707256,-500,True,37.5,36.5,38.6,0.95,0.05,0.0,0.7,0.03,2,1784181613.1313004,False,False,True,False,1784181455.1344402,0,0,0,0,False
1783947642.4476278,20,1784181623.1109908,37.53986419470512,0.6714221408407721,-500,True,37.5,36.5,38.6,0.95,0.05,0.0,0.7,0.03,2,1784181633.137299,True,False,True,True,1784181635.1344502,0,0,0,0,False
1783947642.4476278,20,1784181643.1167803,37.51850156404974,0.6712504768444343,-500,True,37.5,36.5,38.6,0.95,0.05,0.0,0.7,0.03,2,1784181653.1427941,True,False,True,True,1784181635.1344502,0,0,0,0,False
1783947642.4476278,20,1784181663.1226146,37.49713893339437,0.6712123292896925,-500,True,37.5,36.5,38.6,0.95,0.05,0.0,0.7,0.03,2,1784181673.1486814,True,False,True,False,1784181635.1344502,0,0,1,0,False
1783947642.4476278,20,1784181683.1284206,37.46776531624323,0.6708880750743877,-500,True,37.5,36.5,38.6,0.95,0.05,0.0,0.7,0.03,2,1784181693.1544464,True,False,True,False,1784181635.1344502,0,0,1,0,False
1783947642.4476278,20,1784181703.134197,37.470435645075156,0.6710215915159838,-500,True,37.5,36.5,38.6,0.95,0.05,0.0,0.7,0.03,2,1784181713.1682909,True,False,True,False,1784181635.1344502,0,0,1,0,False
1783947642.4476278,20,1784181723.1480336,37.49713893339437,0.6711551079575799,-500,True,37.5,36.5,38.6,0.95,0.05,0.0,0.7,0.03,2,1784181733.1740909,True,False,True,False,1784181635.1344502,0,0,1,0,False
1783947642.4476278,20,1784181743.1538005,37.50247959105822,0.6710406652933547,-500,True,37.5,36.5,38.6,0.95,0.05,0.0,0.7,0.03,2,1784181753.1798444,True,False,True,False,1784181635.1344502,0,0,0,0,False
1783947642.4476278,20,1784181763.1595972,37.52384222171359,0.6709834439612421,-500,True,37.5,36.5,38.6,0.95,0.05,0.0,0.7,0.03,2,1784181773.1856651,True,False,True,False,1784181635.1344502,0,0,0,0,False
1783947642.4476278,20,1784181783.1654232,37.489127946898606,0.6711360341802091,-500,True,37.5,36.5,38.6,0.95,0.05,0.0,0.7,0.03,2,1784181793.1914604,True,False,True,False,1784181635.1344502,0,0,1,0,False
1783947642.4476278,20,1784181803.171208,37.48645761806668,0.6708880750743877,-500,True,37.5,36.5,38.6,0.95,0.05,0.0,0.7,0.03,2,1784181813.1972084,True,False,True,True,1784181815.1344767,0,0,1,0,False
1783947642.4476278,20,1784181823.1769474,37.47577630273899,0.6710978866254673,-500,True,37.5,36.5,38.6,0.95,0.05,0.0,0.7,0.03,2,1784181833.2029731,True,False,True,True,1784181815.1344767,0,0,1,0,False
1783947642.4476278,20,1784181843.1827855,37.47577630273899,0.6709834439612421,-500,True,37.5,36.5,38.6,0.95,0.05,0.0,0.7,0.03,2,1784181853.2089436,True,False,True,False,1784181815.1344767,0,0,1,0,False
1783947642.4476278,20,1784181863.1887884,37.49179827573053,0.671002517738613,-500,True,37.5,36.5,38.6,0.95,0.05,0.0,0.7,0.03,2,1784181873.2148337,True,False,True,False,1784181815.1344767,0,0,1,0,False
1783947642.4476278,20,1784181883.1946785,37.51049057755398,0.6709834439612421,-500,True,37.5,36.5,38.6,0.95,0.05,0.0,0.7,0.03,2,1784181893.2207334,True,False,True,False,1784181815.1344767,0,0,0,0,False
1783947642.4476278,20,1784181903.2005255,37.52384222171359,0.6712314030670634,-500,True,37.5,36.5,38.6,0.95,0.05,0.0,0.7,0.03,2,1784181913.2265592,True,False,True,False,1784181815.1344767,0,0,0,0,False
1783947642.4476278,20,1784181923.206349,37.52384222171359,0.6712314030670634,-500,True,37.5,36.5,38.6,0.95,0.05,0.0,0.7,0.03,2,1784181933.2323327,True,False,True,False,1784181815.1344767,0,0,0,0,False
1783947642.4476278,20,1784181943.2121062,37.49179827573053,0.6707545586327917,-500,True,37.5,36.5,38.6,0.95,0.05,0.0,0.7,0.03,2,1784181953.2382429,True,False,True,False,1784181815.1344767,0,0,1,0,False
1783947642.4476278,20,1784181963.2179797,37.49713893339437,0.6709071488517586,-500,True,37.5,36.5,38.6,0.95,0.05,0.0,0.7,0.03,2,1784181973.2439866,True,False,True,False,1784181815.1344767,0,0,1,0,False
1783947642.4476278,20,1784181983.2237818,37.50514991989013,0.671002517738613,-500,True,37.5,36.5,38.6,0.95,0.05,0.0,0.7,0.03,2,1784181993.2498357,True,False,True,True,1784181995.134495,0,0,0,0,False
1783947642.4476278,20,1784182003.229571,37.50247959105822,0.6708880750743877,-500,True,37.5,36.5,38.6,0.95,0.05,0.0,0.7,0.03,2,1784182013.2557328,True,False,True,True,1784181995.134495,0,0,0,0,False
1783947642.4476278,20,1784182023.2353942,37.481116960402844,0.6707927061875334,-500,True,37.5,36.5,38.6,0.95,0.05,0.0,0.7,0.03,2,1784182033.2614715,True,False,True,False,1784181995.134495,0,0,1,0,False
1783947642.4476278,20,1784182043.2412167,37.45975432974747,0.6708690012970169,-500,True,37.5,36.5,38.6,0.95,0.05,0.0,0.7,0.03,2,1784182053.2672286,True,False,True,False,1784181995.134495,0,0,1,0,False
1783947642.4476278,20,1784182063.246989,37.481116960402844,0.6709262226291295,-500,True,37.5,36.5,38.6,0.95,0.05,0.0,0.7,0.03,2,1784182073.2729986,True,False,True,False,1784181995.134495,0,0,1,0,False
1783947642.4476278,20,1784182083.2527575,37.45174334325169,0.670697337300679,-500,True,37.5,36.5,38.6,0.95,0.05,0.0,0.7,0.03,2,1784182093.2787547,True,False,True,False,1784181995.134495,0,0,1,0,False
1783947642.4476278,20,1784182103.2585473,37.48645761806668,0.6709643701838712,-500,True,37.5,36.5,38.6,0.95,0.05,0.0,0.7,0.03,2,1784182113.2846878,True,False,True,False,1784181995.134495,0,0,1,0,False
1783947642.4476278,20,1784182123.264312,37.47577630273899,0.6710597390707256,-500,True,37.5,36.5,38.6,0.95,0.05,0.0,0.7,0.03,2,1784182133.2903762,True,False,True,False,1784181995.134495,0,0,1,0,False
1783947642.4476278,20,1784182143.2701473,37.49179827573053,0.6709452964065004,-500,True,37.5,36.5,38.6,0.95,0.05,0.0,0.7,0.03,2,1784182153.2961416,True,False,True,False,1784181995.134495,0,0,1,0,False
1783947642.4476278,20,1784182163.275907,37.49713893339437,0.6707927061875334,-500,True,37.5,36.5,38.6,0.95,0.05,0.0,0.7,0.03,2,1784182173.3020287,True,False,True,True,1784182175.1345284,0,0,1,0,False
1783947642.4476278,20,1784182183.2817712,37.49980926222629,0.6708308537422751,-500,True,37.5,36.5,38.6,0.95,0.05,0.0,0.7,0.03,2,1784182193.3079262,True,False,True,True,1784182175.1345284,0,0,1,0,False
1783947642.4476278,20,1784182203.287791,37.49179827573053,0.6708117799649043,-500,True,37.5,36.5,38.6,0.95,0.05,0.0,0.7,0.03,2,1784182213.3138463,True,False,True,False,1784182175.1345284,0,0,1,0,False
1783947642.4476278,20,1784182223.2935512,37.49179827573053,0.6710597390707256,-500,True,37.5,36.5,38.6,0.95,0.05,0.0,0.7,0.03,2,1784182233.3195827,True,False,True,False,1784182175.1345284,0,0,1,0,False
1783947642.4476278,20,1784182243.2993584,37.481116960402844,0.6712123292896925,-500,True,37.5,36.5,38.6,0.95,0.05,0.0,0.7,0.03,2,1784182253.3254085,True,False,True,False,1784182175.1345284,0,0,1,0,False
1783947642.4476278,20,1784182263.3051755,37.507820248722055,0.6710406652933547,-500,True,37.5,36.5,38.6,0.95,0.05,0.0,0.7,0.03,2,1784182273.3312485,True,False,True,False,1784182175.1345284,0,0,0,0,False
1783947642.4476278,20,1784182283.3110096,37.489127946898606,0.6707354848554208,-500,True,37.5,36.5,38.6,0.95,0.05,0.0,0.7,0.03,2,1784182293.3370194,True,False,True,False,1784182175.1345284,0,0,1,0,False
1783947642.4476278,20,1784182303.3167522,37.507820248722055,0.670849927519646,-500,True,37.5,36.5,38.6,0.95,0.05,0.0,0.7,0.03,2,1784182313.3427873,True,False,True,False,1784182175.1345284,0,0,0,0,False
1783947642.4476278,20,1784182323.322562,37.507820248722055,0.670849927519646,-500,True,37.5,36.5,38.6,0.95,0.05,0.0,0.7,0.03,2,1784182333.348547,True,False,True,False,1784182175.1345284,0,0,0,0,False
1783947642.4476278,20,1784182343.328292,37.507820248722055,0.671002517738613,-500,True,37.5,36.5,38.6,0.95,0.05,0.0,0.7,0.03,2,1784182353.3543224,True,False,True,True,1784182355.1345615,0,0,0,0,False
1783947642.4476278,20,1784182363.3341193,37.47577630273899,0.6707927061875334,-500,True,37.5,36.5,38.6,0.95,0.05,0.0,0.7,0.03,2,1784182373.3601007,True,False,True,True,1784182355.1345615,0,0,1,0,False
1783947642.4476278,20,1784182383.3398724,37.46242465857938,0.6709452964065004,-500,True,37.5,36.5,38.6,0.95,0.05,0.0,0.7,0.03,2,1784182393.366014,True,False,True,False,1784182355.1345615,0,0,1,0,False
1783947642.4476278,20,1784182403.345788,37.465094987411305,0.6708690012970169,-500,True,37.5,36.5,38.6,0.95,0.05,0.0,0.7,0.03,2,1784182413.3718085,True,False,True,False,1784182355.1345615,0,0,1,0,False
1783947642.4476278,20,1784182423.351573,37.45441367208362,0.6706591897459373,-500,True,37.5,36.5,38.6,0.95,0.05,0.0,0.7,0.03,2,1784182433.3776093,True,False,True,False,1784182355.1345615,0,0,1,0,False
1783947642.4476278,20,1784182443.3573263,37.45975432974747,0.6706782635233082,-500,True,37.5,36.5,38.6,0.95,0.05,0.0,0.7,0.03,2,1784182453.383495,True,False,True,False,1784182355.1345615,0,0,1,0,False
1783947642.4476278,20,1784182463.3632803,37.49713893339437,0.6709452964065004,-500,True,37.5,36.5,38.6,0.95,0.05,0.0,0.7,0.03,2,1784182473.3893654,True,False,True,False,1784182355.1345615,0,0,1,0,False
1783947642.4476278,20,1784182483.3690877,37.51583123521782,0.6710215915159838,-500,True,37.5,36.5,38.6,0.95,0.05,0.0,0.7,0.03,2,1784182493.3953261,True,False,True,False,1784182355.1345615,0,0,0,0,False
1783947642.4476278,20,1784182503.3749638,37.52384222171359,0.6709834439612421,-500,True,37.5,36.5,38.6,0.95,0.05,0.0,0.7,0.03,2,1784182513.4010353,True,False,True,False,1784182355.1345615,0,0,0,0,False
1783947642.4476278,20,1784182523.380819,37.52384222171359,0.6708690012970169,-500,True,37.5,36.5,38.6,0.95,0.05,0.0,0.7,0.03,2,1784182533.4068904,True,False,True,True,1784182535.13459,0,0,0,0,False
1783947642.4476278,20,1784182543.3867059,37.49713893339437,0.670697337300679,-500,True,37.5,36.5,38.6,0.95,0.05,0.0,0.7,0.03,2,1784182553.4127452,True,False,True,True,1784182535.13459,0,0,1,0,False
1783947642.4476278,20,1784182563.392469,37.43305104142824,0.6709071488517586,-500,True,37.5,36.5,38.6,0.95,0.05,0.0,0.7,0.03,2,1784182573.4184911,True,False,True,False,1784182535.13459,0,0,1,0,False
1783947642.4476278,20,1784182583.3982556,37.446402685587856,0.671002517738613,-500,True,37.5,36.5,38.6,0.95,0.05,0.0,0.7,0.03,2,1784182593.4244864,True,False,True,False,1784182535.13459,0,0,1,0,False
1783947642.4476278,20,1784182603.4041224,37.45441367208362,0.6710597390707256,-500,True,37.5,36.5,38.6,0.95,0.05,0.0,0.7,0.03,2,1784182613.4301753,True,False,True,False,1784182535.13459,0,0,1,0,False
1783947642.4476278,20,1784182623.4099054,37.45975432974747,0.6706782635233082,-500,True,37.5,36.5,38.6,0.95,0.05,0.0,0.7,0.03,2,1784182633.4359136,True,False,True,False,1784182535.13459,0,0,1,0,False
1783947642.4476278,20,1784182643.415721,37.49713893339437,0.6708690012970169,-500,True,37.5,36.5,38.6,0.95,0.05,0.0,0.7,0.03,2,1784182653.4417205,True,False,True,False,1784182535.13459,0,0,1,0,False
1783947642.4476278,20,1784182663.4215074,37.507820248722055,0.6708117799649043,-500,True,37.5,36.5,38.6,0.95,0.05,0.0,0.7,0.03,2,1784182673.4475088,True,False,True,False,1784182535.13459,0,0,0,0,False
1783947642.4476278,20,1784182683.427318,37.51049057755398,0.670849927519646,-500,True,37.5,36.5,38.6,0.95,0.05,0.0,0.7,0.03,2,1784182693.453491,True,False,True,False,1784182535.13459,0,0,0,0,False
1783947642.4476278,20,1784182703.433081,37.52384222171359,0.6706019684138247,-500,True,37.5,36.5,38.6,0.95,0.05,0.0,0.7,0.03,2,1784182713.4590995,True,False,True,True,1784182715.1346211,0,0,0,0,False
1783947642.4476278,20,1784182723.4389167,37.48645761806668,0.6706019684138247,-500,True,37.5,36.5,38.6,0.95,0.05,0.0,0.7,0.03,2,1784182733.4651632,True,False,True,True,1784182715.1346211,0,0,1,0,False
1783947642.4476278,20,1784182743.4448874,37.44907301441978,0.6707927061875334,-500,True,37.5,36.5,38.6,0.95,0.05,0.0,0.7,0.03,2,1784182753.4709206,True,False,True,False,1784182715.1346211,0,0,1,0,False
1783947642.4476278,20,1784182763.4506893,37.45975432974747,0.6707545586327917,-500,True,37.5,36.5,38.6,0.95,0.05,0.0,0.7,0.03,2,1784182773.4766521,True,False,True,False,1784182715.1346211,0,0,1,0,False
1783947642.4476278,20,1784182783.4564102,37.46776531624323,0.670563820859083,-500,True,37.5,36.5,38.6,0.95,0.05,0.0,0.7,0.03,2,1784182793.4824724,True,False,True,False,1784182715.1346211,0,0,1,0,False
1783947642.4476278,20,1784182803.462249,37.470435645075156,0.6706210421911956,-500,True,37.5,36.5,38.6,0.95,0.05,0.0,0.7,0.03,2,1784182813.4883232,True,False,True,False,1784182715.1346211,0,0,1,0,False
1783947642.4476278,20,1784182823.4681752,37.49179827573053,0.6706591897459373,-500,True,37.5,36.5,38.6,0.95,0.05,0.0,0.7,0.03,2,1784182833.4942653,True,False,True,False,1784182715.1346211,0,0,1,0,False
1783947642.4476278,20,1784182843.4740303,37.49713893339437,0.6706210421911956,-500,True,37.5,36.5,38.6,0.95,0.05,0.0,0.7,0.03,2,1784182853.5000315,True,False,True,False,1784182715.1346211,0,0,1,0,False
1783947642.4476278,20,1784182863.479791,37.513160906385906,0.6706019684138247,-500,True,37.5,36.5,38.6,0.95,0.05,0.0,0.7,0.03,2,1784182873.5058472,True,False,True,False,1784182715.1346211,0,0,0,0,False
1783947642.4476278,20,1784182883.485574,37.526512550545505,0.6706401159685664,-500,True,37.5,36.5,38.6,0.95,0.05,0.0,0.7,0.03,2,1784182893.511682,True,False,True,True,1784182895.1346517,0,0,0,0,False
1783947642.4476278,20,1784182903.491468,37.48645761806668,0.6705447470817121,-500,True,37.5,36.5,38.6,0.95,0.05,0.0,0.7,0.03,2,1784182913.5175219,True,False,True,True,1784182895.1346517,0,0,1,0,False
1783947642.4476278,20,1784182923.497261,37.470435645075156,0.6707354848554208,-500,True,37.5,36.5,38.6,0.95,0.05,0.0,0.7,0.03,2,1784182933.5233164,True,False,True,False,1784182895.1346517,0,0,1,0,False
1783947642.4476278,20,1784182943.5031283,37.465094987411305,0.6709262226291295,-500,True,37.5,36.5,38.6,0.95,0.05,0.0,0.7,0.03,2,1784182953.5292885,True,False,True,False,1784182895.1346517,0,0,1,0,False
1783947642.4476278,20,1784182963.5090857,37.48645761806668,0.6706210421911956,-500,True,37.5,36.5,38.6,0.95,0.05,0.0,0.7,0.03,2,1784182973.5352068,True,False,True,False,1784182895.1346517,0,0,1,0,False
1783947642.4476278,20,1784182983.5149896,37.489127946898606,0.6707164110780499,-500,True,37.5,36.5,38.6,0.95,0.05,0.0,0.7,0.03,2,1784182993.5411003,True,False,True,False,1784182895.1346517,0,0,1,0,False
1783947642.4476278,20,1784183003.520807,37.470435645075156,0.6703730830853742,-500,True,37.5,36.5,38.6,0.95,0.05,0.0,0.7,0.03,2,1784183013.5473068,True,False,True,False,1784182895.1346517,0,0,1,0,False
1783947642.4476278,20,1784183023.5269797,37.52918287937743,0.6708880750743877,-500,True,37.5,36.5,38.6,0.95,0.05,0.0,0.7,0.03,2,1784183033.5530756,True,False,True,False,1784182895.1346517,0,0,0,0,False
1783947642.4476278,20,1784183043.53274,37.507820248722055,0.6706401159685664,-500,True,37.5,36.5,38.6,0.95,0.05,0.0,0.7,0.03,2,1784183053.5588486,True,False,True,False,1784182895.1346517,0,0,0,0,False
1783947642.4476278,20,1784183063.5385418,37.48645761806668,0.6709262226291295,-500,True,37.5,36.5,38.6,0.95,0.05,0.0,0.7,0.03,2,1784183073.5648973,True,False,True,True,1784183075.1346724,0,0,1,0,False
1783947642.4476278,20,1784183083.5444915,37.46242465857938,0.6707545586327917,-500,True,37.5,36.5,38.6,0.95,0.05,0.0,0.7,0.03,2,1784183093.5705402,True,False,True,True,1784183075.1346724,0,0,1,0,False
1783947642.4476278,20,1784183103.5503426,37.45975432974747,0.6705256733043412,-500,True,37.5,36.5,38.6,0.95,0.05,0.0,0.7,0.03,2,1784183113.5763505,True,False,True,False,1784183075.1346724,0,0,1,0,False
1783947642.4476278,20,1784183123.556115,37.465094987411305,0.6705828946364538,-500,True,37.5,36.5,38.6,0.95,0.05,0.0,0.7,0.03,2,1784183133.5821657,True,False,True,False,1784183075.1346724,0,0,1,0,False
1783947642.4476278,20,1784183143.5619073,37.470435645075156,0.6707354848554208,-500,True,37.5,36.5,38.6,0.95,0.05,0.0,0.7,0.03,2,1784183153.5878873,True,False,True,False,1784183075.1346724,0,0,1,0,False
1783947642.4476278,20,1784183163.5676906,37.49713893339437,0.6706782635233082,-500,True,37.5,36.5,38.6,0.95,0.05,0.0,0.7,0.03,2,1784183173.5939388,True,False,True,False,1784183075.1346724,0,0,1,0,False
1783947642.4476278,20,1784183183.5734613,37.51049057755398,0.6706591897459373,-500,True,37.5,36.5,38.6,0.95,0.05,0.0,0.7,0.03,2,1784183193.599484,True,False,True,False,1784183075.1346724,0,0,0,0,False
1783947642.4476278,20,1784183203.5792525,37.507820248722055,0.670697337300679,-500,True,37.5,36.5,38.6,0.95,0.05,0.0,0.7,0.03,2,1784183213.605301,True,False,True,False,1784183075.1346724,0,0,0,0,False
1783947642.4476278,20,1784183223.5850894,37.52918287937743,0.670563820859083,-500,True,37.5,36.5,38.6,0.95,0.05,0.0,0.7,0.03,2,1784183233.6111379,True,False,True,False,1784183075.1346724,0,0,0,0,False
1783947642.4476278,20,1784183243.59099,37.50247959105822,0.670411230640116,-500,True,37.5,36.5,38.6,0.95,0.05,0.0,0.7,0.03,2,1784183253.6169956,True,False,True,True,1784183255.1346924,0,0,0,0,False
1783947642.4476278,20,1784183263.5967376,37.49713893339437,0.6705256733043412,-500,True,37.5,36.5,38.6,0.95,0.05,0.0,0.7,0.03,2,1784183273.6227903,True,False,True,True,1784183255.1346924,0,0,1,0,False
1783947642.4476278,20,1784183283.602564,37.46776531624323,0.6705828946364538,-500,True,37.5,36.5,38.6,0.95,0.05,0.0,0.7,0.03,2,1784183293.6286702,True,False,True,False,1784183255.1346924,0,0,1,0,False
1783947642.4476278,20,1784183303.6083734,37.45441367208362,0.6705065995269703,-500,True,37.5,36.5,38.6,0.95,0.05,0.0,0.7,0.03,2,1784183313.6344576,True,False,True,False,1784183255.1346924,0,0,1,0,False
1783947642.4476278,20,1784183323.6142707,37.470435645075156,0.6706591897459373,-500,True,37.5,36.5,38.6,0.95,0.05,0.0,0.7,0.03,2,1784183333.6402762,True,False,True,False,1784183255.1346924,0,0,1,0,False
1783947642.4476278,20,1784183343.620035,37.47577630273899,0.6703540093080034,-500,True,37.5,36.5,38.6,0.95,0.05,0.0,0.7,0.03,2,1784183353.6460826,True,False,True,False,1784183255.1346924,0,0,1,0,False
1783947642.4476278,20,1784183363.6258473,37.50247959105822,0.6704493781948577,-500,True,37.5,36.5,38.6,0.95,0.05,0.0,0.7,0.03,2,1784183373.6518056,True,False,True,False,1784183255.1346924,0,0,0,0,False
1783947642.4476278,20,1784183383.6316054,37.526512550545505,0.6706782635233082,-500,True,37.5,36.5,38.6,0.95,0.05,0.0,0.7,0.03,2,1784183393.6576655,True,False,True,False,1784183255.1346924,0,0,0,0,False
1783947642.4476278,20,1784183403.6374984,37.48645761806668,0.6704303044174869,-500,True,37.5,36.5,38.6,0.95,0.05,0.0,0.7,0.03,2,1784183413.6635618,True,False,True,False,1784183255.1346924,0,0,1,0,False
1783947642.4476278,20,1784183423.6433225,37.49713893339437,0.670563820859083,-500,True,37.5,36.5,38.6,0.95,0.05,0.0,0.7,0.03,2,1784183433.6695447,True,False,True,True,1784183435.1347206,0,0,1,0,False
1783947642.4476278,20,1784183443.6492975,37.481116960402844,0.6704875257495995,-500,True,37.5,36.5,38.6,0.95,0.05,0.0,0.7,0.03,2,1784183453.6753287,True,False,True,True,1784183435.1347206,0,0,1,0,False
1783947642.4476278,20,1784183463.6551657,37.43305104142824,0.6703921568627451,-500,True,37.5,36.5,38.6,0.95,0.05,0.0,0.7,0.03,2,1784183473.6812713,True,False,True,False,1784183435.1347206,0,0,1,0,False
1783947642.4476278,20,1784183483.661017,37.47310597390707,0.6707354848554208,-500,True,37.5,36.5,38.6,0.95,0.05,0.0,0.7,0.03,2,1784183493.6870623,True,False,True,False,1784183435.1347206,0,0,1,0,False
1783947642.4476278,20,1784183503.6668222,37.48645761806668,0.6705447470817121,-500,True,37.5,36.5,38.6,0.95,0.05,0.0,0.7,0.03,2,1784183513.692846,True,False,True,False,1784183435.1347206,0,0,1,0,False
1783947642.4476278,20,1784183523.672568,37.49713893339437,0.670563820859083,-500,True,37.5,36.5,38.6,0.95,0.05,0.0,0.7,0.03,2,1784183533.6986883,True,False,True,False,1784183435.1347206,0,0,1,0,False
1783947642.4476278,20,1784183543.6784875,37.49713893339437,0.670563820859083,-500,True,37.5,36.5,38.6,0.95,0.05,0.0,0.7,0.03,2,1784183553.7046719,True,False,True,False,1784183435.1347206,0,0,1,0,False
1783947642.4476278,20,1784183563.6842844,37.50247959105822,0.6701823453116655,-500,True,37.5,36.5,38.6,0.95,0.05,0.0,0.7,0.03,2,1784183573.7103772,True,False,True,False,1784183435.1347206,0,0,0,0,False
1783947642.4476278,20,1784183583.6901515,37.50514991989013,0.670563820859083,-500,True,37.5,36.5,38.6,0.95,0.05,0.0,0.7,0.03,2,1784183593.7161603,True,False,True,False,1784183435.1347206,0,0,0,0,False
1783947642.4476278,20,1784183603.6959527,37.481116960402844,0.6706782635233082,-500,True,37.5,36.5,38.6,0.95,0.05,0.0,0.7,0.03,2,1784183613.7220578,True,False,True,True,1784183615.1347463,0,0,1,0,False
1783947642.4476278,20,1784183623.7017844,37.47577630273899,0.6704493781948577,-500,True,37.5,36.5,38.6,0.95,0.05,0.0,0.7,0.03,2,1784183633.7277951,True,False,True,True,1784183615.1347463,0,0,1,0,False
1783947642.4476278,20,1784183643.707587,37.44907301441978,0.6705065995269703,-500,True,37.5,36.5,38.6,0.95,0.05,0.0,0.7,0.03,2,1784183653.733773,True,False,True,False,1784183615.1347463,0,0,1,0,False
1783947642.4476278,20,1784183663.7133703,37.470435645075156,0.6705828946364538,-500,True,37.5,36.5,38.6,0.95,0.05,0.0,0.7,0.03,2,1784183673.7395442,True,False,True,False,1784183615.1347463,0,0,1,0,False
1783947642.4476278,20,1784183683.719252,37.51049057755398,0.670258640421149,-500,True,37.5,36.5,38.6,0.95,0.05,0.0,0.7,0.03,2,1784183693.7455215,True,False,True,False,1784183615.1347463,0,0,0,0,False
1783947642.4476278,20,1784183703.7251623,37.513160906385906,0.670849927519646,-500,True,37.5,36.5,38.6,0.95,0.05,0.0,0.7,0.03,2,1784183713.7512944,True,False,True,False,1784183615.1347463,0,0,0,0,False
1783947642.4476278,20,1784183723.731017,37.481116960402844,0.6703349355306325,-500,True,37.5,36.5,38.6,0.95,0.05,0.0,0.7,0.03,2,1784183733.7571342,True,False,True,False,1784183615.1347463,0,0,1,0,False
1783947642.4476278,20,1784183743.7370236,37.507820248722055,0.6704493781948577,-500,True,37.5,36.5,38.6,0.95,0.05,0.0,0.7,0.03,2,1784183753.763278,True,False,True,False,1784183615.1347463,0,0,0,0,False
1783947642.4476278,20,1784183763.7428858,37.49713893339437,0.670563820859083,-500,True,37.5,36.5,38.6,0.95,0.05,0.0,0.7,0.03,2,1784183773.768963,True,False,True,False,1784183615.1347463,0,0,1,0,False
1783947642.4476278,20,1784183783.7486954,37.51049057755398,0.6704875257495995,-500,True,37.5,36.5,38.6,0.95,0.05,0.0,0.7,0.03,2,1784183793.7747831,True,False,True,True,1784183795.1347506,0,0,0,0,False
1783947642.4476278,20,1784183803.7545912,37.49179827573053,0.6702777141985199,-500,True,37.5,36.5,38.6,0.95,0.05,0.0,0.7,0.03,2,1784183813.780704,True,False,True,True,1784183795.1347506,0,0,1,0,False
1783947642.4476278,20,1784183823.760473,37.44373235675593,0.6702204928664073,-500,True,37.5,36.5,38.6,0.95,0.05,0.0,0.7,0.03,2,1784183833.7866783,True,False,True,False,1784183795.1347506,0,0,1,0,False
1783947642.4476278,20,1784183843.7664495,37.44907301441978,0.6699343862058441,-500,True,37.5,36.5,38.6,0.95,0.05,0.0,0.7,0.03,2,1784183853.7924757,True,False,True,False,1784183795.1347506,False,True,1,0,False
1783947642.4476278,20,1784183863.772259,37.45975432974747,0.6702395666437782,-500,True,37.5,36.5,38.6,0.95,0.05,0.0,0.7,0.03,2,1784183873.7984464,True,False,True,False,1784183795.1347506,0,0,1,0,False
1783947642.4476278,20,1784183883.7781584,37.489127946898606,0.6705447470817121,-500,True,37.5,36.5,38.6,0.95,0.05,0.0,0.7,0.03,2,1784183893.8042321,True,False,True,False,1784183795.1347506,0,0,1,0,False
1783947642.4476278,20,1784183903.784005,37.507820248722055,0.6705828946364538,-500,True,37.5,36.5,38.6,0.95,0.05,0.0,0.7,0.03,2,1784183913.81012,True,False,True,False,1784183795.1347506,0,0,0,0,False
1783947642.4476278,20,1784183923.78992,37.48645761806668,0.6706591897459373,-500,True,37.5,36.5,38.6,0.95,0.05,0.0,0.7,0.03,2,1784183933.8159392,True,False,True,False,1784183795.1347506,0,0,1,0,False
1783947642.4476278,20,1784183943.7957246,37.49179827573053,0.6703540093080034,-500,True,37.5,36.5,38.6,0.95,0.05,0.0,0.7,0.03,2,1784183953.8218353,True,False,True,False,1784183795.1347506,0,0,1,0,False
1783947642.4476278,20,1784183963.8015823,37.481116960402844,0.6705256733043412,-500,True,37.5,36.5,38.6,0.95,0.05,0.0,0.7,0.03,2,1784183973.827632,True,False,True,True,1784183975.1347587,0,0,1,0,False
1783947642.4476278,20,1784183983.8074057,37.46242465857938,0.6706401159685664,-500,True,37.5,36.5,38.6,0.95,0.05,0.0,0.7,0.03,2,1784183993.8334908,True,False,True,True,1784183975.1347587,0,0,1,0,False
1783947642.4476278,20,1784184003.8132079,37.47577630273899,0.6702777141985199,-500,True,37.5,36.5,38.6,0.95,0.05,0.0,0.7,0.03,2,1784184013.8393092,True,False,True,False,1784183975.1347587,0,0,1,0,False
1783947642.4476278,20,1784184023.8191075,37.49713893339437,0.6703349355306325,-500,True,37.5,36.5,38.6,0.95,0.05,0.0,0.7,0.03,2,1784184033.8453813,True,False,True,False,1784183975.1347587,0,0,1,0,False
1783947642.4476278,20,1784184043.8252025,37.507820248722055,0.6706210421911956,-500,True,37.5,36.5,38.6,0.95,0.05,0.0,0.7,0.03,2,1784184053.851379,True,False,True,False,1784183975.1347587,0,0,0,0,False
1783947642.4476278,20,1784184063.8310816,37.52384222171359,0.670563820859083,-500,True,37.5,36.5,38.6,0.95,0.05,0.0,0.7,0.03,2,1784184073.857301,True,False,True,False,1784183975.1347587,0,0,0,0,False
1783947642.4476278,20,1784184083.8369787,37.51049057755398,0.6705065995269703,-500,True,37.5,36.5,38.6,0.95,0.05,0.0,0.7,0.03,2,1784184093.863074,True,False,True,False,1784183975.1347587,0,0,0,0,False
1783947642.4476278,20,1784184103.8428087,37.48645761806668,0.6703158617532616,-500,True,37.5,36.5,38.6,0.95,0.05,0.0,0.7,0.03,2,1784184113.8689845,True,False,True,False,1784183975.1347587,0,0,1,0,False
1783947642.4476278,20,1784184123.8486109,37.47577630273899,0.6704875257495995,-500,True,37.5,36.5,38.6,0.95,0.05,0.0,0.7,0.03,2,1784184133.8747866,True,False,True,False,1784183975.1347587,0,0,1,0,False
1783947642.4476278,20,1784184143.854412,37.49713893339437,0.6703730830853742,-500,True,37.5,36.5,38.6,0.95,0.05,0.0,0.7,0.03,2,1784184153.8804138,True,False,True,True,1784184155.1347873,0,0,1,0,False
1783947642.4476278,20,1784184163.8602245,37.507820248722055,0.670411230640116,-500,True,37.5,36.5,38.6,0.95,0.05,0.0,0.7,0.03,2,1784184173.88633,True,False,True,True,1784184155.1347873,0,0,0,0,False
1783947642.4476278,20,1784184183.8661025,37.50514991989013,0.6707736324101625,-500,True,37.5,36.5,38.6,0.95,0.05,0.0,0.7,0.03,2,1784184193.8920548,True,False,True,False,1784184155.1347873,0,0,0,0,False
1783947642.4476278,20,1784184203.8718126,37.48645761806668,0.6705065995269703,-500,True,37.5,36.5,38.6,0.95,0.05,0.0,0.7,0.03,2,1784184213.8979073,True,False,True,False,1784184155.1347873,0,0,1,0,False
1783947642.4476278,20,1784184223.877604,37.47577630273899,0.6703349355306325,-500,True,37.5,36.5,38.6,0.95,0.05,0.0,0.7,0.03,2,1784184233.9037857,True,False,True,False,1784184155.1347873,0,0,1,0,False
1783947642.4476278,20,1784184243.8834352,37.48645761806668,0.670258640421149,-500,True,37.5,36.5,38.6,0.95,0.05,0.0,0.7,0.03,2,1784184253.9095836,True,False,True,False,1784184155.1347873,0,0,1,0,False
1783947642.4476278,20,1784184263.8893232,37.50247959105822,0.6702395666437782,-500,True,37.5,36.5,38.6,0.95,0.05,0.0,0.7,0.03,2,1784184273.915371,True,False,True,False,1784184155.1347873,0,0,0,0,False
1783947642.4476278,20,1784184283.8951876,37.489127946898606,0.6703730830853742,-500,True,37.5,36.5,38.6,0.95,0.05,0.0,0.7,0.03,2,1784184293.921232,True,False,True,False,1784184155.1347873,0,0,1,0,False
1783947642.4476278,20,1784184303.9010243,37.49179827573053,0.6702967879758908,-500,True,37.5,36.5,38.6,0.95,0.05,0.0,0.7,0.03,2,1784184313.9270763,True,False,True,False,1784184155.1347873,0,0,1,0,False
1783947642.4476278,20,1784184323.9068425,37.507820248722055,0.6701823453116655,-500,True,37.5,36.5,38.6,0.95,0.05,0.0,0.7,0.03,2,1784184333.9328315,True,False,True,True,1784184335.134815,0,0,0,0,False
1783947642.4476278,20,1784184343.9125671,37.49713893339437,0.6703921568627451,-500,True,37.5,36.5,38.6,0.95,0.05,0.0,0.7,0.03,2,1784184353.9385908,True,False,True,True,1784184335.134815,0,0,1,0,False
1783947642.4476278,20,1784184363.9183624,37.50247959105822,0.6703730830853742,-500,True,37.5,36.5,38.6,0.95,0.05,0.0,0.7,0.03,2,1784184373.9443595,True,False,True,False,1784184335.134815,0,0,0,0,False
1783947642.4476278,20,1784184383.924149,37.47310597390707,0.6705065995269703,-500,True,37.5,36.5,38.6,0.95,0.05,0.0,0.7,0.03,2,1784184393.9502287,True,False,True,False,1784184335.134815,0,0,1,0,False
1783947642.4476278,20,1784184403.9299865,37.48645761806668,0.6704303044174869,-500,True,37.5,36.5,38.6,0.95,0.05,0.0,0.7,0.03,2,1784184413.9559348,True,False,True,False,1784184335.134815,0,0,1,0,False
1783947642.4476278,20,1784184423.9356995,37.48645761806668,0.6705065995269703,-500,True,37.5,36.5,38.6,0.95,0.05,0.0,0.7,0.03,2,1784184433.9617307,True,False,True,False,1784184335.134815,0,0,1,0,False
1783947642.4476278,20,1784184443.9415262,37.52384222171359,0.670411230640116,-500,True,37.5,36.5,38.6,0.95,0.05,0.0,0.7,0.03,2,1784184453.9675856,True,False,True,False,1784184335.134815,0,0,0,0,False
1783947642.4476278,20,1784184463.9474032,37.49713893339437,0.6704493781948577,-500,True,37.5,36.5,38.6,0.95,0.05,0.0,0.7,0.03,2,1784184473.9734633,True,False,True,False,1784184335.134815,0,0,1,0,False
1783947642.4476278,20,1784184483.9532213,37.51049057755398,0.6703540093080034,-500,True,37.5,36.5,38.6,0.95,0.05,0.0,0.7,0.03,2,1784184493.9792328,True,False,True,False,1784184335.134815,0,0,0,0,False
1783947642.4476278,20,1784184503.9590077,37.48645761806668,0.6701441977569238,-500,True,37.5,36.5,38.6,0.95,0.05,0.0,0.7,0.03,2,1784184513.9850972,True,False,True,True,1784184515.1348174,0,0,1,0,False
1783947642.4476278,20,1784184523.9648156,37.470435645075156,0.6703921568627451,-500,True,37.5,36.5,38.6,0.95,0.05,0.0,0.7,0.03,2,1784184533.990845,True,False,True,True,1784184515.1348174,0,0,1,0,False
1783947642.4476278,20,1784184543.9706407,37.45441367208362,0.6705065995269703,-500,True,37.5,36.5,38.6,0.95,0.05,0.0,0.7,0.03,2,1784184553.9966216,True,False,True,False,1784184515.1348174,0,0,1,0,False
1783947642.4476278,20,1784184563.976358,37.470435645075156,0.6703540093080034,-500,True,37.5,36.5,38.6,0.95,0.05,0.0,0.7,0.03,2,1784184574.0024133,True,False,True,False,1784184515.1348174,0,0,1,0,False
1783947642.4476278,20,1784184583.9821765,37.46242465857938,0.670411230640116,-500,True,37.5,36.5,38.6,0.95,0.05,0.0,0.7,0.03,2,1784184594.0082927,True,False,True,False,1784184515.1348174,0,0,1,0,False
1783947642.4476278,20,1784184603.9881122,37.50247959105822,0.669972533760586,-500,True,37.5,36.5,38.6,0.95,0.05,0.0,0.7,0.03,2,1784184614.0143301,True,False,True,False,1784184515.1348174,0,1,0,0,False
1783947642.4476278,20,1784184623.993954,37.49713893339437,0.6700297550926986,-500,True,37.5,36.5,38.6,0.95,0.05,0.0,0.7,0.03,2,1784184634.0200088,True,False,True,False,1784184515.1348174,0,0,1,0,False
1783947642.4476278,20,1784184643.9997888,37.507820248722055,0.6703349355306325,-500,True,37.5,36.5,38.6,0.95,0.05,0.0,0.7,0.03,2,1784184654.025774,True,False,True,False,1784184515.1348174,0,0,0,0,False
1783947642.4476278,20,1784184664.0056143,37.49179827573053,0.6700297550926986,-500,True,37.5,36.5,38.6,0.95,0.05,0.0,0.7,0.03,2,1784184674.0316603,True,False,True,False,1784184515.1348174,0,0,1,0,False
1783947642.4476278,20,1784184684.011456,37.489127946898606,0.6701060502021821,-500,True,37.5,36.5,38.6,0.95,0.05,0.0,0.7,0.03,2,1784184694.0374799,True,False,True,True,1784184695.1348329,0,0,1,0,False
1783947642.4476278,20,1784184704.0172157,37.481116960402844,0.6702967879758908,-500,True,37.5,36.5,38.6,0.95,0.05,0.0,0.7,0.03,2,1784184714.043458,True,False,True,True,1784184695.1348329,0,0,1,0,False
1783947642.4476278,20,1784184724.0230858,37.470435645075156,0.6703921568627451,-500,True,37.5,36.5,38.6,0.95,0.05,0.0,0.7,0.03,2,1784184734.0491455,True,False,True,False,1784184695.1348329,0,0,1,0,False
1783947642.4476278,20,1784184744.0288675,37.45975432974747,0.6699534599832151,-500,True,37.5,36.5,38.6,0.95,0.05,0.0,0.7,0.03,2,1784184754.054906,True,False,True,False,1784184695.1348329,False,True,1,0,False
1783947642.4476278,20,1784184764.0347373,37.48645761806668,0.6703158617532616,-500,True,37.5,36.5,38.6,0.95,0.05,0.0,0.7,0.03,2,1784184774.060755,True,False,True,False,1784184695.1348329,0,0,1,0,False
1783947642.4476278,20,1784184784.040512,37.483787289234755,0.6700106813153277,-500,True,37.5,36.5,38.6,0.95,0.05,0.0,0.7,0.03,2,1784184794.0665476,True,False,True,False,1784184695.1348329,0,0,1,0,False
1783947642.4476278,20,1784184804.0463614,37.507820248722055,0.670258640421149,-500,True,37.5,36.5,38.6,0.95,0.05,0.0,0.7,0.03,2,1784184814.0724826,True,False,True,False,1784184695.1348329,0,0,0,0,False
1783947642.4476278,20,1784184824.0522642,37.51850156404974,0.6702777141985199,-500,True,37.5,36.5,38.6,0.95,0.05,0.0,0.7,0.03,2,1784184834.0782905,True,False,True,False,1784184695.1348329,0,0,0,0,False
1783947642.4476278,20,1784184844.0580955,37.50247959105822,0.6702967879758908,-500,True,37.5,36.5,38.6,0.95,0.05,0.0,0.7,0.03,2,1784184854.0840793,True,False,True,False,1784184695.1348329,0,0,0,0,False
1783947642.4476278,20,1784184864.0638702,37.49713893339437,0.6700869764248112,-500,True,37.5,36.5,38.6,0.95,0.05,0.0,0.7,0.03,2,1784184874.089952,True,False,True,True,1784184875.1348622,0,0,1,0,False
1783947642.4476278,20,1784184884.0696733,37.47310597390707,0.6698390173189899,-500,True,37.5,36.5,38.6,0.95,0.05,0.0,0.7,0.03,2,1784184894.0956616,True,False,True,True,1784184875.1348622,False,True,1,0,False
1783947642.4476278,20,1784184904.0754793,37.47577630273899,0.6700869764248112,-500,True,37.5,36.5,38.6,0.95,0.05,0.0,0.7,0.03,2,1784184914.101558,True,False,True,False,1784184875.1348622,0,0,1,0,False
1783947642.4476278,20,1784184924.0813115,37.45975432974747,0.6702014190890364,-500,True,37.5,36.5,38.6,0.95,0.05,0.0,0.7,0.03,2,1784184934.107361,True,False,True,False,1784184875.1348622,0,0,1,0,False
1783947642.4476278,20,1784184944.0871384,37.470435645075156,0.670258640421149,-500,True,37.5,36.5,38.6,0.95,0.05,0.0,0.7,0.03,2,1784184954.1165802,True,False,True,False,1784184875.1348622,0,0,1,0,False
1783947642.4476278,20,1784184964.0963416,37.48645761806668,0.6703730830853742,-500,True,37.5,36.5,38.6,0.95,0.05,0.0,0.7,0.03,2,1784184974.122391,True,False,True,False,1784184875.1348622,0,0,1,0,False
1783947642.4476278,20,1784184984.1021273,37.51049057755398,0.6701060502021821,-500,True,37.5,36.5,38.6,0.95,0.05,0.0,0.7,0.03,2,1784184994.1280642,True,False,True,False,1784184875.1348622,0,0,0,0,False
1783947642.4476278,20,1784185004.1078572,37.49713893339437,0.6701251239795529,-500,True,37.5,36.5,38.6,0.95,0.05,0.0,0.7,0.03,2,1784185014.1338997,True,False,True,False,1784184875.1348622,0,0,1,0,False
1783947642.4476278,20,1784185024.1136503,37.507820248722055,0.6699153124284734,-500,True,37.5,36.5,38.6,0.95,0.05,0.0,0.7,0.03,2,1784185034.1397035,True,False,True,False,1784184875.1348622,0,1,0,0,False
1783947642.4476278,20,1784185044.1194894,37.507820248722055,0.6702777141985199,-500,True,37.5,36.5,38.6,0.95,0.05,0.0,0.7,0.03,2,1784185054.14549,True,False,True,True,1784185055.1348743,0,0,0,0,False
1783947642.4476278,20,1784185064.125226,37.465094987411305,0.6700488288700694,-500,True,37.5,36.5,38.6,0.95,0.05,0.0,0.7,0.03,2,1784185074.1512618,True,False,True,True,1784185055.1348743,0,0,1,0,False
1783947642.4476278,20,1784185084.1310227,37.46242465857938,0.6700488288700694,-500,True,37.5,36.5,38.6,0.95,0.05,0.0,0.7,0.03,2,1784185094.157184,True,False,True,False,1784185055.1348743,0,0,1,0,False
1783947642.4476278,20,1784185104.1368122,37.44373235675593,0.6701060502021821,-500,True,37.5,36.5,38.6,0.95,0.05,0.0,0.7,0.03,2,1784185114.1629229,True,False,True,False,1784185055.1348743,0,0,1,0,False
1783947642.4476278,20,1784185124.142706,37.470435645075156,0.6698771648737316,-500,True,37.5,36.5,38.6,0.95,0.05,0.0,0.7,0.03,2,1784185134.1687293,True,False,True,False,1784185055.1348743,False,True,1,0,False
1783947642.4476278,20,1784185144.148523,37.49713893339437,0.6702014190890364,-500,True,37.5,36.5,38.6,0.95,0.05,0.0,0.7,0.03,2,1784185154.1745536,True,False,True,False,1784185055.1348743,0,0,1,0,False
1783947642.4476278,20,1784185164.1543446,37.481116960402844,0.6697817959868771,-500,True,37.5,36.5,38.6,0.95,0.05,0.0,0.7,0.03,2,1784185174.1804218,True,False,True,False,1784185055.1348743,False,True,1,0,False
1783947642.4476278,20,1784185184.1602201,37.49980926222629,0.6699153124284734,-500,True,37.5,36.5,38.6,0.95,0.05,0.0,0.7,0.03,2,1784185194.1864605,True,False,True,False,1784185055.1348743,False,True,1,0,False
1783947642.4476278,20,1784185204.1660798,37.49713893339437,0.6702204928664073,-500,True,37.5,36.5,38.6,0.95,0.05,0.0,0.7,0.03,2,1784185214.1921048,False,True,True,False,1784185055.1348743,0,0,1,0,False
1783947642.4476278,20,1784185224.1718073,37.45975432974747,0.6700869764248112,-500,True,37.5,36.5,38.6,0.95,0.05,0.0,0.7,0.03,2,1784185234.197907,False,True,True,True,1784185235.1349058,0,0,1,0,False
1783947642.4476278,20,1784185244.1776133,37.45441367208362,0.6702395666437782,-500,True,37.5,36.5,38.6,0.95,0.05,0.0,0.7,0.03,2,1784185254.203715,False,True,True,True,1784185235.1349058,0,0,1,0,False
1783947642.4476278,20,1784185264.1836522,37.40634775310903,0.6698008697642481,-500,True,37.5,36.5,38.6,0.95,0.05,0.0,0.7,0.03,2,1784185274.2098773,False,True,True,False,1784185235.1349058,False,True,1,0,False
1783947642.4476278,20,1784185284.189527,37.45174334325169,0.6698580910963606,-500,True,37.5,36.5,38.6,0.95,0.05,0.0,0.7,0.03,2,1784185294.2158203,False,True,True,False,1784185235.1349058,False,True,1,0,False
1783947642.4476278,20,1784185304.1953814,37.45975432974747,0.6698390173189899,-500,True,37.5,36.5,38.6,0.95,0.05,0.0,0.7,0.03,2,1784185314.2214944,False,True,True,False,1784185235.1349058,False,True,1,0,False
1783947642.4476278,20,1784185324.201322,37.45441367208362,0.6700488288700694,-500,True,37.5,36.5,38.6,0.95,0.05,0.0,0.7,0.03,2,1784185334.2273743,False,True,True,False,1784185235.1349058,0,0,1,0,False
1783947642.4476278,20,1784185344.2071528,37.465094987411305,0.670258640421149,-500,True,37.5,36.5,38.6,0.95,0.05,0.0,0.7,0.03,2,1784185354.2331707,False,True,True,False,1784185235.1349058,0,0,1,0,False
1783947642.4476278,20,1784185364.2128906,37.49179827573053,0.6701060502021821,-500,True,37.5,36.5,38.6,0.95,0.05,0.0,0.7,0.03,2,1784185374.238912,False,True,True,False,1784185235.1349058,0,0,1,0,False
1783947642.4476278,20,1784185384.2186952,37.49446860456244,0.6700106813153277,-500,True,37.5,36.5,38.6,0.95,0.05,0.0,0.7,0.03,2,1784185394.2447236,False,True,True,False,1784185235.1349058,0,0,1,0,False
1783947642.4476278,20,1784185404.2244453,37.507820248722055,0.6702204928664073,-500,True,37.5,36.5,38.6,0.95,0.05,0.0,0.7,0.03,2,1784185414.2504761,False,True,True,True,1784185415.1349394,0,0,0,0,False
1783947642.4476278,20,1784185424.2302625,37.465094987411305,0.6703349355306325,-500,True,37.5,36.5,38.6,0.95,0.05,0.0,0.7,0.03,2,1784185434.25629,False,True,True,True,1784185415.1349394,0,0,1,0,False
1783947642.4476278,20,1784185444.2361124,37.470435645075156,0.6703540093080034,-500,True,37.5,36.5,38.6,0.95,0.05,0.0,0.7,0.03,2,1784185454.2621746,False,True,True,False,1784185415.1349394,0,0,1,0,False
1783947642.4476278,20,1784185464.2419531,37.45441367208362,0.6698962386511025,-500,True,37.5,36.5,38.6,0.95,0.05,0.0,0.7,0.03,2,1784185474.2679176,False,True,True,False,1784185415.1349394,False,True,1,0,False
1783947642.4476278,20,1784185484.2477143,37.46776531624323,0.6701441977569238,-500,True,37.5,36.5,38.6,0.95,0.05,0.0,0.7,0.03,2,1784185494.273704,False,True,True,False,1784185415.1349394,0,0,1,0,False
1783947642.4476278,20,1784185504.2534387,37.47577630273899,0.669972533760586,-500,True,37.5,36.5,38.6,0.95,0.05,0.0,0.7,0.03,2,1784185514.2794805,False,True,True,False,1784185415.1349394,False,True,1,0,False
1783947642.4476278,20,1784185524.2592897,37.50247959105822,0.6701251239795529,-500,True,37.5,36.5,38.6,0.95,0.05,0.0,0.7,0.03,2,1784185534.285289,False,True,True,False,1784185415.1349394,False,0,0,0,False
1783947642.4476278,20,1784185544.2650862,37.48645761806668,0.6701060502021821,-500,True,37.5,36.5,38.6,0.95,0.05,0.0,0.7,0.03,2,1784185554.2911177,False,True,True,False,1784185415.1349394,0,0,1,0,False
1783947642.4476278,20,1784185564.2709358,37.470435645075156,0.6702777141985199,-500,True,37.5,36.5,38.6,0.95,0.05,0.0,0.7,0.03,2,1784185574.2969508,False,True,True,False,1784185415.1349394,0,0,1,0,False
1783947642.4476278,20,1784185584.2767453,37.489127946898606,0.6699916075379568,-500,True,37.5,36.5,38.6,0.95,0.05,0.0,0.7,0.03,2,1784185594.3030448,False,True,True,True,1784185595.1349437,False,True,1,0,False
1783947642.4476278,20,1784185604.282873,37.465094987411305,0.6699153124284734,-500,True,37.5,36.5,38.6,0.95,0.05,0.0,0.7,0.03,2,1784185614.3089943,False,True,True,True,1784185595.1349437,False,True,1,0,False
1783947642.4476278,20,1784185624.2887383,37.45441367208362,0.6700106813153277,-500,True,37.5,36.5,38.6,0.95,0.05,0.0,0.7,0.03,2,1784185634.314822,False,True,True,False,1784185595.1349437,0,0,1,0,False
1783947642.4476278,20,1784185644.2946532,37.49179827573053,0.6698390173189899,-500,True,37.5,36.5,38.6,0.95,0.05,0.0,0.7,0.03,2,1784185654.3206358,False,True,True,False,1784185595.1349437,False,True,1,0,False
1783947642.4476278,20,1784185664.300395,37.481116960402844,0.6699916075379568,-500,True,37.5,36.5,38.6,0.95,0.05,0.0,0.7,0.03,2,1784185674.326605,False,True,True,False,1784185595.1349437,False,True,1,0,False
1783947642.4476278,20,1784185684.306245,37.51049057755398,0.6701441977569238,-500,True,37.5,36.5,38.6,0.95,0.05,0.0,0.7,0.03,2,1784185694.3322215,False,True,True,False,1784185595.1349437,False,0,0,0,False
1783947642.4476278,20,1784185704.312039,37.47577630273899,0.6700488288700694,-500,True,37.5,36.5,38.6,0.95,0.05,0.0,0.7,0.03,2,1784185714.338109,False,True,True,False,1784185595.1349437,0,0,1,0,False
1783947642.4476278,20,1784185724.3178725,37.47577630273899,0.669972533760586,-500,True,37.5,36.5,38.6,0.95,0.05,0.0,0.7,0.03,2,1784185734.3439908,False,True,True,False,1784185595.1349437,False,True,1,0,False
1783947642.4476278,20,1784185744.3238034,37.50247959105822,0.6700869764248112,-500,True,37.5,36.5,38.6,0.95,0.05,0.0,0.7,0.03,2,1784185754.349838,False,True,True,False,1784185595.1349437,False,0,0,0,False
1783947642.4476278,20,1784185764.3296003,37.465094987411305,0.6697627222095064,-500,True,37.5,36.5,38.6,0.95,0.05,0.0,0.7,0.03,2,1784185774.3557816,False,True,True,True,1784185775.1349797,False,True,1,0,False
1783947642.4476278,20,1784185784.3354454,37.45708400091554,0.6695719844357977,-500,True,37.5,36.5,38.6,0.95,0.05,0.0,0.7,0.03,2,1784185794.3615134,False,True,True,True,1784185775.1349797,False,True,1,0,False
1783947642.4476278,20,1784185804.3412793,37.44373235675593,0.6700297550926986,-500,True,37.5,36.5,38.6,0.95,0.05,0.0,0.7,0.03,2,1784185814.3672833,False,True,True,False,1784185775.1349797,0,0,1,0,False
1783947642.4476278,20,1784185824.3470654,37.465094987411305,0.6698580910963606,-500,True,37.5,36.5,38.6,0.95,0.05,0.0,0.7,0.03,2,1784185834.373274,False,True,True,False,1784185775.1349797,False,True,1,0,False
1783947642.4476278,20,1784185844.353032,37.45975432974747,0.6700488288700694,-500,True,37.5,36.5,38.6,0.95,0.05,0.0,0.7,0.03,2,1784185854.3790705,False,True,True,False,1784185775.1349797,0,0,1,0,False
1783947642.4476278,20,1784185864.3588676,37.507820248722055,0.6698390173189899,-500,True,37.5,36.5,38.6,0.95,0.05,0.0,0.7,0.03,2,1784185874.3848975,False,True,True,False,1784185775.1349797,False,1,0,0,False
1783947642.4476278,20,1784185884.3646932,37.49980926222629,0.6697436484321355,-500,True,37.5,36.5,38.6,0.95,0.05,0.0,0.7,0.03,2,1784185894.3907464,False,True,True,False,1784185775.1349797,False,True,1,0,False
1783947642.4476278,20,1784185904.3705237,37.52384222171359,0.6701823453116655,-500,True,37.5,36.5,38.6,0.95,0.05,0.0,0.7,0.03,2,1784185914.3965263,False,True,True,False,1784185775.1349797,False,0,0,0,False
1783947642.4476278,20,1784185924.3763187,37.49179827573053,0.6699534599832151,-500,True,37.5,36.5,38.6,0.95,0.05,0.0,0.7,0.03,2,1784185934.4023566,False,True,True,False,1784185775.1349797,False,True,1,0,False
1783947642.4476278,20,1784185944.382149,37.481116960402844,0.6694766155489432,-500,True,37.5,36.5,38.6,0.95,0.05,0.0,0.7,0.03,2,1784185954.4082007,False,True,True,True,1784185955.1350002,False,True,1,0,False
1783947642.4476278,20,1784185964.3880029,37.44907301441978,0.6696482795452812,-500,True,37.5,36.5,38.6,0.95,0.05,0.0,0.7,0.03,2,1784185974.414068,False,True,True,True,1784185955.1350002,False,True,1,0,False
1783947642.4476278,20,1784185984.393853,37.41969939726863,0.6698580910963606,-500,True,37.5,36.5,38.6,0.95,0.05,0.0,0.7,0.03,2,1784185994.4198458,False,True,True,False,1784185955.1350002,False,True,1,0,False
1783947642.4476278,20,1784186004.3996763,37.438391699092094,0.6699153124284734,-500,True,37.5,36.5,38.6,0.95,0.05,0.0,0.7,0.03,2,1784186014.4257333,False,True,True,False,1784185955.1350002,False,True,1,0,False
1783947642.4476278,20,1784186024.4055276,37.45975432974747,0.6699343862058441,-500,True,37.5,36.5,38.6,0.95,0.05,0.0,0.7,0.03,2,1784186034.431607,False,True,True,False,1784185955.1350002,False,True,1,0,False
1783947642.4476278,20,1784186044.4114282,37.470435645075156,0.6697817959868771,-500,True,37.5,36.5,38.6,0.95,0.05,0.0,0.7,0.03,2,1784186054.437428,False,True,True,False,1784185955.1350002,False,True,1,0,False
1783947642.4476278,20,1784186064.4172034,37.49179827573053,0.6698008697642481,-500,True,37.5,36.5,38.6,0.95,0.05,0.0,0.7,0.03,2,1784186074.4432578,False,True,True,False,1784185955.1350002,False,True,1,0,False
1783947642.4476278,20,1784186084.423058,37.51049057755398,0.6700106813153277,-500,True,37.5,36.5,38.6,0.95,0.05,0.0,0.7,0.03,2,1784186094.4490879,False,True,True,False,1784185955.1350002,False,0,0,0,False
1783947642.4476278,20,1784186104.428934,37.52918287937743,0.6700679026474403,-500,True,37.5,36.5,38.6,0.95,0.05,0.0,0.7,0.03,2,1784186114.4550164,False,True,True,False,1784185955.1350002,False,0,0,0,False
1783947642.4476278,20,1784186124.434829,37.51850156404974,0.6699153124284734,-500,True,37.5,36.5,38.6,0.95,0.05,0.0,0.7,0.03,2,1784186134.460797,False,True,True,True,1784186135.1350162,False,1,0,0,False
1783947642.4476278,20,1784186144.4406419,37.45975432974747,0.6695910582131686,-500,True,37.5,36.5,38.6,0.95,0.05,0.0,0.7,0.03,2,1784186154.466845,False,True,True,True,1784186135.1350162,False,True,1,0,False
1783947642.4476278,20,1784186164.4465516,37.41702906843672,0.669667353322652,-500,True,37.5,36.5,38.6,0.95,0.05,0.0,0.7,0.03,2,1784186174.4725943,False,True,True,False,1784186135.1350162,False,True,1,0,False
1783947642.4476278,20,1784186184.4523697,37.43572137026017,0.6696482795452812,-500,True,37.5,36.5,38.6,0.95,0.05,0.0,0.7,0.03,2,1784186194.4785035,False,True,True,False,1784186135.1350162,False,True,1,0,False
1783947642.4476278,20,1784186204.4583056,37.438391699092094,0.669667353322652,-500,True,37.5,36.5,38.6,0.95,0.05,0.0,0.7,0.03,2,1784186214.4843128,False,True,True,False,1784186135.1350162,False,True,1,0,False
1783947642.4476278,20,1784186224.4641314,37.43305104142824,0.6696864271000229,-500,True,37.5,36.5,38.6,0.95,0.05,0.0,0.7,0.03,2,1784186234.490245,False,True,True,False,1784186135.1350162,False,True,1,0,False
1783947642.4476278,20,1784186244.4700344,37.47577630273899,0.6698962386511025,-500,True,37.5,36.5,38.6,0.95,0.05,0.0,0.7,0.03,2,1784186254.4962516,False,True,True,False,1784186135.1350162,False,True,1,0,False
1783947642.4476278,20,1784186264.4758978,37.481116960402844,0.6698962386511025,-500,True,37.5,36.5,38.6,0.95,0.05,0.0,0.7,0.03,2,1784186274.5020068,False,True,True,False,1784186135.1350162,False,True,1,0,False
1783947642.4476278,20,1784186284.4817574,37.50514991989013,0.6699534599832151,-500,True,37.5,36.5,38.6,0.95,0.05,0.0,0.7,0.03,2,1784186294.507988,False,True,True,False,1784186135.1350162,False,1,0,0,False
1783947642.4476278,20,1784186304.4878273,37.507820248722055,0.6699534599832151,-500,True,37.5,36.5,38.6,0.95,0.05,0.0,0.7,0.03,2,1784186314.513892,False,True,True,True,1784186315.1350386,False,1,0,0,False
1783947642.4476278,20,1784186324.4936843,37.49713893339437,0.6698771648737316,-500,True,37.5,36.5,38.6,0.95,0.05,0.0,0.7,0.03,2,1784186334.5197308,False,True,True,True,1784186315.1350386,False,True,1,0,False
1783947642.4476278,20,1784186344.4995546,37.45975432974747,0.6699534599832151,-500,True,37.5,36.5,38.6,0.95,0.05,0.0,0.7,0.03,2,1784186354.5256176,False,True,True,False,1784186315.1350386,False,True,1,0,False
1783947642.4476278,20,1784186364.5053608,37.481116960402844,0.6695719844357977,-500,True,37.5,36.5,38.6,0.95,0.05,0.0,0.7,0.03,2,1784186374.5314388,False,True,True,False,1784186315.1350386,False,True,1,0,False
1783947642.4476278,20,1784186384.511235,37.49980926222629,0.6696482795452812,-500,True,37.5,36.5,38.6,0.95,0.05,0.0,0.7,0.03,2,1784186394.5372713,False,True,True,False,1784186315.1350386,False,True,1,0,False
1783947642.4476278,20,1784186404.5172248,37.507820248722055,0.6698771648737316,-500,True,37.5,36.5,38.6,0.95,0.05,0.0,0.7,0.03,2,1784186414.543538,False,True,True,False,1784186315.1350386,False,1,0,0,False
1783947642.4476278,20,1784186424.5232785,37.49713893339437,0.6696101319905394,-500,True,37.5,36.5,38.6,0.95,0.05,0.0,0.7,0.03,2,1784186434.5494123,False,True,True,False,1784186315.1350386,False,True,1,0,False
1783947642.4476278,20,1784186444.529093,37.507820248722055,0.6698962386511025,-500,True,37.5,36.5,38.6,0.95,0.05,0.0,0.7,0.03,2,1784186454.555223,False,True,True,False,1784186315.1350386,False,1,0,0,False
1783947642.4476278,20,1784186464.5350754,37.481116960402844,0.6698962386511025,-500,True,37.5,36.5,38.6,0.95,0.05,0.0,0.7,0.03,2,1784186474.5611527,False,True,True,False,1784186315.1350386,False,True,1,0,False
1783947642.4476278,20,1784186484.540925,37.46242465857938,0.6697436484321355,-500,True,37.5,36.5,38.6,0.95,0.05,0.0,0.7,0.03,2,1784186494.5669436,False,True,True,True,1784186495.135067,False,True,1,0,False
1783947642.4476278,20,1784186504.5467527,37.427710383764406,0.6698008697642481,-500,True,37.5,36.5,38.6,0.95,0.05,0.0,0.7,0.03,2,1784186514.5727978,False,True,True,True,1784186495.135067,False,True,1,0,False
1783947642.4476278,20,1784186524.5526097,37.41702906843672,0.6695338368810559,-500,True,37.5,36.5,38.6,0.95,0.05,0.0,0.7,0.03,2,1784186534.5786264,False,True,True,False,1784186495.135067,False,True,1,0,False
1783947642.4476278,20,1784186544.5584564,37.438391699092094,0.6695147631036851,-500,True,37.5,36.5,38.6,0.95,0.05,0.0,0.7,0.03,2,1784186554.5844975,False,True,True,False,1784186495.135067,False,True,1,0,False
1783947642.4476278,20,1784186564.5643015,37.45441367208362,0.6696864271000229,-500,True,37.5,36.5,38.6,0.95,0.05,0.0,0.7,0.03,2,1784186574.5903654,False,True,True,False,1784186495.135067,False,True,1,0,False
1783947642.4476278,20,1784186584.5701485,37.49446860456244,0.6699153124284734,-500,True,37.5,36.5,38.6,0.95,0.05,0.0,0.7,0.03,2,1784186594.5963192,False,True,True,False,1784186495.135067,False,True,1,0,False
1783947642.4476278,20,1784186604.5760481,37.47577630273899,0.6697055008773937,-500,True,37.5,36.5,38.6,0.95,0.05,0.0,0.7,0.03,2,1784186614.6021678,False,True,True,False,1784186495.135067,False,True,1,0,False
1783947642.4476278,20,1784186624.5819302,37.53452353704128,0.6698008697642481,-500,True,37.5,36.5,38.6,0.95,0.05,0.0,0.7,0.03,2,1784186634.6081948,False,True,True,False,1784186495.135067,False,1,0,0,False
1783947642.4476278,20,1784186644.5878773,37.51850156404974,0.6698008697642481,-500,True,37.5,36.5,38.6,0.95,0.05,0.0,0.7,0.03,2,1784186654.6139765,False,True,True,False,1784186495.135067,False,1,0,0,False
1783947642.4476278,20,1784186664.5937436,37.507820248722055,0.6697627222095064,-500,True,37.5,36.5,38.6,0.95,0.05,0.0,0.7,0.03,2,1784186674.620032,False,True,True,True,1784186675.1350713,False,1,0,0,False
1783947642.4476278,20,1784186684.5998607,37.46242465857938,0.6697055008773937,-500,True,37.5,36.5,38.6,0.95,0.05,0.0,0.7,0.03,2,1784186694.6259117,False,True,True,True,1784186675.1350713,False,True,1,0,False
1783947642.4476278,20,1784186704.6056662,37.438391699092094,0.6695910582131686,-500,True,37.5,36.5,38.6,0.95,0.05,0.0,0.7,0.03,2,1784186714.6317308,False,True,True,False,1784186675.1350713,False,True,1,0,False
1783947642.4476278,20,1784186724.611563,37.438391699092094,0.6693240253299763,-500,True,37.5,36.5,38.6,0.95,0.05,0.0,0.7,0.03,2,1784186734.6378675,False,True,True,False,1784186675.1350713,False,True,1,0,False
1783947642.4476278,20,1784186744.6175303,37.43305104142824,0.6694956893263142,-500,True,37.5,36.5,38.6,0.95,0.05,0.0,0.7,0.03,2,1784186754.643658,False,True,True,False,1784186675.1350713,False,True,1,0,False
1783947642.4476278,20,1784186764.623473,37.465094987411305,0.6692858777752346,-500,True,37.5,36.5,38.6,0.95,0.05,0.0,0.7,0.03,2,1784186774.649513,False,True,True,False,1784186675.1350713,False,True,1,0,False
1783947642.4476278,20,1784186784.6293082,37.46776531624323,0.6696292057679102,-500,True,37.5,36.5,38.6,0.95,0.05,0.0,0.7,0.03,2,1784186794.6553452,False,True,True,False,1784186675.1350713,False,True,1,0,False
1783947642.4476278,20,1784186804.6351514,37.470435645075156,0.6697245746547646,-500,True,37.5,36.5,38.6,0.95,0.05,0.0,0.7,0.03,2,1784186814.661175,False,True,True,False,1784186675.1350713,False,True,1,0,False
1783947642.4476278,20,1784186824.6410563,37.48645761806668,0.6695910582131686,-500,True,37.5,36.5,38.6,0.95,0.05,0.0,0.7,0.03,2,1784186834.6671119,False,True,True,False,1784186675.1350713,False,True,1,0,False
1783947642.4476278,20,1784186844.6469173,37.49179827573053,0.6697627222095064,-500,True,37.5,36.5,38.6,0.95,0.05,0.0,0.7,0.03,2,1784186854.6729228,False,True,True,True,1784186855.1351025,False,True,1,0,False
1783947642.4476278,20,1784186864.6526983,37.48645761806668,0.6696292057679102,-500,True,37.5,36.5,38.6,0.95,0.05,0.0,0.7,0.03,2,1784186874.678736,False,True,True,True,1784186855.1351025,False,True,1,0,False
1783947642.4476278,20,1784186884.6585405,37.47844663157092,0.6694575417715725,-500,True,37.5,36.5,38.6,0.95,0.05,0.0,0.7,0.03,2,1784186894.684543,False,True,True,False,1784186855.1351025,False,True,1,0,False
1783947642.4476278,20,1784186904.6642997,37.470435645075156,0.6697627222095064,-500,True,37.5,36.5,38.6,0.95,0.05,0.0,0.7,0.03,2,1784186914.6904008,False,True,True,False,1784186855.1351025,False,True,1,0,False
1783947642.4476278,20,1784186924.6701958,37.49713893339437,0.669381246662089,-500,True,37.5,36.5,38.6,0.95,0.05,0.0,0.7,0.03,2,1784186934.696186,False,True,True,False,1784186855.1351025,False,True,1,0,False
1783947642.4476278,20,1784186944.6759717,37.507820248722055,0.6696292057679102,-500,True,37.5,36.5,38.6,0.95,0.05,0.0,0.7,0.03,2,1784186954.7020223,False,True,True,False,1784186855.1351025,False,1,0,0,False
1783947642.4476278,20,1784186964.6817822,37.50247959105822,0.669972533760586,-500,True,37.5,36.5,38.6,0.95,0.05,0.0,0.7,0.03,2,1784186974.7080064,False,True,True,False,1784186855.1351025,False,1,0,0,False
1783947642.4476278,20,1784186984.6878629,37.49980926222629,0.6697055008773937,-500,True,37.5,36.5,38.6,0.95,0.05,0.0,0.7,0.03,2,1784186994.7139258,False,True,True,False,1784186855.1351025,False,True,1,0,False
1783947642.4476278,20,1784187004.693693,37.44373235675593,0.6694384679942016,-500,True,37.5,36.5,38.6,0.95,0.05,0.0,0.7,0.03,2,1784187014.7197387,False,True,True,False,1784186855.1351025,False,True,1,0,False
1783947642.4476278,20,1784187024.6995687,37.45441367208362,0.6697627222095064,-500,True,37.5,36.5,38.6,0.95,0.05,0.0,0.7,0.03,2,1784187034.7255976,False,True,True,True,1784187035.1351142,False,True,1,0,False
1783947642.4476278,20,1784187044.7053967,37.44907301441978,0.6695147631036851,-500,True,37.5,36.5,38.6,0.95,0.05,0.0,0.7,0.03,2,1784187054.7314496,False,True,True,True,1784187035.1351142,False,True,1,0,False
1783947642.4476278,20,1784187064.7112737,37.41702906843672,0.6695910582131686,-500,True,37.5,36.5,38.6,0.95,0.05,0.0,0.7,0.03,2,1784187074.737417,False,True,True,False,1784187035.1351142,False,True,1,0,False
1783947642.4476278,20,1784187084.7170753,37.446402685587856,0.6695529106584267,-500,True,37.5,36.5,38.6,0.95,0.05,0.0,0.7,0.03,2,1784187094.7432468,False,True,True,False,1784187035.1351142,False,True,1,0,False
1783947642.4476278,20,1784187104.7229893,37.49713893339437,0.6696101319905394,-500,True,37.5,36.5,38.6,0.95,0.05,0.0,0.7,0.03,2,1784187114.7493725,False,True,True,False,1784187035.1351142,False,True,1,0,False
1783947642.4476278,20,1784187124.7289019,37.48645761806668,0.6695529106584267,-500,True,37.5,36.5,38.6,0.95,0.05,0.0,0.7,0.03,2,1784187134.7550757,False,True,True,False,1784187035.1351142,False,True,1,0,False
1783947642.4476278,20,1784187144.7348268,37.507820248722055,0.6694384679942016,-500,True,37.5,36.5,38.6,0.95,0.05,0.0,0.7,0.03,2,1784187154.761262,False,True,True,False,1784187035.1351142,False,1,0,0,False
1783947642.4476278,20,1784187164.7410703,37.52384222171359,0.6694766155489432,-500,True,37.5,36.5,38.6,0.95,0.05,0.0,0.7,0.03,2,1784187174.7671232,False,True,True,False,1784187035.1351142,False,1,0,0,False
1783947642.4476278,20,1784187184.7470152,37.49446860456244,0.6694956893263142,-500,True,37.5,36.5,38.6,0.95,0.05,0.0,0.7,0.03,2,1784187194.7731838,False,True,True,False,1784187035.1351142,False,True,1,0,False
1783947642.4476278,20,1784187204.7529535,37.45975432974747,0.6694193942168307,-500,True,37.5,36.5,38.6,0.95,0.05,0.0,0.7,0.03,2,1784187214.7791808,False,True,True,True,1784187215.1351254,False,True,1,0,False
1783947642.4476278,20,1784187224.7588272,37.45441367208362,0.6696101319905394,-500,True,37.5,36.5,38.6,0.95,0.05,0.0,0.7,0.03,2,1784187234.7848995,False,True,True,True,1784187215.1351254,False,True,1,0,False
1783947642.4476278,20,1784187244.7646582,37.44373235675593,0.6694384679942016,-500,True,37.5,36.5,38.6,0.95,0.05,0.0,0.7,0.03,2,1784187254.7907727,False,True,True,False,1784187215.1351254,False,True,1,0,False
1783947642.4476278,20,1784187264.7706432,37.438391699092094,0.6696292057679102,-500,True,37.5,36.5,38.6,0.95,0.05,0.0,0.7,0.03,2,1784187274.7966595,False,True,True,False,1784187215.1351254,False,True,1,0,False
1783947642.4476278,20,1784187284.7764177,37.489127946898606,0.6696864271000229,-500,True,37.5,36.5,38.6,0.95,0.05,0.0,0.7,0.03,2,1784187294.80261,False,True,True,False,1784187215.1351254,False,True,1,0,False
1783947642.4476278,20,1784187304.78233,37.49713893339437,0.6698008697642481,-500,True,37.5,36.5,38.6,0.95,0.05,0.0,0.7,0.03,2,1784187314.808463,False,True,True,False,1784187215.1351254,False,True,1,0,False
1783947642.4476278,20,1784187324.7883148,37.507820248722055,0.6694766155489432,-500,True,37.5,36.5,38.6,0.95,0.05,0.0,0.7,0.03,2,1784187334.814337,False,True,True,False,1784187215.1351254,False,1,0,0,False
1783947642.4476278,20,1784187344.794168,37.52384222171359,0.6696292057679102,-500,True,37.5,36.5,38.6,0.95,0.05,0.0,0.7,0.03,2,1784187354.8201976,False,True,True,False,1784187215.1351254,False,1,0,0,False
1783947642.4476278,20,1784187364.8000052,37.513160906385906,0.6695338368810559,-500,True,37.5,36.5,38.6,0.95,0.05,0.0,0.7,0.03,2,1784187374.8260918,False,True,True,False,1784187215.1351254,False,1,0,0,False
1783947642.4476278,20,1784187384.8060014,37.483787289234755,0.6693430991073472,-500,True,37.5,36.5,38.6,0.95,0.05,0.0,0.7,0.03,2,1784187394.8320794,False,True,True,True,1784187395.1351402,False,True,1,0,False
1783947642.4476278,20,1784187404.8118618,37.45441367208362,0.6693430991073472,-500,True,37.5,36.5,38.6,0.95,0.05,0.0,0.7,0.03,2,1784187414.8379889,False,True,True,True,1784187395.1351402,False,True,1,0,False
1783947642.4476278,20,1784187424.8177238,37.44373235675593,0.6694003204394597,-500,True,37.5,36.5,38.6,0.95,0.05,0.0,0.7,0.03,2,1784187434.843779,False,True,True,False,1784187395.1351402,False,True,1,0,False
1783947642.4476278,20,1784187444.8235931,37.47577630273899,0.669667353322652,-500,True,37.5,36.5,38.6,0.95,0.05,0.0,0.7,0.03,2,1784187454.8496647,False,True,True,False,1784187395.1351402,False,True,1,0,False
1783947642.4476278,20,1784187464.8294377,37.45441367208362,0.6692858777752346,-500,True,37.5,36.5,38.6,0.95,0.05,0.0,0.7,0.03,2,1784187474.855573,False,True,True,False,1784187395.1351402,False,True,1,0,False
1783947642.4476278,20,1784187484.8353815,37.50514991989013,0.6694766155489432,-500,True,37.5,36.5,38.6,0.95,0.05,0.0,0.7,0.03,2,1784187494.8615046,False,True,True,False,1784187395.1351402,False,1,0,0,False
1783947642.4476278,20,1784187504.8412952,37.49713893339437,0.6694193942168307,-500,True,37.5,36.5,38.6,0.95,0.05,0.0,0.7,0.03,2,1784187514.8673232,False,True,True,False,1784187395.1351402,False,True,1,0,False
1783947642.4476278,20,1784187524.847178,37.49713893339437,0.6695719844357977,-500,True,37.5,36.5,38.6,0.95,0.05,0.0,0.7,0.03,2,1784187534.8732975,False,True,True,False,1784187395.1351402,False,True,1,0,False
1783947642.4476278,20,1784187544.8530757,37.507820248722055,0.6693049515526055,-500,True,37.5,36.5,38.6,0.95,0.05,0.0,0.7,0.03,2,1784187554.8790715,False,True,True,False,1784187395.1351402,False,1,0,0,False
1783947642.4476278,20,1784187564.8589249,37.48645761806668,0.6695529106584267,-500,True,37.5,36.5,38.6,0.95,0.05,0.0,0.7,0.03,2,1784187574.8849502,False,True,True,True,1784187575.1351488,False,True,1,0,False
1783947642.4476278,20,1784187584.8647246,37.43572137026017,0.6693049515526055,-500,True,37.5,36.5,38.6,0.95,0.05,0.0,0.7,0.03,2,1784187594.8909235,False,True,True,True,1784187575.1351488,False,True,1,0,False
1783947642.4476278,20,1784187604.8706179,37.422369726100555,0.669381246662089,-500,True,37.5,36.5,38.6,0.95,0.05,0.0,0.7,0.03,2,1784187614.8967354,False,True,True,False,1784187575.1351488,False,True,1,0,False
1783947642.4476278,20,1784187624.8764932,37.44373235675593,0.6692668039978638,-500,True,37.5,36.5,38.6,0.95,0.05,0.0,0.7,0.03,2,1784187634.902527,False,True,True,False,1784187575.1351488,False,True,1,0,False
1783947642.4476278,20,1784187644.8823316,37.470435645075156,0.6695529106584267,-500,True,37.5,36.5,38.6,0.95,0.05,0.0,0.7,0.03,2,1784187654.908394,False,True,True,False,1784187575.1351488,False,True,1,0,False
1783947642.4476278,20,1784187664.8882287,37.481116960402844,0.6698580910963606,-500,True,37.5,36.5,38.6,0.95,0.05,0.0,0.7,0.03,2,1784187674.9143984,False,True,True,False,1784187575.1351488,False,True,1,0,False
1783947642.4476278,20,1784187684.8942003,37.51049057755398,0.6693621728847181,-500,True,37.5,36.5,38.6,0.95,0.05,0.0,0.7,0.03,2,1784187694.9203625,False,True,True,False,1784187575.1351488,False,1,0,0,False
1783947642.4476278,20,1784187704.9000363,37.51850156404974,0.669381246662089,-500,True,37.5,36.5,38.6,0.95,0.05,0.0,0.7,0.03,2,1784187714.926058,False,True,True,False,1784187575.1351488,False,1,0,0,False
1783947642.4476278,20,1784187724.9058673,37.507820248722055,0.6693621728847181,-500,True,37.5,36.5,38.6,0.95,0.05,0.0,0.7,0.03,2,1784187734.9318705,False,True,True,False,1784187575.1351488,False,1,0,0,False
1783947642.4476278,20,1784187744.9116924,37.51850156404974,0.6694575417715725,-500,True,37.5,36.5,38.6,0.95,0.05,0.0,0.7,0.03,2,1784187754.9377792,False,True,True,True,1784187755.1351802,False,1,0,0,False
1783947642.4476278,20,1784187764.917566,37.470435645075156,0.6692477302204928,-500,True,37.5,36.5,38.6,0.95,0.05,0.0,0.7,0.03,2,1784187774.94361,False,True,True,True,1784187755.1351802,False,True,1,0,False
1783947642.4476278,20,1784187784.9234169,37.41969939726863,0.6693430991073472,-500,True,37.5,36.5,38.6,0.95,0.05,0.0,0.7,0.03,2,1784187794.9494896,False,True,True,False,1784187755.1351802,False,True,1,0,False
1783947642.4476278,20,1784187804.9292846,37.44373235675593,0.6690569924467842,-500,True,37.5,36.5,38.6,0.95,0.05,0.0,0.7,0.03,2,1784187814.9554741,False,True,True,False,1784187755.1351802,False,True,1,0,False
1783947642.4476278,20,1784187824.9353015,37.45441367208362,0.6694193942168307,-500,True,37.5,36.5,38.6,0.95,0.05,0.0,0.7,0.03,2,1784187834.9613204,False,True,True,False,1784187755.1351802,False,True,1,0,False
1783947642.4476278,20,1784187844.9411027,37.44373235675593,0.6693049515526055,-500,True,37.5,36.5,38.6,0.95,0.05,0.0,0.7,0.03,2,1784187854.9671361,False,True,True,False,1784187755.1351802,False,True,1,0,False
1783947642.4476278,20,1784187864.9469597,37.45975432974747,0.6690379186694133,-500,True,37.5,36.5,38.6,0.95,0.05,0.0,0.7,0.03,2,1784187874.973014,False,True,True,False,1784187755.1351802,False,True,1,0,False
1783947642.4476278,20,1784187884.9528306,37.489127946898606,0.6691714351110093,-500,True,37.5,36.5,38.6,0.95,0.05,0.0,0.7,0.03,2,1784187894.978927,False,True,True,False,1784187755.1351802,False,True,1,0,False
1783947642.4476278,20,1784187904.9587328,37.50247959105822,0.6693621728847181,-500,True,37.5,36.5,38.6,0.95,0.05,0.0,0.7,0.03,2,1784187914.9847686,False,True,True,False,1784187755.1351802,False,1,0,0,False
1783947642.4476278,20,1784187924.9645452,37.507820248722055,0.6694003204394597,-500,True,37.5,36.5,38.6,0.95,0.05,0.0,0.7,0.03,2,1784187934.9906301,False,True,True,True,1784187935.1352093,False,1,0,0,False
1783947642.4476278,20,1784187944.970426,37.45975432974747,0.6691142137788968,-500,True,37.5,36.5,38.6,0.95,0.05,0.0,0.7,0.03,2,1784187954.996431,False,True,True,True,1784187935.1352093,False,True,1,0,False
1783947642.4476278,20,1784187964.9762917,37.41702906843672,0.6693430991073472,-500,True,37.5,36.5,38.6,0.95,0.05,0.0,0.7,0.03,2,1784187975.0024486,False,True,True,False,1784187935.1352093,False,True,1,0,False
1783947642.4476278,20,1784187984.9821692,37.446402685587856,0.6695338368810559,-500,True,37.5,36.5,38.6,0.95,0.05,0.0,0.7,0.03,2,1784187995.008294,False,True,True,False,1784187935.1352093,False,True,1,0,False
1783947642.4476278,20,1784188004.9880571,37.465094987411305,0.6693240253299763,-500,True,37.5,36.5,38.6,0.95,0.05,0.0,0.7,0.03,2,1784188015.0142083,False,True,True,False,1784187935.1352093,False,True,1,0,False
1783947642.4476278,20,1784188024.9939435,37.481116960402844,0.6694003204394597,-500,True,37.5,36.5,38.6,0.95,0.05,0.0,0.7,0.03,2,1784188035.0201023,False,True,True,False,1784187935.1352093,False,True,1,0,False
1783947642.4476278,20,1784188044.9997993,37.47577630273899,0.6692668039978638,-500,True,37.5,36.5,38.6,0.95,0.05,0.0,0.7,0.03,2,1784188055.0258536,False,True,True,False,1784187935.1352093,False,True,1,0,False
1783947642.4476278,20,1784188065.0056388,37.481116960402844,0.6695719844357977,-500,True,37.5,36.5,38.6,0.95,0.05,0.0,0.7,0.03,2,1784188075.031834,False,True,True,False,1784187935.1352093,False,True,1,0,False
1783947642.4476278,20,1784188085.0115364,37.50514991989013,0.6694193942168307,-500,True,37.5,36.5,38.6,0.95,0.05,0.0,0.7,0.03,2,1784188095.037608,False,True,True,False,1784187935.1352093,False,1,0,0,False
1783947642.4476278,20,1784188105.0173845,37.52384222171359,0.6694003204394597,-500,True,37.5,36.5,38.6,0.95,0.05,0.0,0.7,0.03,2,1784188115.0434713,False,True,True,True,1784188115.1352117,False,1,0,0,False
1783947642.4476278,20,1784188125.023321,37.481116960402844,0.6694193942168307,-500,True,37.5,36.5,38.6,0.95,0.05,0.0,0.7,0.03,2,1784188135.049324,False,True,True,True,1784188115.1352117,False,True,1,0,False
1783947642.4476278,20,1784188145.0291064,37.438391699092094,0.6693240253299763,-500,True,37.5,36.5,38.6,0.95,0.05,0.0,0.7,0.03,2,1784188155.0551379,False,True,True,False,1784188115.1352117,False,True,1,0,False
1783947642.4476278,20,1784188165.0349913,37.470435645075156,0.6693240253299763,-500,True,37.5,36.5,38.6,0.95,0.05,0.0,0.7,0.03,2,1784188175.0612044,False,True,True,False,1784188115.1352117,False,True,1,0,False
1783947642.4476278,20,1784188185.040848,37.47844663157092,0.6692668039978638,-500,True,37.5,36.5,38.6,0.95,0.05,0.0,0.7,0.03,2,1784188195.0669203,False,True,True,False,1784188115.1352117,False,True,1,0,False
1783947642.4476278,20,1784188205.0467474,37.48645761806668,0.6692668039978638,-500,True,37.5,36.5,38.6,0.95,0.05,0.0,0.7,0.03,2,1784188215.07278,False,True,True,False,1784188115.1352117,False,True,1,0,False
1783947642.4476278,20,1784188225.0525558,37.49713893339437,0.6694193942168307,-500,True,37.5,36.5,38.6,0.95,0.05,0.0,0.7,0.03,2,1784188235.0785775,False,True,True,False,1784188115.1352117,False,True,1,0,False
1783947642.4476278,20,1784188245.058469,37.52384222171359,0.6692477302204928,-500,True,37.5,36.5,38.6,0.95,0.05,0.0,0.7,0.03,2,1784188255.0844321,False,True,True,False,1784188115.1352117,False,1,0,0,False
1783947642.4476278,20,1784188265.0642285,37.52384222171359,0.6694003204394597,-500,True,37.5,36.5,38.6,0.95,0.05,0.0,0.7,0.03,2,1784188275.0902824,False,True,True,False,1784188115.1352117,False,1,0,0,False
1783947642.4476278,20,1784188285.070125,37.526512550545505,0.6692858777752346,-500,True,37.5,36.5,38.6,0.95,0.05,0.0,0.7,0.03,2,1784188295.096111,False,True,True,True,1784188295.1352232,False,1,0,0,False
1783947642.4476278,20,1784188305.0759153,37.49713893339437,0.6694193942168307,-500,True,37.5,36.5,38.6,0.95,0.05,0.0,0.7,0.03,2,1784188315.1020076,False,True,True,True,1784188295.1352232,False,True,1,0,False
1783947642.4476278,20,1784188325.0818362,37.43305104142824,0.6691905088883803,-500,True,37.5,36.5,38.6,0.95,0.05,0.0,0.7,0.03,2,1784188335.1079943,False,True,True,False,1784188295.1352232,False,True,1,0,False
1783947642.4476278,20,1784188345.0878053,37.45441367208362,0.6690569924467842,-500,True,37.5,36.5,38.6,0.95,0.05,0.0,0.7,0.03,2,1784188355.1138785,False,True,True,False,1784188295.1352232,False,True,1,0,False
1783947642.4476278,20,1784188365.0936413,37.45975432974747,0.669381246662089,-500,True,37.5,36.5,38.6,0.95,0.05,0.0,0.7,0.03,2,1784188375.119665,False,True,True,False,1784188295.1352232,False,True,1,0,False
1783947642.4476278,20,1784188385.0994825,37.47844663157092,0.6691905088883803,-500,True,37.5,36.5,38.6,0.95,0.05,0.0,0.7,0.03,2,1784188395.1255286,False,True,True,False,1784188295.1352232,False,True,1,0,False
1783947642.4476278,20,1784188405.1053028,37.47577630273899,0.6691905088883803,-500,True,37.5,36.5,38.6,0.95,0.05,0.0,0.7,0.03,2,1784188415.1313593,False,True,True,False,1784188295.1352232,False,True,1,0,False
1783947642.4476278,20,1784188425.1111763,37.48645761806668,0.6692668039978638,-500,True,37.5,36.5,38.6,0.95,0.05,0.0,0.7,0.03,2,1784188435.1372292,False,True,True,False,1784188295.1352232,False,True,1,0,False
1783947642.4476278,20,1784188445.1169956,37.507820248722055,0.6689997711146716,-500,True,37.5,36.5,38.6,0.95,0.05,0.0,0.7,0.03,2,1784188455.1431155,False,True,True,False,1784188295.1352232,False,1,0,0,False
1783947642.4476278,20,1784188465.122961,37.513160906385906,0.669228656443122,-500,True,37.5,36.5,38.6,0.95,0.05,0.0,0.7,0.03,2,1784188475.1489682,False,True,True,True,1784188475.1490705,False,1,0,0,False
1783947642.4476278,20,1784188485.1287382,37.446402685587856,0.6689616235599298,-500,True,37.5,36.5,38.6,0.95,0.05,0.0,0.7,0.03,2,1784188495.154795,False,True,True,True,1784188475.1490705,False,True,1,0,False
1783947642.4476278,20,1784188505.1346369,37.45975432974747,0.6692858777752346,-500,True,37.5,36.5,38.6,0.95,0.05,0.0,0.7,0.03,2,1784188515.1606305,False,True,True,False,1784188475.1490705,False,True,1,0,False
1783947642.4476278,20,1784188525.1404502,37.470435645075156,0.6691905088883803,-500,True,37.5,36.5,38.6,0.95,0.05,0.0,0.7,0.03,2,1784188535.1664944,False,True,True,False,1784188475.1490705,False,True,1,0,False
1783947642.4476278,20,1784188545.1463,37.470435645075156,0.6694003204394597,-500,True,37.5,36.5,38.6,0.95,0.05,0.0,0.7,0.03,2,1784188555.1724305,False,True,True,False,1784188475.1490705,False,True,1,0,False
1783947642.4476278,20,1784188565.152079,37.481116960402844,0.6688853284504463,-500,True,37.5,36.5,38.6,0.95,0.05,0.0,0.7,0.03,2,1784188575.1781287,False,True,True,False,1784188475.1490705,False,True,1,0,False
1783947642.4476278,20,1784188585.1579545,37.50514991989013,0.6693240253299763,-500,True,37.5,36.5,38.6,0.95,0.05,0.0,0.7,0.03,2,1784188595.1839733,False,True,True,False,1784188475.1490705,False,1,0,0,False
1783947642.4476278,20,1784188605.1638267,37.53452353704128,0.6691714351110093,-500,True,37.5,36.5,38.6,0.95,0.05,0.0,0.7,0.03,2,1784188615.1898558,False,True,True,False,1784188475.1490705,False,1,0,0,False
1783947642.4476278,20,1784188625.1696231,37.48645761806668,0.6695910582131686,-500,True,37.5,36.5,38.6,0.95,0.05,0.0,0.7,0.03,2,1784188635.1956275,False,True,True,False,1784188475.1490705,False,True,1,0,False
1783947642.4476278,20,1784188645.1754668,37.470435645075156,0.6692095826657511,-500,True,37.5,36.5,38.6,0.95,0.05,0.0,0.7,0.03,2,1784188655.2016983,False,True,True,True,1784188655.1491032,False,True,1,0,False
1783947642.4476278,20,1784188665.1813548,37.44373235675593,0.6691714351110093,-500,True,37.5,36.5,38.6,0.95,0.05,0.0,0.7,0.03,2,1784188675.2074633,False,True,True,False,1784188655.1491032,False,True,1,0,False
1783947642.4476278,20,1784188685.1872609,37.446402685587856,0.6689997711146716,-500,True,37.5,36.5,38.6,0.95,0.05,0.0,0.7,0.03,2,1784188695.2133038,False,True,True,False,1784188655.1491032,False,True,1,0,False
1783947642.4476278,20,1784188705.193088,37.465094987411305,0.6689997711146716,-500,True,37.5,36.5,38.6,0.95,0.05,0.0,0.7,0.03,2,1784188715.2191012,False,True,True,False,1784188655.1491032,False,True,1,0,False
1783947642.4476278,20,1784188725.1989143,37.47577630273899,0.6693049515526055,-500,True,37.5,36.5,38.6,0.95,0.05,0.0,0.7,0.03,2,1784188735.2249606,False,True,True,False,1784188655.1491032,False,True,1,0,False
1783947642.4476278,20,1784188745.2047703,37.507820248722055,0.6691714351110093,-500,True,37.5,36.5,38.6,0.95,0.05,0.0,0.7,0.03,2,1784188755.2308252,False,True,True,False,1784188655.1491032,False,1,0,0,False
1783947642.4476278,20,1784188765.2106838,37.507820248722055,0.6691332875562677,-500,True,37.5,36.5,38.6,0.95,0.05,0.0,0.7,0.03,2,1784188775.2369416,False,True,True,False,1784188655.1491032,False,1,0,0,False
1783947642.4476278,20,1784188785.216811,37.489127946898606,0.6692858777752346,-500,True,37.5,36.5,38.6,0.95,0.05,0.0,0.7,0.03,2,1784188795.2428966,False,True,True,False,1784188655.1491032,False,True,1,0,False
1783947642.4476278,20,1784188805.2227702,37.48645761806668,0.6691523613336385,-500,True,37.5,36.5,38.6,0.95,0.05,0.0,0.7,0.03,2,1784188815.2488065,False,False,True,False,1784188655.1491032,False,True,1,0,False
1783947642.4476278,20,1784188825.228598,37.49713893339437,0.6691523613336385,-500,True,37.5,36.5,38.6,0.95,0.05,0.0,0.7,0.03,2,1784188835.254611,True,False,True,True,1784188835.149139,False,True,1,0,False
1783947642.4476278,20,1784188845.2344747,37.52384222171359,0.6691142137788968,-500,True,37.5,36.5,38.6,0.95,0.05,0.0,0.7,0.03,2,1784188855.260506,True,False,True,False,1784188835.149139,False,1,0,0,False
1783947642.4476278,20,1784188865.2403102,37.52384222171359,0.6689425497825588,-500,True,37.5,36.5,38.6,0.95,0.05,0.0,0.7,0.03,2,1784188875.2663713,True,False,True,False,1784188835.149139,False,1,0,0,False
1783947642.4476278,20,1784188885.2461913,37.49446860456244,0.6690188448920423,-500,True,37.5,36.5,38.6,0.95,0.05,0.0,0.7,0.03,2,1784188895.272192,True,False,True,False,1784188835.149139,False,True,1,0,False
1783947642.4476278,20,1784188905.2519982,37.49713893339437,0.669228656443122,-500,True,37.5,36.5,38.6,0.95,0.05,0.0,0.7,0.03,2,1784188915.2780647,True,False,True,False,1784188835.149139,False,True,1,0,False
1783947642.4476278,20,1784188925.2577887,37.507820248722055,0.6694003204394597,-500,True,37.5,36.5,38.6,0.95,0.05,0.0,0.7,0.03,2,1784188935.2838156,True,False,True,False,1784188835.149139,False,1,0,0,False
1783947642.4476278,20,1784188945.2636263,37.507820248722055,0.6690569924467842,-500,True,37.5,36.5,38.6,0.95,0.05,0.0,0.7,0.03,2,1784188955.289671,True,False,True,False,1784188835.149139,False,1,0,0,False
1783947642.4476278,20,1784188965.2694726,37.49713893339437,0.6690951400015258,-500,True,37.5,36.5,38.6,0.95,0.05,0.0,0.7,0.03,2,1784188975.2955189,True,False,True,False,1784188835.149139,False,True,1,0,False
1783947642.4476278,20,1784188985.2753346,37.49446860456244,0.6690951400015258,-500,True,37.5,36.5,38.6,0.95,0.05,0.0,0.7,0.03,2,1784188995.3014848,True,False,True,False,1784188835.149139,False,True,1,0,False
1783947642.4476278,20,1784189005.2812514,37.48645761806668,0.6689997711146716,-500,True,37.5,36.5,38.6,0.95,0.05,0.0,0.7,0.03,2,1784189015.3073132,True,False,True,True,1784189015.1491742,False,True,1,0,False
1783947642.4476278,20,1784189025.287133,37.47577630273899,0.6692668039978638,-500,True,37.5,36.5,38.6,0.95,0.05,0.0,0.7,0.03,2,1784189035.313338,True,False,True,False,1784189015.1491742,False,True,1,0,False
1783947642.4476278,20,1784189045.2929664,37.48645761806668,0.669076066224155,-500,True,37.5,36.5,38.6,0.95,0.05,0.0,0.7,0.03,2,1784189055.3190324,True,False,True,False,1784189015.1491742,False,True,1,0,False
1783947642.4476278,20,1784189065.2989497,37.49713893339437,0.6690951400015258,-500,True,37.5,36.5,38.6,0.95,0.05,0.0,0.7,0.03,2,1784189075.3250084,True,False,True,False,1784189015.1491742,False,True,1,0,False
1783947642.4476278,20,1784189085.3048103,37.51049057755398,0.6688281071183337,-500,True,37.5,36.5,38.6,0.95,0.05,0.0,0.7,0.03,2,1784189095.330838,True,False,True,False,1784189015.1491742,False,1,0,0,False
1783947642.4476278,20,1784189105.3106961,37.507820248722055,0.6690188448920423,-500,True,37.5,36.5,38.6,0.95,0.05,0.0,0.7,0.03,2,1784189115.3367422,True,False,True,False,1784189015.1491742,False,1,0,0,False
1783947642.4476278,20,1784189125.316534,37.52384222171359,0.6690569924467842,-500,True,37.5,36.5,38.6,0.95,0.05,0.0,0.7,0.03,2,1784189135.3427866,True,False,True,False,1784189015.1491742,False,1,0,0,False
1783947642.4476278,20,1784189145.3224847,37.507820248722055,0.6690951400015258,-500,True,37.5,36.5,38.6,0.95,0.05,0.0,0.7,0.03,2,1784189155.3485134,True,False,True,False,1784189015.1491742,False,1,0,0,False
1783947642.4476278,20,1784189165.3283386,37.481116960402844,0.6690569924467842,-500,True,37.5,36.5,38.6,0.95,0.05,0.0,0.7,0.03,2,1784189175.3545125,True,False,True,False,1784189015.1491742,False,True,1,0,False
1783947642.4476278,20,1784189185.334327,37.47844663157092,0.6689425497825588,-500,True,37.5,36.5,38.6,0.95,0.05,0.0,0.7,0.03,2,1784189195.3606122,True,False,True,True,1784189195.1492057,False,True,1,0,False
1783947642.4476278,20,1784189205.3403466,37.465094987411305,0.6692858777752346,-500,True,37.5,36.5,38.6,0.95,0.05,0.0,0.7,0.03,2,1784189215.366488,True,False,True,False,1784189195.1492057,False,True,1,0,False
1783947642.4476278,20,1784189225.3461914,37.43305104142824,0.6691523613336385,-500,True,37.5,36.5,38.6,0.95,0.05,0.0,0.7,0.03,2,1784189235.372251,True,False,True,False,1784189195.1492057,False,True,1,0,False
1783947642.4476278,20,1784189245.3519454,37.470435645075156,0.6689425497825588,-500,True,37.5,36.5,38.6,0.95,0.05,0.0,0.7,0.03,2,1784189255.3779826,True,False,True,False,1784189195.1492057,False,True,1,0,False
1783947642.4476278,20,1784189265.3578713,37.470435645075156,0.6690188448920423,-500,True,37.5,36.5,38.6,0.95,0.05,0.0,0.7,0.03,2,1784189275.3839304,True,False,True,False,1784189195.1492057,False,True,1,0,False
1783947642.4476278,20,1784189285.3637676,37.50514991989013,0.6689616235599298,-500,True,37.5,36.5,38.6,0.95,0.05,0.0,0.7,0.03,2,1784189295.3897958,True,False,True,False,1784189195.1492057,False,1,0,0,False
1783947642.4476278,20,1784189305.3695796,37.52384222171359,0.6689425497825588,-500,True,37.5,36.5,38.6,0.95,0.05,0.0,0.7,0.03,2,1784189315.395604,True,False,True,False,1784189195.1492057,False,1,0,0,False
1783947642.4476278,20,1784189325.375439,37.50247959105822,0.6689997711146716,-500,True,37.5,36.5,38.6,0.95,0.05,0.0,0.7,0.03,2,1784189335.4014592,True,False,True,False,1784189195.1492057,False,1,0,0,False
1783947642.4476278,20,1784189345.3813224,37.49713893339437,0.6690569924467842,-500,True,37.5,36.5,38.6,0.95,0.05,0.0,0.7,0.03,2,1784189355.407441,True,False,True,False,1784189195.1492057,False,True,1,0,False
1783947642.4476278,20,1784189365.387258,37.49179827573053,0.6689044022278172,-500,True,37.5,36.5,38.6,0.95,0.05,0.0,0.7,0.03,2,1784189375.4133034,True,False,True,True,1784189375.1492143,False,True,1,0,False
1783947642.4476278,20,1784189385.39313,37.45708400091554,0.6689234760051881,-500,True,37.5,36.5,38.6,0.95,0.05,0.0,0.7,0.03,2,1784189395.419216,True,False,True,False,1784189375.1492143,False,True,1,0,False
1783947642.4476278,20,1784189405.3990319,37.43305104142824,0.6686755168993668,-500,True,37.5,36.5,38.6,0.95,0.05,0.0,0.7,0.03,2,1784189415.4251444,True,False,True,False,1784189375.1492143,False,True,1,0,False
1783947642.4476278,20,1784189425.4049232,37.48645761806668,0.6688853284504463,-500,True,37.5,36.5,38.6,0.95,0.05,0.0,0.7,0.03,2,1784189435.4310064,True,False,True,False,1784189375.1492143,False,True,1,0,False
1783947642.4476278,20,1784189445.410835,37.49713893339437,0.6690569924467842,-500,True,37.5,36.5,38.6,0.95,0.05,0.0,0.7,0.03,2,1784189455.4368625,True,False,True,False,1784189375.1492143,False,True,1,0,False
1783947642.4476278,20,1784189465.4166691,37.49179827573053,0.6690569924467842,-500,True,37.5,36.5,38.6,0.95,0.05,0.0,0.7,0.03,2,1784189475.4427269,True,False,True,False,1784189375.1492143,False,True,1,0,False
1783947642.4476278,20,1784189485.4225318,37.49980926222629,0.6689806973373007,-500,True,37.5,36.5,38.6,0.95,0.05,0.0,0.7,0.03,2,1784189495.4485786,True,False,True,False,1784189375.1492143,False,True,1,0,False
1783947642.4476278,20,1784189505.4282668,37.52384222171359,0.6688471808957046,-500,True,37.5,36.5,38.6,0.95,0.05,0.0,0.7,0.03,2,1784189515.4544556,True,False,True,False,1784189375.1492143,False,1,0,0,False
1783947642.4476278,20,1784189525.4341626,37.513160906385906,0.6687899595635919,-500,True,37.5,36.5,38.6,0.95,0.05,0.0,0.7,0.03,2,1784189535.4601543,True,False,True,False,1784189375.1492143,False,1,0,0,False
1783947642.4476278,20,1784189545.4399798,37.50247959105822,0.6688090333409629,-500,True,37.5,36.5,38.6,0.95,0.05,0.0,0.7,0.03,2,1784189555.4660053,True,False,True,True,1784189555.1492267,False,1,0,0,False
1783947642.4476278,20,1784189565.4459093,37.48645761806668,0.6689616235599298,-500,True,37.5,36.5,38.6,0.95,0.05,0.0,0.7,0.03,2,1784189575.4719126,True,False,True,False,1784189555.1492267,False,True,1,0,False
1783947642.4476278,20,1784189585.4517257,37.43038071259632,0.6689425497825588,-500,True,37.5,36.5,38.6,0.95,0.05,0.0,0.7,0.03,2,1784189595.4777331,True,False,True,False,1784189555.1492267,False,True,1,0,False
1783947642.4476278,20,1784189605.4575198,37.45975432974747,0.6690188448920423,-500,True,37.5,36.5,38.6,0.95,0.05,0.0,0.7,0.03,2,1784189615.4837205,True,False,True,False,1784189555.1492267,False,True,1,0,False
1783947642.4476278,20,1784189625.4634001,37.470435645075156,0.6689234760051881,-500,True,37.5,36.5,38.6,0.95,0.05,0.0,0.7,0.03,2,1784189635.4894469,True,False,True,False,1784189555.1492267,False,True,1,0,False
1783947642.4476278,20,1784189645.469218,37.465094987411305,0.6689425497825588,-500,True,37.5,36.5,38.6,0.95,0.05,0.0,0.7,0.03,2,1784189655.495241,True,False,True,False,1784189555.1492267,False,True,1,0,False
1783947642.4476278,20,1784189665.4750538,37.49713893339437,0.6688662546730754,-500,True,37.5,36.5,38.6,0.95,0.05,0.0,0.7,0.03,2,1784189675.5011032,True,False,True,False,1784189555.1492267,False,True,1,0,False
1783947642.4476278,20,1784189685.4808748,37.47310597390707,0.6689425497825588,-500,True,37.5,36.5,38.6,0.95,0.05,0.0,0.7,0.03,2,1784189695.5069506,True,False,True,False,1784189555.1492267,False,True,1,0,False
1783947642.4476278,20,1784189705.4868183,37.50247959105822,0.6689044022278172,-500,True,37.5,36.5,38.6,0.95,0.05,0.0,0.7,0.03,2,1784189715.5128772,True,False,True,False,1784189555.1492267,False,1,0,0,False
1783947642.4476278,20,1784189725.4926538,37.51850156404974,0.6689806973373007,-500,True,37.5,36.5,38.6,0.95,0.05,0.0,0.7,0.03,2,1784189735.518664,True,False,True,True,1784189735.1492457,False,1,0,0,False
1783947642.4476278,20,1784189745.4985213,37.481116960402844,0.6689997711146716,-500,True,37.5,36.5,38.6,0.95,0.05,0.0,0.7,0.03,2,1784189755.5245688,True,False,True,False,1784189735.1492457,False,True,1,0,False
1783947642.4476278,20,1784189765.5043633,37.470435645075156,0.6689425497825588,-500,True,37.5,36.5,38.6,0.95,0.05,0.0,0.7,0.03,2,1784189775.5304327,True,False,True,False,1784189735.1492457,False,True,1,0,False
1783947642.4476278,20,1784189785.510226,37.489127946898606,0.6690951400015258,-500,True,37.5,36.5,38.6,0.95,0.05,0.0,0.7,0.03,2,1784189795.5361943,True,False,True,False,1784189735.1492457,False,True,1,0,False
1783947642.4476278,20,1784189805.5160496,37.49179827573053,0.6689425497825588,-500,True,37.5,36.5,38.6,0.95,0.05,0.0,0.7,0.03,2,1784189815.5421138,True,False,True,False,1784189735.1492457,False,True,1,0,False
1783947642.4476278,20,1784189825.521906,37.50247959105822,0.6689616235599298,-500,True,37.5,36.5,38.6,0.95,0.05,0.0,0.7,0.03,2,1784189835.5479066,True,False,True,False,1784189735.1492457,False,1,0,0,False
1783947642.4476278,20,1784189845.527745,37.481116960402844,0.6690569924467842,-500,True,37.5,36.5,38.6,0.95,0.05,0.0,0.7,0.03,2,1784189855.5539076,True,False,True,False,1784189735.1492457,False,True,1,0,False
1783947642.4476278,20,1784189865.5336628,37.507820248722055,0.6691332875562677,-500,True,37.5,36.5,38.6,0.95,0.05,0.0,0.7,0.03,2,1784189875.5596879,True,False,True,False,1784189735.1492457,False,1,0,0,False
1783947642.4476278,20,1784189885.5395179,37.50514991989013,0.6689997711146716,-500,True,37.5,36.5,38.6,0.95,0.05,0.0,0.7,0.03,2,1784189895.565485,True,False,True,False,1784189735.1492457,False,1,0,0,False
1783947642.4476278,20,1784189905.5452955,37.465094987411305,0.6687327382314794,-500,True,37.5,36.5,38.6,0.95,0.05,0.0,0.7,0.03,2,1784189915.5713232,True,False,True,True,1784189915.1492686,False,True,1,0,False
1783947642.4476278,20,1784189925.551143,37.481116960402844,0.6686564431219959,-500,True,37.5,36.5,38.6,0.95,0.05,0.0,0.7,0.03,2,1784189935.5771625,True,False,True,False,1784189915.1492686,False,True,1,0,False
1783947642.4476278,20,1784189945.5570202,37.470435645075156,0.6690188448920423,-500,True,37.5,36.5,38.6,0.95,0.05,0.0,0.7,0.03,2,1784189955.58309,True,False,True,False,1784189915.1492686,False,True,1,0,False
1783947642.4476278,20,1784189965.562922,37.465094987411305,0.6687708857862211,-500,True,37.5,36.5,38.6,0.95,0.05,0.0,0.7,0.03,2,1784189975.5889306,True,False,True,False,1784189915.1492686,False,True,1,0,False
1783947642.4476278,20,1784189985.5686948,37.489127946898606,0.6688853284504463,-500,True,37.5,36.5,38.6,0.95,0.05,0.0,0.7,0.03,2,1784189995.5948815,True,False,True,False,1784189915.1492686,False,True,1,0,False
1783947642.4476278,20,1784190005.5745559,37.50247959105822,0.6688471808957046,-500,True,37.5,36.5,38.6,0.95,0.05,0.0,0.7,0.03,2,1784190015.600555,True,False,True,False,1784189915.1492686,False,1,0,0,False
1783947642.4476278,20,1784190025.5803776,37.50247959105822,0.6686945906767376,-500,True,37.5,36.5,38.6,0.95,0.05,0.0,0.7,0.03,2,1784190035.6064477,True,False,True,False,1784189915.1492686,False,1,0,0,False
1783947642.4476278,20,1784190045.5862992,37.45975432974747,0.6686755168993668,-500,True,37.5,36.5,38.6,0.95,0.05,0.0,0.7,0.03,2,1784190055.6122973,True,False,True,False,1784189915.1492686,False,True,1,0,False
1783947642.4476278,20,1784190065.5920796,37.481116960402844,0.6688090333409629,-500,True,37.5,36.5,38.6,0.95,0.05,0.0,0.7,0.03,2,1784190075.6182692,True,False,True,False,1784189915.1492686,False,True,1,0,False
1783947642.4476278,20,1784190085.5980608,37.47310597390707,0.6689044022278172,-500,True,37.5,36.5,38.6,0.95,0.05,0.0,0.7,0.03,2,1784190095.6242635,True,False,True,True,1784190095.1492803,False,True,1,0,False
1783947642.4476278,20,1784190105.6038842,37.470435645075156,0.6685420004577707,-500,True,37.5,36.5,38.6,0.95,0.05,0.0,0.7,0.03,2,1784190115.6461117,True,False,True,False,1784190095.1492803,False,True,1,0,False
1783947642.4476278,20,1784190125.625888,37.47577630273899,0.6688281071183337,-500,True,37.5,36.5,38.6,0.95,0.05,0.0,0.7,0.03,2,1784190135.6519344,True,False,True,False,1784190095.1492803,False,True,1,0,False
1783947642.4476278,20,1784190145.631714,37.48645761806668,0.6686564431219959,-500,True,37.5,36.5,38.6,0.95,0.05,0.0,0.7,0.03,2,1784190155.657749,True,False,True,False,1784190095.1492803,False,True,1,0,False
1783947642.4476278,20,1784190165.6375191,37.48645761806668,0.6685038529030289,-500,True,37.5,36.5,38.6,0.95,0.05,0.0,0.7,0.03,2,1784190175.6635435,True,False,True,False,1784190095.1492803,False,True,1,0,False
1783947642.4476278,20,1784190185.643379,37.51583123521782,0.6686182955672542,-500,True,37.5,36.5,38.6,0.95,0.05,0.0,0.7,0.03,2,1784190195.6693754,True,False,True,False,1784190095.1492803,False,1,0,0,False
1783947642.4476278,20,1784190205.6491933,37.49713893339437,0.6689425497825588,-500,True,37.5,36.5,38.6,0.95,0.05,0.0,0.7,0.03,2,1784190215.6752377,True,False,True,False,1784190095.1492803,False,True,1,0,False
1783947642.4476278,20,1784190225.6550314,37.50247959105822,0.6685610742351414,-500,True,37.5,36.5,38.6,0.95,0.05,0.0,0.7,0.03,2,1784190235.681038,True,False,True,False,1784190095.1492803,False,1,0,0,False
1783947642.4476278,20,1784190245.6608489,37.51850156404974,0.6688471808957046,-500,True,37.5,36.5,38.6,0.95,0.05,0.0,0.7,0.03,2,1784190255.6869056,True,False,True,False,1784190095.1492803,False,1,0,0,False
1783947642.4476278,20,1784190265.6667142,37.481116960402844,0.6685610742351414,-500,True,37.5,36.5,38.6,0.95,0.05,0.0,0.7,0.03,2,1784190275.6928113,True,False,True,True,1784190275.1493046,False,True,1,0,False
1783947642.4476278,20,1784190285.6726496,37.45174334325169,0.6687518120088503,-500,True,37.5,36.5,38.6,0.95,0.05,0.0,0.7,0.03,2,1784190295.6987255,True,False,True,False,1784190275.1493046,False,True,1,0,False
1783947642.4476278,20,1784190305.678517,37.41702906843672,0.6685801480125124,-500,True,37.5,36.5,38.6,0.95,0.05,0.0,0.7,0.03,2,1784190315.7045183,True,False,True,False,1784190275.1493046,False,True,1,0,False
1783947642.4476278,20,1784190325.6843493,37.45975432974747,0.6686182955672542,-500,True,37.5,36.5,38.6,0.95,0.05,0.0,0.7,0.03,2,1784190335.7104383,True,False,True,False,1784190275.1493046,False,True,1,0,False
1783947642.4476278,20,1784190345.6902845,37.465094987411305,0.6691332875562677,-500,True,37.5,36.5,38.6,0.95,0.05,0.0,0.7,0.03,2,1784190355.7164025,True,False,True,False,1784190275.1493046,False,True,1,0,False
1783947642.4476278,20,1784190365.696206,37.481116960402844,0.6686373693446249,-500,True,37.5,36.5,38.6,0.95,0.05,0.0,0.7,0.03,2,1784190375.7223375,True,False,True,False,1784190275.1493046,False,True,1,0,False
1783947642.4476278,20,1784190385.7021432,37.49980926222629,0.6688662546730754,-500,True,37.5,36.5,38.6,0.95,0.05,0.0,0.7,0.03,2,1784190395.728571,True,False,True,False,1784190275.1493046,False,True,1,0,False
1783947642.4476278,20,1784190405.7083163,37.507820248722055,0.6687327382314794,-500,True,37.5,36.5,38.6,0.95,0.05,0.0,0.7,0.03,2,1784190415.734546,True,False,True,False,1784190275.1493046,False,1,0,0,False
1783947642.4476278,20,1784190425.7142613,37.507820248722055,0.6688090333409629,-500,True,37.5,36.5,38.6,0.95,0.05,0.0,0.7,0.03,2,1784190435.7403426,True,False,True,False,1784190275.1493046,False,1,0,0,False
1783947642.4476278,20,1784190445.7200594,37.513160906385906,0.6688090333409629,-500,True,37.5,36.5,38.6,0.95,0.05,0.0,0.7,0.03,2,1784190455.7462566,True,False,True,True,1784190455.1493402,False,1,0,0,False
1783947642.4476278,20,1784190465.725971,37.481116960402844,0.6688281071183337,-500,True,37.5,36.5,38.6,0.95,0.05,0.0,0.7,0.03,2,1784190475.7522051,True,False,True,False,1784190455.1493402,False,True,1,0,False
1783947642.4476278,20,1784190485.7318277,37.441062027924005,0.6685610742351414,-500,True,37.5,36.5,38.6,0.95,0.05,0.0,0.7,0.03,2,1784190495.7581573,True,False,True,False,1784190455.1493402,False,True,1,0,False
1783947642.4476278,20,1784190505.7380657,37.44373235675593,0.6686564431219959,-500,True,37.5,36.5,38.6,0.95,0.05,0.0,0.7,0.03,2,1784190515.7641194,True,False,True,False,1784190455.1493402,False,True,1,0,False
1783947642.4476278,20,1784190525.7439382,37.45975432974747,0.6687327382314794,-500,True,37.5,36.5,38.6,0.95,0.05,0.0,0.7,0.03,2,1784190535.7700188,True,False,True,False,1784190455.1493402,False,True,1,0,False
1783947642.4476278,20,1784190545.7497585,37.45975432974747,0.6687136644541084,-500,True,37.5,36.5,38.6,0.95,0.05,0.0,0.7,0.03,2,1784190555.775848,True,False,True,False,1784190455.1493402,False,True,1,0,False
1783947642.4476278,20,1784190565.755729,37.470435645075156,0.6686182955672542,-500,True,37.5,36.5,38.6,0.95,0.05,0.0,0.7,0.03,2,1784190575.7819734,True,False,True,False,1784190455.1493402,False,True,1,0,False
1783947642.4476278,20,1784190585.7615607,37.483787289234755,0.6687136644541084,-500,True,37.5,36.5,38.6,0.95,0.05,0.0,0.7,0.03,2,1784190595.787595,True,False,True,False,1784190455.1493402,False,True,1,0,False
1783947642.4476278,20,1784190605.7674115,37.49713893339437,0.6686755168993668,-500,True,37.5,36.5,38.6,0.95,0.05,0.0,0.7,0.03,2,1784190615.7934937,True,False,True,False,1784190455.1493402,False,True,1,0,False
1783947642.4476278,20,1784190625.7733479,37.49179827573053,0.6684275577935455,-500,True,37.5,36.5,38.6,0.95,0.05,0.0,0.7,0.03,2,1784190635.7994401,True,False,True,True,1784190635.1493766,False,True,1,0,False
1783947642.4476278,20,1784190645.7792554,37.49713893339437,0.6686373693446249,-500,True,37.5,36.5,38.6,0.95,0.05,0.0,0.7,0.03,2,1784190655.8053079,True,False,True,False,1784190635.1493766,False,True,1,0,False
1783947642.4476278,20,1784190665.7850819,37.49179827573053,0.6684657053482872,-500,True,37.5,36.5,38.6,0.95,0.05,0.0,0.7,0.03,2,1784190675.8111525,True,False,True,False,1784190635.1493766,False,True,1,0,False
1783947642.4476278,20,1784190685.7910447,37.51049057755398,0.6686945906767376,-500,True,37.5,36.5,38.6,0.95,0.05,0.0,0.7,0.03,2,1784190695.8171039,True,False,True,False,1784190635.1493766,False,1,0,0,False
1783947642.4476278,20,1784190705.796984,37.49713893339437,0.668484779125658,-500,True,37.5,36.5,38.6,0.95,0.05,0.0,0.7,0.03,2,1784190715.8230348,True,False,True,False,1784190635.1493766,False,True,1,0,False
1783947642.4476278,20,1784190725.8028831,37.507820248722055,0.6688281071183337,-500,True,37.5,36.5,38.6,0.95,0.05,0.0,0.7,0.03,2,1784190735.8289056,True,False,True,False,1784190635.1493766,False,1,0,0,False
1783947642.4476278,20,1784190745.8086858,37.49713893339437,0.6685801480125124,-500,True,37.5,36.5,38.6,0.95,0.05,0.0,0.7,0.03,2,1784190755.8347526,True,False,True,False,1784190635.1493766,False,True,1,0,False
1783947642.4476278,20,1784190765.8146238,37.47577630273899,0.6683131151293202,-500,True,37.5,36.5,38.6,0.95,0.05,0.0,0.7,0.03,2,1784190775.8406174,True,False,True,False,1784190635.1493766,False,True,1,0,False
1783947642.4476278,20,1784190785.8204002,37.489127946898606,0.6686945906767376,-500,True,37.5,36.5,38.6,0.95,0.05,0.0,0.7,0.03,2,1784190795.8464787,True,False,True,False,1784190635.1493766,False,True,1,0,False
1783947642.4476278,20,1784190805.826291,37.48645761806668,0.6686755168993668,-500,True,37.5,36.5,38.6,0.95,0.05,0.0,0.7,0.03,2,1784190815.8522906,True,False,True,True,1784190815.1493971,False,True,1,0,False
1783947642.4476278,20,1784190825.8320847,37.49179827573053,0.668351262684062,-500,True,37.5,36.5,38.6,0.95,0.05,0.0,0.7,0.03,2,1784190835.8581696,True,False,True,False,1784190815.1493971,False,True,1,0,False
1783947642.4476278,20,1784190845.837999,37.481116960402844,0.6685610742351414,-500,True,37.5,36.5,38.6,0.95,0.05,0.0,0.7,0.03,2,1784190855.864046,True,False,True,False,1784190815.1493971,False,True,1,0,False
1783947642.4476278,20,1784190865.84387,37.507820248722055,0.6685038529030289,-500,True,37.5,36.5,38.6,0.95,0.05,0.0,0.7,0.03,2,1784190875.8698964,True,False,True,False,1784190815.1493971,False,1,0,0,False
1783947642.4476278,20,1784190885.849678,37.50514991989013,0.6687708857862211,-500,True,37.5,36.5,38.6,0.95,0.05,0.0,0.7,0.03,2,1784190895.8757243,True,False,True,False,1784190815.1493971,False,1,0,0,False
1783947642.4476278,20,1784190905.8555663,37.513160906385906,0.6687518120088503,-500,True,37.5,36.5,38.6,0.95,0.05,0.0,0.7,0.03,2,1784190915.8815992,True,False,True,False,1784190815.1493971,False,1,0,0,False
1783947642.4476278,20,1784190925.8613756,37.513160906385906,0.6686182955672542,-500,True,37.5,36.5,38.6,0.95,0.05,0.0,0.7,0.03,2,1784190935.8873684,True,False,True,False,1784190815.1493971,False,1,0,0,False
1783947642.4476278,20,1784190945.867191,37.48645761806668,0.6686755168993668,-500,True,37.5,36.5,38.6,0.95,0.05,0.0,0.7,0.03,2,1784190955.8934443,True,False,True,False,1784190815.1493971,False,True,1,0,False
1783947642.4476278,20,1784190965.8730614,37.465094987411305,0.668484779125658,-500,True,37.5,36.5,38.6,0.95,0.05,0.0,0.7,0.03,2,1784190975.8992443,True,False,True,False,1784190815.1493971,False,True,1,0,False
1783947642.4476278,20,1784190985.879067,37.46242465857938,0.6686182955672542,-500,True,37.5,36.5,38.6,0.95,0.05,0.0,0.7,0.03,2,1784190995.9051094,True,False,True,True,1784190995.1494339,False,True,1,0,False
1783947642.4476278,20,1784191005.884919,37.465094987411305,0.668484779125658,-500,True,37.5,36.5,38.6,0.95,0.05,0.0,0.7,0.03,2,1784191015.9110098,True,False,True,False,1784190995.1494339,False,True,1,0,False
1783947642.4476278,20,1784191025.8908463,37.48645761806668,0.6685610742351414,-500,True,37.5,36.5,38.6,0.95,0.05,0.0,0.7,0.03,2,1784191035.916864,True,False,True,False,1784190995.1494339,False,True,1,0,False
1783947642.4476278,20,1784191045.896666,37.49713893339437,0.6683703364614328,-500,True,37.5,36.5,38.6,0.95,0.05,0.0,0.7,0.03,2,1784191055.9229252,True,False,True,False,1784190995.1494339,False,True,1,0,False
1783947642.4476278,20,1784191065.9025967,37.48645761806668,0.6682558937972075,-500,True,37.5,36.5,38.6,0.95,0.05,0.0,0.7,0.03,2,1784191075.9286103,True,False,True,False,1784190995.1494339,False,True,1,0,False
1783947642.4476278,20,1784191085.908389,37.483787289234755,0.668351262684062,-500,True,37.5,36.5,38.6,0.95,0.05,0.0,0.7,0.03,2,1784191095.9344554,True,False,True,False,1784190995.1494339,False,True,1,0,False
1783947642.4476278,20,1784191105.9142885,37.51850156404974,0.6685229266803998,-500,True,37.5,36.5,38.6,0.95,0.05,0.0,0.7,0.03,2,1784191115.9403522,True,False,True,False,1784190995.1494339,False,1,0,0,False
1783947642.4476278,20,1784191125.9202142,37.49713893339437,0.6682368200198368,-500,True,37.5,36.5,38.6,0.95,0.05,0.0,0.7,0.03,2,1784191135.9462967,True,False,True,False,1784190995.1494339,False,True,1,0,False
1783947642.4476278,20,1784191145.9261055,37.465094987411305,0.668484779125658,-500,True,37.5,36.5,38.6,0.95,0.05,0.0,0.7,0.03,2,1784191155.9521213,True,False,True,False,1784190995.1494339,False,True,1,0,False
1783947642.4476278,20,1784191165.9319074,37.49179827573053,0.6682558937972075,-500,True,37.5,36.5,38.6,0.95,0.05,0.0,0.7,0.03,2,1784191175.9579773,True,False,True,True,1784191175.149454,False,True,1,0,False
1783947642.4476278,20,1784191185.9378576,37.489127946898606,0.6685610742351414,-500,True,37.5,36.5,38.6,0.95,0.05,0.0,0.7,0.03,2,1784191195.9639003,True,False,True,False,1784191175.149454,False,True,1,0,False
1783947642.4476278,20,1784191205.9437225,37.47577630273899,0.668332188906691,-500,True,37.5,36.5,38.6,0.95,0.05,0.0,0.7,0.03,2,1784191215.969803,True,False,True,False,1784191175.149454,False,True,1,0,False
1783947642.4476278,20,1784191225.9495697,37.48645761806668,0.6682558937972075,-500,True,37.5,36.5,38.6,0.95,0.05,0.0,0.7,0.03,2,1784191235.9756207,True,False,True,False,1784191175.149454,False,True,1,0,False
1783947642.4476278,20,1784191245.9554644,37.47577630273899,0.6685610742351414,-500,True,37.5,36.5,38.6,0.95,0.05,0.0,0.7,0.03,2,1784191255.9815369,True,False,True,False,1784191175.149454,False,True,1,0,False
1783947642.4476278,20,1784191265.961358,37.507820248722055,0.6686182955672542,-500,True,37.5,36.5,38.6,0.95,0.05,0.0,0.7,0.03,2,1784191275.9874425,True,False,True,False,1784191175.149454,False,1,0,0,False
1783947642.4476278,20,1784191285.967262,37.531853208209355,0.6685420004577707,-500,True,37.5,36.5,38.6,0.95,0.05,0.0,0.7,0.03,2,1784191295.9933255,True,False,True,False,1784191175.149454,False,1,0,0,False
1783947642.4476278,20,1784191305.9731097,37.481116960402844,0.6685992217898833,-500,True,37.5,36.5,38.6,0.95,0.05,0.0,0.7,0.03,2,1784191315.999149,True,False,True,False,1784191175.149454,False,True,1,0,False
1783947642.4476278,20,1784191325.9789827,37.47577630273899,0.6685229266803998,-500,True,37.5,36.5,38.6,0.95,0.05,0.0,0.7,0.03,2,1784191336.0051925,True,False,True,False,1784191175.149454,False,True,1,0,False
1783947642.4476278,20,1784191345.984976,37.48645761806668,0.6684466315709163,-500,True,37.5,36.5,38.6,0.95,0.05,0.0,0.7,0.03,2,1784191356.0112622,True,False,True,True,1784191355.1494708,False,True,1,0,False
1783947642.4476278,20,1784191365.9910958,37.44373235675593,0.6683131151293202,-500,True,37.5,36.5,38.6,0.95,0.05,0.0,0.7,0.03,2,1784191376.0172257,True,False,True,False,1784191355.1494708,False,True,1,0,False
1783947642.4476278,20,1784191385.997042,37.45174334325169,0.668351262684062,-500,True,37.5,36.5,38.6,0.95,0.05,0.0,0.7,0.03,2,1784191396.0232568,True,False,True,False,1784191355.1494708,False,True,1,0,False
1783947642.4476278,20,1784191406.003061,37.49179827573053,0.668351262684062,-500,True,37.5,36.5,38.6,0.95,0.05,0.0,0.7,0.03,2,1784191416.0293238,True,False,True,False,1784191355.1494708,False,True,1,0,False
1783947642.4476278,20,1784191426.0090475,37.48645761806668,0.6684466315709163,-500,True,37.5,36.5,38.6,0.95,0.05,0.0,0.7,0.03,2,1784191436.0352526,True,False,True,False,1784191355.1494708,False,True,1,0,False
1783947642.4476278,20,1784191446.0148711,37.50247959105822,0.6684466315709163,-500,True,37.5,36.5,38.6,0.95,0.05,0.0,0.7,0.03,2,1784191456.0409725,True,False,True,False,1784191355.1494708,False,1,0,0,False
1783947642.4476278,20,1784191466.0206997,37.53452353704128,0.6687518120088503,-500,True,37.5,36.5,38.6,0.95,0.05,0.0,0.7,0.03,2,1784191476.046778,True,False,True,False,1784191355.1494708,False,1,0,0,False
1783947642.4476278,20,1784191486.026538,37.526512550545505,0.6687708857862211,-500,True,37.5,36.5,38.6,0.95,0.05,0.0,0.7,0.03,2,1784191496.052566,True,False,True,False,1784191355.1494708,False,1,0,0,False
1783947642.4476278,20,1784191506.0323317,37.50247959105822,0.6686564431219959,-500,True,37.5,36.5,38.6,0.95,0.05,0.0,0.7,0.03,2,1784191516.0584157,True,False,True,False,1784191355.1494708,False,1,0,0,False
1783947642.4476278,20,1784191526.0382278,37.48645761806668,0.6685038529030289,-500,True,37.5,36.5,38.6,0.95,0.05,0.0,0.7,0.03,2,1784191536.0644808,True,False,True,True,1784191535.1494956,False,True,1,0,False
1783947642.4476278,20,1784191546.0441098,37.45975432974747,0.6684275577935455,-500,True,37.5,36.5,38.6,0.95,0.05,0.0,0.7,0.03,2,1784191556.0702617,True,False,True,False,1784191535.1494956,False,True,1,0,False
1783947642.4476278,20,1784191566.0499842,37.465094987411305,0.6685229266803998,-500,True,37.5,36.5,38.6,0.95,0.05,0.0,0.7,0.03,2,1784191576.0760255,True,False,True,False,1784191535.1494956,False,True,1,0,False
1783947642.4476278,20,1784191586.0558584,37.46242465857938,0.6682558937972075,-500,True,37.5,36.5,38.6,0.95,0.05,0.0,0.7,0.03,2,1784191596.081953,True,False,True,False,1784191535.1494956,False,True,1,0,False
1783947642.4476278,20,1784191606.0616987,37.481116960402844,0.6682558937972075,-500,True,37.5,36.5,38.6,0.95,0.05,0.0,0.7,0.03,2,1784191616.0877247,True,False,True,False,1784191535.1494956,False,True,1,0,False
1783947642.4476278,20,1784191626.0675414,37.50247959105822,0.6682558937972075,-500,True,37.5,36.5,38.6,0.95,0.05,0.0,0.7,0.03,2,1784191636.09374,True,False,True,False,1784191535.1494956,False,1,0,0,False
1783947642.4476278,20,1784191646.0735307,37.507820248722055,0.6683894102388037,-500,True,37.5,36.5,38.6,0.95,0.05,0.0,0.7,0.03,2,1784191656.0995376,True,False,True,False,1784191535.1494956,False,1,0,0,False
1783947642.4476278,20,1784191666.079386,37.507820248722055,0.6685801480125124,-500,True,37.5,36.5,38.6,0.95,0.05,0.0,0.7,0.03,2,1784191676.1055014,True,False,True,False,1784191535.1494956,False,1,0,0,False
1783947642.4476278,20,1784191686.0853174,37.51049057755398,0.6683894102388037,-500,True,37.5,36.5,38.6,0.95,0.05,0.0,0.7,0.03,2,1784191696.1113787,True,False,True,False,1784191535.1494956,False,1,0,0,False
1783947642.4476278,20,1784191706.0911846,37.470435645075156,0.6685038529030289,-500,True,37.5,36.5,38.6,0.95,0.05,0.0,0.7,0.03,2,1784191716.1172113,True,False,True,True,1784191715.1495159,False,True,1,0,False
1783947642.4476278,20,1784191726.097002,37.45441367208362,0.6682368200198368,-500,True,37.5,36.5,38.6,0.95,0.05,0.0,0.7,0.03,2,1784191736.1230667,True,False,True,False,1784191715.1495159,False,True,1,0,False
1783947642.4476278,20,1784191746.1028292,37.465094987411305,0.6680270084687571,-500,True,37.5,36.5,38.6,0.95,0.05,0.0,0.7,0.03,2,1784191756.128919,True,False,True,False,1784191715.1495159,False,True,1,0,False
1783947642.4476278,20,1784191766.1086855,37.45975432974747,0.6682177462424659,-500,True,37.5,36.5,38.6,0.95,0.05,0.0,0.7,0.03,2,1784191776.1347246,True,False,True,False,1784191715.1495159,False,True,1,0,False
1783947642.4476278,20,1784191786.1145623,37.46776531624323,0.6681414511329824,-500,True,37.5,36.5,38.6,0.95,0.05,0.0,0.7,0.03,2,1784191796.140566,True,False,True,False,1784191715.1495159,False,True,1,0,False
1783947642.4476278,20,1784191806.1205447,37.50247959105822,0.6682177462424659,-500,True,37.5,36.5,38.6,0.95,0.05,0.0,0.7,0.03,2,1784191816.1467094,True,False,True,False,1784191715.1495159,False,1,0,0,False
1783947642.4476278,20,1784191826.1266196,37.507820248722055,0.668484779125658,-500,True,37.5,36.5,38.6,0.95,0.05,0.0,0.7,0.03,2,1784191836.152578,True,False,True,False,1784191715.1495159,False,1,0,0,False
1783947642.4476278,20,1784191846.132375,37.48645761806668,0.668332188906691,-500,True,37.5,36.5,38.6,0.95,0.05,0.0,0.7,0.03,2,1784191856.1584482,True,False,True,False,1784191715.1495159,False,True,1,0,False
1783947642.4476278,20,1784191866.1382418,37.49713893339437,0.668179598687724,-500,True,37.5,36.5,38.6,0.95,0.05,0.0,0.7,0.03,2,1784191876.1643093,True,False,True,False,1784191715.1495159,False,True,1,0,False
1783947642.4476278,20,1784191886.1440785,37.49980926222629,0.668351262684062,-500,True,37.5,36.5,38.6,0.95,0.05,0.0,0.7,0.03,2,1784191896.1701732,True,False,True,True,1784191895.1495435,False,True,1,0,False
1783947642.4476278,20,1784191906.1498952,37.48645761806668,0.6684084840161745,-500,True,37.5,36.5,38.6,0.95,0.05,0.0,0.7,0.03,2,1784191916.176048,True,False,True,False,1784191895.1495435,False,True,1,0,False
1783947642.4476278,20,1784191926.1557758,37.470435645075156,0.6684657053482872,-500,True,37.5,36.5,38.6,0.95,0.05,0.0,0.7,0.03,2,1784191936.1821764,True,False,True,False,1784191895.1495435,False,True,1,0,False
1783947642.4476278,20,1784191946.1619022,37.48645761806668,0.6685801480125124,-500,True,37.5,36.5,38.6,0.95,0.05,0.0,0.7,0.03,2,1784191956.1881177,True,False,True,False,1784191895.1495435,False,True,1,0,False
1783947642.4476278,20,1784191966.1678946,37.470435645075156,0.6683894102388037,-500,True,37.5,36.5,38.6,0.95,0.05,0.0,0.7,0.03,2,1784191976.1940305,True,False,True,False,1784191895.1495435,False,True,1,0,False
1783947642.4476278,20,1784191986.1736698,37.489127946898606,0.6681605249103533,-500,True,37.5,36.5,38.6,0.95,0.05,0.0,0.7,0.03,2,1784191996.1997771,True,False,True,False,1784191895.1495435,False,True,1,0,False
1783947642.4476278,20,1784192006.179497,37.49713893339437,0.6682368200198368,-500,True,37.5,36.5,38.6,0.95,0.05,0.0,0.7,0.03,2,1784192016.2056825,True,False,True,False,1784191895.1495435,False,True,1,0,False
1783947642.4476278,20,1784192026.1853983,37.481116960402844,0.6684084840161745,-500,True,37.5,36.5,38.6,0.95,0.05,0.0,0.7,0.03,2,1784192036.2114568,True,False,True,False,1784191895.1495435,False,True,1,0,False
1783947642.4476278,20,1784192046.1912746,37.47577630273899,0.6681223773556115,-500,True,37.5,36.5,38.6,0.95,0.05,0.0,0.7,0.03,2,1784192056.2173045,True,False,True,False,1784191895.1495435,False,True,1,0,False
1783947642.4476278,20,1784192066.1970778,37.52384222171359,0.6684084840161745,-500,True,37.5,36.5,38.6,0.95,0.05,0.0,0.7,0.03,2,1784192076.2262504,True,False,True,True,1784192075.1495464,False,1,0,0,False
1783947642.4476278,20,1784192086.2060862,37.50514991989013,0.6680651560234989,-500,True,37.5,36.5,38.6,0.95,0.05,0.0,0.7,0.03,2,1784192096.2320943,True,False,True,False,1784192075.1495464,False,1,0,0,False
1783947642.4476278,20,1784192106.2119093,37.50247959105822,0.6682940413519494,-500,True,37.5,36.5,38.6,0.95,0.05,0.0,0.7,0.03,2,1784192116.2381353,True,False,True,False,1784192075.1495464,False,1,0,0,False
1783947642.4476278,20,1784192126.2179554,37.49713893339437,0.6685229266803998,-500,True,37.5,36.5,38.6,0.95,0.05,0.0,0.7,0.03,2,1784192136.2439373,True,False,True,False,1784192075.1495464,False,True,1,0,False
1783947642.4476278,20,1784192146.2237706,37.47577630273899,0.6683131151293202,-500,True,37.5,36.5,38.6,0.95,0.05,0.0,0.7,0.03,2,1784192156.2498658,True,False,True,False,1784192075.1495464,False,True,1,0,False
1783947642.4476278,20,1784192166.2296832,37.470435645075156,0.6682368200198368,-500,True,37.5,36.5,38.6,0.95,0.05,0.0,0.7,0.03,2,1784192176.255722,True,False,True,False,1784192075.1495464,False,True,1,0,False
1783947642.4476278,20,1784192186.2355502,37.483787289234755,0.6681033035782405,-500,True,37.5,36.5,38.6,0.95,0.05,0.0,0.7,0.03,2,1784192196.2615788,True,False,True,False,1784192075.1495464,False,True,1,0,False
1783947642.4476278,20,1784192206.241344,37.513160906385906,0.6681223773556115,-500,True,37.5,36.5,38.6,0.95,0.05,0.0,0.7,0.03,2,1784192216.2673428,True,False,True,False,1784192075.1495464,False,1,0,0,False
1783947642.4476278,20,1784192226.2472098,37.50247959105822,0.6682177462424659,-500,True,37.5,36.5,38.6,0.95,0.05,0.0,0.7,0.03,2,1784192236.2732754,True,False,True,False,1784192075.1495464,False,1,0,0,False
1783947642.4476278,20,1784192246.2530742,37.507820248722055,0.6683894102388037,-500,True,37.5,36.5,38.6,0.95,0.05,0.0,0.7,0.03,2,1784192256.2790992,True,False,True,True,1784192255.1495657,False,1,0,0,False
1783947642.4476278,20,1784192266.2589266,37.470435645075156,0.6684466315709163,-500,True,37.5,36.5,38.6,0.95,0.05,0.0,0.7,0.03,2,1784192276.2849264,True,False,True,False,1784192255.1495657,False,True,1,0,False
1783947642.4476278,20,1784192286.2646914,37.47310597390707,0.668351262684062,-500,True,37.5,36.5,38.6,0.95,0.05,0.0,0.7,0.03,2,1784192296.2907608,True,False,True,False,1784192255.1495657,False,True,1,0,False
1783947642.4476278,20,1784192306.2705247,37.45441367208362,0.6681033035782405,-500,True,37.5,36.5,38.6,0.95,0.05,0.0,0.7,0.03,2,1784192316.2966352,True,False,True,False,1784192255.1495657,False,True,1,0,False
1783947642.4476278,20,1784192326.2763927,37.481116960402844,0.668179598687724,-500,True,37.5,36.5,38.6,0.95,0.05,0.0,0.7,0.03,2,1784192336.3024714,True,False,True,False,1784192255.1495657,False,True,1,0,False
1783947642.4476278,20,1784192346.2822514,37.470435645075156,0.6679316395819028,-500,True,37.5,36.5,38.6,0.95,0.05,0.0,0.7,0.03,2,1784192356.3083353,True,False,True,False,1784192255.1495657,False,True,1,0,False
1783947642.4476278,20,1784192366.2881222,37.507820248722055,0.6685420004577707,-500,True,37.5,36.5,38.6,0.95,0.05,0.0,0.7,0.03,2,1784192376.3142464,True,False,True,False,1784192255.1495657,False,1,0,0,False
1783947642.4476278,20,1784192386.294052,37.489127946898606,0.6680842298008698,-500,True,37.5,36.5,38.6,0.95,0.05,0.0,0.7,0.03,2,1784192396.3202114,True,False,True,False,1784192255.1495657,False,True,1,0,False
1783947642.4476278,20,1784192406.2998736,37.49713893339437,0.6682940413519494,-500,True,37.5,36.5,38.6,0.95,0.05,0.0,0.7,0.03,2,1784192416.3259368,False,True,True,False,1784192255.1495657,False,True,1,0,False
1783947642.4476278,20,1784192426.305766,37.45975432974747,0.6681033035782405,-500,True,37.5,36.5,38.6,0.95,0.05,0.0,0.7,0.03,2,1784192436.3318484,False,True,True,True,1784192435.149588,False,True,1,0,False
1783947642.4476278,20,1784192446.3117247,37.41702906843672,0.6678934920271611,-500,True,37.5,36.5,38.6,0.95,0.05,0.0,0.7,0.03,2,1784192456.3377323,False,True,True,False,1784192435.149588,False,True,1,0,False
1783947642.4476278,20,1784192466.3175142,37.40634775310903,0.668179598687724,-500,True,37.5,36.5,38.6,0.95,0.05,0.0,0.7,0.03,2,1784192476.3435636,False,True,True,False,1784192435.149588,False,True,1,0,False
1783947642.4476278,20,1784192486.323358,37.41969939726863,0.6679316395819028,-500,True,37.5,36.5,38.6,0.95,0.05,0.0,0.7,0.03,2,1784192496.3495526,False,True,True,False,1784192435.149588,False,True,1,0,False
1783947642.4476278,20,1784192506.3291554,37.45441367208362,0.668046082246128,-500,True,37.5,36.5,38.6,0.95,0.05,0.0,0.7,0.03,2,1784192516.3551576,False,True,True,False,1784192435.149588,False,True,1,0,False
1783947642.4476278,20,1784192526.334974,37.45975432974747,0.668198672465095,-500,True,37.5,36.5,38.6,0.95,0.05,0.0,0.7,0.03,2,1784192536.3610406,False,True,True,False,1784192435.149588,False,True,1,0,False
1783947642.4476278,20,1784192546.3408515,37.465094987411305,0.6683703364614328,-500,True,37.5,36.5,38.6,0.95,0.05,0.0,0.7,0.03,2,1784192556.3669076,False,True,True,False,1784192435.149588,False,True,1,0,False
1783947642.4476278,20,1784192566.3467386,37.48645761806668,0.6684084840161745,-500,True,37.5,36.5,38.6,0.95,0.05,0.0,0.7,0.03,2,1784192576.372755,False,True,True,False,1784192435.149588,False,True,1,0,False
1783947642.4476278,20,1784192586.3525417,37.50514991989013,0.6682177462424659,-500,True,37.5,36.5,38.6,0.95,0.05,0.0,0.7,0.03,2,1784192596.3787315,False,True,True,False,1784192435.149588,False,1,0,0,False
1783947642.4476278,20,1784192606.3585925,37.48645761806668,0.6681033035782405,-500,True,37.5,36.5,38.6,0.95,0.05,0.0,0.7,0.03,2,1784192616.3845887,False,True,True,True,1784192615.14961,False,True,1,0,False
1783947642.4476278,20,1784192626.3643513,37.470435645075156,0.668351262684062,-500,True,37.5,36.5,38.6,0.95,0.05,0.0,0.7,0.03,2,1784192636.3904252,False,True,True,False,1784192615.14961,False,True,1,0,False
1783947642.4476278,20,1784192646.370264,37.44373235675593,0.6679697871366446,-500,True,37.5,36.5,38.6,0.95,0.05,0.0,0.7,0.03,2,1784192656.3963008,False,True,True,False,1784192615.14961,False,True,1,0,False
1783947642.4476278,20,1784192666.3761072,37.470435645075156,0.6677981231403066,-500,True,37.5,36.5,38.6,0.95,0.05,0.0,0.7,0.03,2,1784192676.4021828,False,True,True,False,1784192615.14961,False,True,1,0,False
1783947642.4476278,20,1784192686.3819697,37.489127946898606,0.6682558937972075,-500,True,37.5,36.5,38.6,0.95,0.05,0.0,0.7,0.03,2,1784192696.408041,False,True,True,False,1784192615.14961,False,True,1,0,False
1783947642.4476278,20,1784192706.3879006,37.49713893339437,0.668179598687724,-500,True,37.5,36.5,38.6,0.95,0.05,0.0,0.7,0.03,2,1784192716.4139776,False,True,True,False,1784192615.14961,False,True,1,0,False
1783947642.4476278,20,1784192726.3937178,37.52384222171359,0.6683131151293202,-500,True,37.5,36.5,38.6,0.95,0.05,0.0,0.7,0.03,2,1784192736.4197283,False,True,True,False,1784192615.14961,False,1,0,0,False
1783947642.4476278,20,1784192746.39958,37.507820248722055,0.6683894102388037,-500,True,37.5,36.5,38.6,0.95,0.05,0.0,0.7,0.03,2,1784192756.4256542,False,True,True,False,1784192615.14961,False,1,0,0,False
1783947642.4476278,20,1784192766.4054763,37.50247959105822,0.6679888609140154,-500,True,37.5,36.5,38.6,0.95,0.05,0.0,0.7,0.03,2,1784192776.4314544,False,True,True,False,1784192615.14961,False,1,0,0,False
1783947642.4476278,20,1784192786.411318,37.50514991989013,0.668179598687724,-500,True,37.5,36.5,38.6,0.95,0.05,0.0,0.7,0.03,2,1784192796.4373355,False,True,True,True,1784192795.1496365,False,1,0,0,False
1783947642.4476278,20,1784192806.4171247,37.44907301441978,0.6679888609140154,-500,True,37.5,36.5,38.6,0.95,0.05,0.0,0.7,0.03,2,1784192816.4431672,False,True,True,False,1784192795.1496365,False,True,1,0,False
1783947642.4476278,20,1784192826.422973,37.422369726100555,0.667912565804532,-500,True,37.5,36.5,38.6,0.95,0.05,0.0,0.7,0.03,2,1784192836.4490376,False,True,True,False,1784192795.1496365,False,True,1,0,False
1783947642.4476278,20,1784192846.428805,37.43305104142824,0.668198672465095,-500,True,37.5,36.5,38.6,0.95,0.05,0.0,0.7,0.03,2,1784192856.4548016,False,True,True,False,1784192795.1496365,False,True,1,0,False
1783947642.4476278,20,1784192866.4346433,37.43305104142824,0.6679697871366446,-500,True,37.5,36.5,38.6,0.95,0.05,0.0,0.7,0.03,2,1784192876.4607828,False,True,True,False,1784192795.1496365,False,True,1,0,False
1783947642.4476278,20,1784192886.440468,37.46242465857938,0.6680079346913863,-500,True,37.5,36.5,38.6,0.95,0.05,0.0,0.7,0.03,2,1784192896.4665325,False,True,True,False,1784192795.1496365,False,True,1,0,False
1783947642.4476278,20,1784192906.4463785,37.470435645075156,0.6680842298008698,-500,True,37.5,36.5,38.6,0.95,0.05,0.0,0.7,0.03,2,1784192916.4724,False,True,True,False,1784192795.1496365,False,True,1,0,False
1783947642.4476278,20,1784192926.4522722,37.470435645075156,0.6678553444724193,-500,True,37.5,36.5,38.6,0.95,0.05,0.0,0.7,0.03,2,1784192936.4783692,False,True,True,False,1784192795.1496365,False,True,1,0,False
1783947642.4476278,20,1784192946.4581704,37.507820248722055,0.6679507133592736,-500,True,37.5,36.5,38.6,0.95,0.05,0.0,0.7,0.03,2,1784192956.4841146,False,True,True,False,1784192795.1496365,False,1,0,0,False
1783947642.4476278,20,1784192966.4639378,37.53452353704128,0.6680842298008698,-500,True,37.5,36.5,38.6,0.95,0.05,0.0,0.7,0.03,2,1784192976.4901905,False,True,True,True,1784192975.1496406,False,1,0,0,False
1783947642.4476278,20,1784192986.4698431,37.47310597390707,0.6682368200198368,-500,True,37.5,36.5,38.6,0.95,0.05,0.0,0.7,0.03,2,1784192996.4958587,False,True,True,False,1784192975.1496406,False,True,1,0,False
1783947642.4476278,20,1784193006.4756994,37.438391699092094,0.6679888609140154,-500,True,37.5,36.5,38.6,0.95,0.05,0.0,0.7,0.03,2,1784193016.5017154,False,True,True,False,1784192975.1496406,False,True,1,0,False
1783947642.4476278,20,1784193026.4814823,37.45975432974747,0.6678171969176776,-500,True,37.5,36.5,38.6,0.95,0.05,0.0,0.7,0.03,2,1784193036.5075748,False,True,True,False,1784192975.1496406,False,True,1,0,False
1783947642.4476278,20,1784193046.4873786,37.44373235675593,0.6675692378118562,-500,True,37.5,36.5,38.6,0.95,0.05,0.0,0.7,0.03,2,1784193056.5134058,False,True,True,False,1784192975.1496406,False,True,1,0,False
1783947642.4476278,20,1784193066.4931955,37.45975432974747,0.6680270084687571,-500,True,37.5,36.5,38.6,0.95,0.05,0.0,0.7,0.03,2,1784193076.5193944,False,True,True,False,1784192975.1496406,False,True,1,0,False
1783947642.4476278,20,1784193086.499055,37.489127946898606,0.6681033035782405,-500,True,37.5,36.5,38.6,0.95,0.05,0.0,0.7,0.03,2,1784193096.5250552,False,True,True,False,1784192975.1496406,False,True,1,0,False
1783947642.4476278,20,1784193106.504905,37.49179827573053,0.6678553444724193,-500,True,37.5,36.5,38.6,0.95,0.05,0.0,0.7,0.03,2,1784193116.5309694,False,True,True,False,1784192975.1496406,False,True,1,0,False
1783947642.4476278,20,1784193126.510873,37.49179827573053,0.6680270084687571,-500,True,37.5,36.5,38.6,0.95,0.05,0.0,0.7,0.03,2,1784193136.5369165,False,True,True,False,1784192975.1496406,False,True,1,0,False
1783947642.4476278,20,1784193146.5167284,37.507820248722055,0.6678744182497901,-500,True,37.5,36.5,38.6,0.95,0.05,0.0,0.7,0.03,2,1784193156.5428064,False,True,True,True,1784193155.149666,False,1,0,0,False
1783947642.4476278,20,1784193166.5226216,37.470435645075156,0.668351262684062,-500,True,37.5,36.5,38.6,0.95,0.05,0.0,0.7,0.03,2,1784193176.5486178,False,True,True,False,1784193155.149666,False,True,1,0,False
1783947642.4476278,20,1784193186.5284038,37.46242465857938,0.6678171969176776,-500,True,37.5,36.5,38.6,0.95,0.05,0.0,0.7,0.03,2,1784193196.5544593,False,True,True,False,1784193155.149666,False,True,1,0,False
1783947642.4476278,20,1784193206.5343196,37.44907301441978,0.668046082246128,-500,True,37.5,36.5,38.6,0.95,0.05,0.0,0.7,0.03,2,1784193216.560326,False,True,True,False,1784193155.149666,False,True,1,0,False
1783947642.4476278,20,1784193226.5401285,37.47577630273899,0.6680079346913863,-500,True,37.5,36.5,38.6,0.95,0.05,0.0,0.7,0.03,2,1784193236.566181,False,True,True,False,1784193155.149666,False,True,1,0,False
1783947642.4476278,20,1784193246.5459864,37.48645761806668,0.6676455329213397,-500,True,37.5,36.5,38.6,0.95,0.05,0.0,0.7,0.03,2,1784193256.5719287,False,True,True,False,1784193155.149666,False,True,1,0,False
1783947642.4476278,20,1784193266.5517516,37.507820248722055,0.6680651560234989,-500,True,37.5,36.5,38.6,0.95,0.05,0.0,0.7,0.03,2,1784193276.5778484,False,True,True,False,1784193155.149666,False,1,0,0,False
1783947642.4476278,20,1784193286.5576138,37.49446860456244,0.6676836804760815,-500,True,37.5,36.5,38.6,0.95,0.05,0.0,0.7,0.03,2,1784193296.583665,False,True,True,False,1784193155.149666,False,True,1,0,False
1783947642.4476278,20,1784193306.5635371,37.48645761806668,0.6679507133592736,-500,True,37.5,36.5,38.6,0.95,0.05,0.0,0.7,0.03,2,1784193316.5896046,False,True,True,False,1784193155.149666,False,True,1,0,False
1783947642.4476278,20,1784193326.5693493,37.49713893339437,0.6678934920271611,-500,True,37.5,36.5,38.6,0.95,0.05,0.0,0.7,0.03,2,1784193336.5954611,False,True,True,True,1784193335.149695,False,True,1,0,False
1783947642.4476278,20,1784193346.575308,37.470435645075156,0.6682368200198368,-500,True,37.5,36.5,38.6,0.95,0.05,0.0,0.7,0.03,2,1784193356.6016536,False,True,True,False,1784193335.149695,False,True,1,0,False
1783947642.4476278,20,1784193366.581274,37.45975432974747,0.667912565804532,-500,True,37.5,36.5,38.6,0.95,0.05,0.0,0.7,0.03,2,1784193376.60739,False,True,True,False,1784193335.149695,False,True,1,0,False
1783947642.4476278,20,1784193386.58721,37.47310597390707,0.6678171969176776,-500,True,37.5,36.5,38.6,0.95,0.05,0.0,0.7,0.03,2,1784193396.613255,False,True,True,False,1784193335.149695,False,True,1,0,False
1783947642.4476278,20,1784193406.5930479,37.507820248722055,0.667912565804532,-500,True,37.5,36.5,38.6,0.95,0.05,0.0,0.7,0.03,2,1784193416.6191194,False,True,True,False,1784193335.149695,False,1,0,0,False
1783947642.4476278,20,1784193426.5991795,37.50247959105822,0.6678362706950485,-500,True,37.5,36.5,38.6,0.95,0.05,0.0,0.7,0.03,2,1784193436.6253195,False,True,True,False,1784193335.149695,False,1,0,0,False
1783947642.4476278,20,1784193446.6050253,37.48645761806668,0.6678553444724193,-500,True,37.5,36.5,38.6,0.95,0.05,0.0,0.7,0.03,2,1784193456.6313057,False,True,True,False,1784193335.149695,False,True,1,0,False
1783947642.4476278,20,1784193466.6108882,37.48645761806668,0.6681414511329824,-500,True,37.5,36.5,38.6,0.95,0.05,0.0,0.7,0.03,2,1784193476.6369069,False,True,True,False,1784193335.149695,False,True,1,0,False
1783947642.4476278,20,1784193486.6167552,37.489127946898606,0.6678171969176776,-500,True,37.5,36.5,38.6,0.95,0.05,0.0,0.7,0.03,2,1784193496.642824,False,True,True,False,1784193335.149695,False,True,1,0,False
1783947642.4476278,20,1784193506.62265,37.48645761806668,0.6677981231403066,-500,True,37.5,36.5,38.6,0.95,0.05,0.0,0.7,0.03,2,1784193516.6486707,False,True,True,True,1784193515.1497188,False,True,1,0,False
1783947642.4476278,20,1784193526.6284518,37.49179827573053,0.667759975585565,-500,True,37.5,36.5,38.6,0.95,0.05,0.0,0.7,0.03,2,1784193536.654443,False,True,True,False,1784193515.1497188,False,True,1,0,False
1783947642.4476278,20,1784193546.6342368,37.45975432974747,0.6680842298008698,-500,True,37.5,36.5,38.6,0.95,0.05,0.0,0.7,0.03,2,1784193556.660374,False,True,True,False,1784193515.1497188,False,True,1,0,False
1783947642.4476278,20,1784193566.640081,37.49713893339437,0.6676646066987106,-500,True,37.5,36.5,38.6,0.95,0.05,0.0,0.7,0.03,2,1784193576.6661553,False,True,True,False,1784193515.1497188,False,True,1,0,False
1783947642.4476278,20,1784193586.645949,37.49980926222629,0.6680079346913863,-500,True,37.5,36.5,38.6,0.95,0.05,0.0,0.7,0.03,2,1784193596.6719468,False,True,True,False,1784193515.1497188,False,True,1,0,False
1783947642.4476278,20,1784193606.6517708,37.507820248722055,0.6682558937972075,-500,True,37.5,36.5,38.6,0.95,0.05,0.0,0.7,0.03,2,1784193616.677831,False,True,True,False,1784193515.1497188,False,1,0,0,False
1783947642.4476278,20,1784193626.6576545,37.53452353704128,0.6681605249103533,-500,True,37.5,36.5,38.6,0.95,0.05,0.0,0.7,0.03,2,1784193636.6836798,False,True,True,False,1784193515.1497188,False,1,0,0,False
1783947642.4476278,20,1784193646.6635118,37.513160906385906,0.6676836804760815,-500,True,37.5,36.5,38.6,0.95,0.05,0.0,0.7,0.03,2,1784193656.689527,False,True,True,False,1784193515.1497188,False,1,0,0,False
1783947642.4476278,20,1784193666.6692955,37.481116960402844,0.6678171969176776,-500,True,37.5,36.5,38.6,0.95,0.05,0.0,0.7,0.03,2,1784193676.695327,False,True,True,False,1784193515.1497188,False,True,1,0,False
1783947642.4476278,20,1784193686.675122,37.47310597390707,0.6678362706950485,-500,True,37.5,36.5,38.6,0.95,0.05,0.0,0.7,0.03,2,1784193696.701154,False,True,True,True,1784193695.1497257,False,True,1,0,False
1783947642.4476278,20,1784193706.680959,37.422369726100555,0.6677218280308231,-500,True,37.5,36.5,38.6,0.95,0.05,0.0,0.7,0.03,2,1784193716.7070267,False,True,True,False,1784193695.1497257,False,True,1,0,False
1783947642.4476278,20,1784193726.6868198,37.395666437781344,0.6677409018081941,-500,True,37.5,36.5,38.6,0.95,0.05,0.0,0.7,0.03,2,1784193736.7128625,False,True,True,False,1784193695.1497257,False,True,1,0,False
1783947642.4476278,20,1784193746.6926413,37.44373235675593,0.6678553444724193,-500,True,37.5,36.5,38.6,0.95,0.05,0.0,0.7,0.03,2,1784193756.7186892,False,True,True,False,1784193695.1497257,False,True,1,0,False
1783947642.4476278,20,1784193766.6985085,37.45975432974747,0.6677790493629359,-500,True,37.5,36.5,38.6,0.95,0.05,0.0,0.7,0.03,2,1784193776.7245443,False,True,True,False,1784193695.1497257,False,True,1,0,False
1783947642.4476278,20,1784193786.7043362,37.47844663157092,0.6676264591439689,-500,True,37.5,36.5,38.6,0.95,0.05,0.0,0.7,0.03,2,1784193796.7303977,False,True,True,False,1784193695.1497257,False,True,1,0,False
1783947642.4476278,20,1784193806.7101994,37.50247959105822,0.6677027542534524,-500,True,37.5,36.5,38.6,0.95,0.05,0.0,0.7,0.03,2,1784193816.7362847,False,True,True,False,1784193695.1497257,False,1,0,0,False
1783947642.4476278,20,1784193826.716029,37.49179827573053,0.6679697871366446,-500,True,37.5,36.5,38.6,0.95,0.05,0.0,0.7,0.03,2,1784193836.7423422,False,True,True,False,1784193695.1497257,False,True,1,0,False
1783947642.4476278,20,1784193846.7219946,37.49713893339437,0.6675501640344854,-500,True,37.5,36.5,38.6,0.95,0.05,0.0,0.7,0.03,2,1784193856.748134,False,True,True,False,1784193695.1497257,False,True,1,0,False
1783947642.4476278,20,1784193866.727835,37.48645761806668,0.6675883115892272,-500,True,37.5,36.5,38.6,0.95,0.05,0.0,0.7,0.03,2,1784193876.7540069,False,True,True,True,1784193875.1497357,False,True,1,0,False
1783947642.4476278,20,1784193886.7336504,37.47310597390707,0.6676455329213397,-500,True,37.5,36.5,38.6,0.95,0.05,0.0,0.7,0.03,2,1784193896.7601814,False,True,True,False,1784193875.1497357,False,True,1,0,False
1783947642.4476278,20,1784193906.7400348,37.45975432974747,0.6677027542534524,-500,True,37.5,36.5,38.6,0.95,0.05,0.0,0.7,0.03,2,1784193916.766201,False,True,True,False,1784193875.1497357,False,True,1,0,False
1783947642.4476278,20,1784193926.7460063,37.44373235675593,0.6675692378118562,-500,True,37.5,36.5,38.6,0.95,0.05,0.0,0.7,0.03,2,1784193936.7721682,False,True,True,False,1784193875.1497357,False,True,1,0,False
1783947642.4476278,20,1784193946.7518003,37.48645761806668,0.6675310902571145,-500,True,37.5,36.5,38.6,0.95,0.05,0.0,0.7,0.03,2,1784193956.7779303,False,True,True,False,1784193875.1497357,False,True,1,0,False
1783947642.4476278,20,1784193966.7576709,37.50247959105822,0.6678362706950485,-500,True,37.5,36.5,38.6,0.95,0.05,0.0,0.7,0.03,2,1784193976.7838073,False,True,True,False,1784193875.1497357,False,1,0,0,False
1783947642.4476278,20,1784193986.763667,37.49980926222629,0.6678553444724193,-500,True,37.5,36.5,38.6,0.95,0.05,0.0,0.7,0.03,2,1784193996.7897456,False,True,True,False,1784193875.1497357,False,True,1,0,False
1783947642.4476278,20,1784194006.769515,37.49713893339437,0.6677027542534524,-500,True,37.5,36.5,38.6,0.95,0.05,0.0,0.7,0.03,2,1784194016.7955558,False,True,True,False,1784193875.1497357,False,True,1,0,False
1783947642.4476278,20,1784194026.775371,37.52918287937743,0.6677981231403066,-500,True,37.5,36.5,38.6,0.95,0.05,0.0,0.7,0.03,2,1784194036.8015776,False,True,True,False,1784193875.1497357,False,1,0,0,False
1783947642.4476278,20,1784194046.7812936,37.507820248722055,0.667759975585565,-500,True,37.5,36.5,38.6,0.95,0.05,0.0,0.7,0.03,2,1784194056.8074784,False,True,True,True,1784194055.1497738,False,1,0,0,False
1783947642.4476278,20,1784194066.7872562,37.44907301441978,0.6675883115892272,-500,True,37.5,36.5,38.6,0.95,0.05,0.0,0.7,0.03,2,1784194076.8133414,False,True,True,False,1784194055.1497738,False,True,1,0,False
1783947642.4476278,20,1784194086.793114,37.46242465857938,0.6677027542534524,-500,True,37.5,36.5,38.6,0.95,0.05,0.0,0.7,0.03,2,1784194096.8191729,False,True,True,False,1784194055.1497738,False,True,1,0,False
1783947642.4476278,20,1784194106.798968,37.465094987411305,0.6677790493629359,-500,True,37.5,36.5,38.6,0.95,0.05,0.0,0.7,0.03,2,1784194116.8251033,False,True,True,False,1784194055.1497738,False,True,1,0,False
1783947642.4476278,20,1784194126.8048248,37.470435645075156,0.6677218280308231,-500,True,37.5,36.5,38.6,0.95,0.05,0.0,0.7,0.03,2,1784194136.8309255,False,True,True,False,1784194055.1497738,False,True,1,0,False
1783947642.4476278,20,1784194146.8107681,37.48645761806668,0.6677409018081941,-500,True,37.5,36.5,38.6,0.95,0.05,0.0,0.7,0.03,2,1784194156.8368247,False,True,True,False,1784194055.1497738,False,True,1,0,False
1783947642.4476278,20,1784194166.816611,37.513160906385906,0.667607385366598,-500,True,37.5,36.5,38.6,0.95,0.05,0.0,0.7,0.03,2,1784194176.8426566,False,True,True,False,1784194055.1497738,False,1,0,0,False
1783947642.4476278,20,1784194186.822453,37.53719386587319,0.6677981231403066,-500,True,37.5,36.5,38.6,0.95,0.05,0.0,0.7,0.03,2,1784194196.848418,False,True,True,False,1784194055.1497738,False,1,0,0,False
1783947642.4476278,20,1784194206.8282301,37.50247959105822,0.6677981231403066,-500,True,37.5,36.5,38.6,0.95,0.05,0.0,0.7,0.03,2,1784194216.8543227,False,True,True,False,1784194055.1497738,False,1,0,0,False
1783947642.4476278,20,1784194226.8341277,37.48645761806668,0.6674929427023727,-500,True,37.5,36.5,38.6,0.95,0.05,0.0,0.7,0.03,2,1784194236.8601146,False,True,True,True,1784194235.1497936,False,True,1,0,False
1783947642.4476278,20,1784194246.8399217,37.44373235675593,0.667607385366598,-500,True,37.5,36.5,38.6,0.95,0.05,0.0,0.7,0.03,2,1784194256.8660212,False,True,True,False,1784194235.1497936,False,True,1,0,False
1783947642.4476278,20,1784194266.845875,37.43305104142824,0.667607385366598,-500,True,37.5,36.5,38.6,0.95,0.05,0.0,0.7,0.03,2,1784194276.8719566,False,True,True,False,1784194235.1497936,False,True,1,0,False
1783947642.4476278,20,1784194286.85177,37.42504005493248,0.6675692378118562,-500,True,37.5,36.5,38.6,0.95,0.05,0.0,0.7,0.03,2,1784194296.877945,False,True,True,False,1784194235.1497936,False,True,1,0,False
1783947642.4476278,20,1784194306.8576612,37.438391699092094,0.6677027542534524,-500,True,37.5,36.5,38.6,0.95,0.05,0.0,0.7,0.03,2,1784194316.8836968,False,True,True,False,1784194235.1497936,False,True,1,0,False
1783947642.4476278,20,1784194326.8635077,37.45975432974747,0.6677790493629359,-500,True,37.5,36.5,38.6,0.95,0.05,0.0,0.7,0.03,2,1784194336.8897128,False,True,True,False,1784194235.1497936,False,True,1,0,False
1783947642.4476278,20,1784194346.8694556,37.481116960402844,0.6675120164797437,-500,True,37.5,36.5,38.6,0.95,0.05,0.0,0.7,0.03,2,1784194356.8955135,False,True,True,False,1784194235.1497936,False,True,1,0,False
1783947642.4476278,20,1784194366.875324,37.481116960402844,0.6676264591439689,-500,True,37.5,36.5,38.6,0.95,0.05,0.0,0.7,0.03,2,1784194376.901372,False,True,True,False,1784194235.1497936,False,True,1,0,False
1783947642.4476278,20,1784194386.881125,37.49980926222629,0.6677027542534524,-500,True,37.5,36.5,38.6,0.95,0.05,0.0,0.7,0.03,2,1784194396.9072173,False,True,True,False,1784194235.1497936,False,True,1,0,False
1783947642.4476278,20,1784194406.8870559,37.48645761806668,0.6674357213702602,-500,True,37.5,36.5,38.6,0.95,0.05,0.0,0.7,0.03,2,1784194416.9134488,False,True,True,True,1784194415.1498115,False,True,1,0,False
1783947642.4476278,20,1784194426.8930354,37.49713893339437,0.6677409018081941,-500,True,37.5,36.5,38.6,0.95,0.05,0.0,0.7,0.03,2,1784194436.9190588,False,True,True,False,1784194415.1498115,False,True,1,0,False
1783947642.4476278,20,1784194446.89888,37.481116960402844,0.6676264591439689,-500,True,37.5,36.5,38.6,0.95,0.05,0.0,0.7,0.03,2,1784194456.9248965,False,True,True,False,1784194415.1498115,False,True,1,0,False
1783947642.4476278,20,1784194466.9047017,37.49713893339437,0.6675310902571145,-500,True,37.5,36.5,38.6,0.95,0.05,0.0,0.7,0.03,2,1784194476.930757,False,True,True,False,1784194415.1498115,False,True,1,0,False
1783947642.4476278,20,1784194486.910614,37.53719386587319,0.6678553444724193,-500,True,37.5,36.5,38.6,0.95,0.05,0.0,0.7,0.03,2,1784194496.9365869,False,True,True,False,1784194415.1498115,False,1,0,0,False
1783947642.4476278,20,1784194506.9163973,37.507820248722055,0.667607385366598,-500,True,37.5,36.5,38.6,0.95,0.05,0.0,0.7,0.03,2,1784194516.9426534,False,True,True,False,1784194415.1498115,False,1,0,0,False
1783947642.4476278,20,1784194526.9223363,37.52384222171359,0.6675120164797437,-500,True,37.5,36.5,38.6,0.95,0.05,0.0,0.7,0.03,2,1784194536.9483106,False,True,True,False,1784194415.1498115,False,1,0,0,False
1783947642.4476278,20,1784194546.928151,37.49713893339437,0.6675310902571145,-500,True,37.5,36.5,38.6,0.95,0.05,0.0,0.7,0.03,2,1784194556.9543316,False,True,True,False,1784194415.1498115,False,True,1,0,False
1783947642.4476278,20,1784194566.9341538,37.481116960402844,0.6675501640344854,-500,True,37.5,36.5,38.6,0.95,0.05,0.0,0.7,0.03,2,1784194576.9601398,False,True,True,False,1784194415.1498115,False,True,1,0,False
1783947642.4476278,20,1784194586.940007,37.45708400091554,0.6674738689250019,-500,True,37.5,36.5,38.6,0.95,0.05,0.0,0.7,0.03,2,1784194596.9660609,False,True,True,True,1784194595.1498516,False,True,1,0,False
1783947642.4476278,20,1784194606.945845,37.45975432974747,0.6675501640344854,-500,True,37.5,36.5,38.6,0.95,0.05,0.0,0.7,0.03,2,1784194616.9718263,False,True,True,False,1784194595.1498516,False,True,1,0,False
1783947642.4476278,20,1784194626.9516125,37.45441367208362,0.6675120164797437,-500,True,37.5,36.5,38.6,0.95,0.05,0.0,0.7,0.03,2,1784194636.977653,False,True,True,False,1784194595.1498516,False,True,1,0,False
1783947642.4476278,20,1784194646.9574254,37.470435645075156,0.6675310902571145,-500,True,37.5,36.5,38.6,0.95,0.05,0.0,0.7,0.03,2,1784194656.983464,False,True,True,False,1784194595.1498516,False,True,1,0,False
1783947642.4476278,20,1784194666.963281,37.45975432974747,0.6675883115892272,-500,True,37.5,36.5,38.6,0.95,0.05,0.0,0.7,0.03,2,1784194676.9893181,False,True,True,False,1784194595.1498516,False,True,1,0,False
1783947642.4476278,20,1784194686.9691224,37.47844663157092,0.6675883115892272,-500,True,37.5,36.5,38.6,0.95,0.05,0.0,0.7,0.03,2,1784194696.9952,False,True,True,False,1784194595.1498516,False,True,1,0,False
1783947642.4476278,20,1784194706.9750102,37.52384222171359,0.6673594262607767,-500,True,37.5,36.5,38.6,0.95,0.05,0.0,0.7,0.03,2,1784194717.0010297,False,True,True,False,1784194595.1498516,False,1,0,0,False
1783947642.4476278,20,1784194726.9808197,37.51850156404974,0.6678171969176776,-500,True,37.5,36.5,38.6,0.95,0.05,0.0,0.7,0.03,2,1784194737.006875,False,True,True,False,1784194595.1498516,False,1,0,0,False
1783947642.4476278,20,1784194746.9866972,37.513160906385906,0.6674166475928892,-500,True,37.5,36.5,38.6,0.95,0.05,0.0,0.7,0.03,2,1784194757.0127318,False,True,True,False,1784194595.1498516,False,1,0,0,False
1783947642.4476278,20,1784194766.9925163,37.47577630273899,0.667321278706035,-500,True,37.5,36.5,38.6,0.95,0.05,0.0,0.7,0.03,2,1784194777.0185442,False,True,True,True,1784194775.1498766,False,True,1,0,False
1783947642.4476278,20,1784194786.9984214,37.46242465857938,0.6675501640344854,-500,True,37.5,36.5,38.6,0.95,0.05,0.0,0.7,0.03,2,1784194797.0244246,False,True,True,False,1784194775.1498766,False,True,1,0,False
1783947642.4476278,20,1784194807.0042403,37.45441367208362,0.667759975585565,-500,True,37.5,36.5,38.6,0.95,0.05,0.0,0.7,0.03,2,1784194817.0304625,False,True,True,False,1784194775.1498766,False,True,1,0,False
1783947642.4476278,20,1784194827.0102422,37.44373235675593,0.6673594262607767,-500,True,37.5,36.5,38.6,0.95,0.05,0.0,0.7,0.03,2,1784194837.0362434,False,True,True,False,1784194775.1498766,False,True,1,0,False
1783947642.4476278,20,1784194847.0160897,37.45975432974747,0.6674929427023727,-500,True,37.5,36.5,38.6,0.95,0.05,0.0,0.7,0.03,2,1784194857.0421622,False,True,True,False,1784194775.1498766,False,True,1,0,False
1783947642.4476278,20,1784194867.0219443,37.44373235675593,0.667321278706035,-500,True,37.5,36.5,38.6,0.95,0.05,0.0,0.7,0.03,2,1784194877.0479383,False,True,True,False,1784194775.1498766,False,True,1,0,False
1783947642.4476278,20,1784194887.0277498,37.49980926222629,0.6676264591439689,-500,True,37.5,36.5,38.6,0.95,0.05,0.0,0.7,0.03,2,1784194897.0539823,False,True,True,False,1784194775.1498766,False,True,1,0,False
1783947642.4476278,20,1784194907.0335581,37.49713893339437,0.6674166475928892,-500,True,37.5,36.5,38.6,0.95,0.05,0.0,0.7,0.03,2,1784194917.0596762,False,True,True,False,1784194775.1498766,False,True,1,0,False
1783947642.4476278,20,1784194927.0395353,37.52918287937743,0.6677027542534524,-500,True,37.5,36.5,38.6,0.95,0.05,0.0,0.7,0.03,2,1784194937.0656168,False,True,True,False,1784194775.1498766,False,1,0,0,False
1783947642.4476278,20,1784194947.0454457,37.53452353704128,0.6674166475928892,-500,True,37.5,36.5,38.6,0.95,0.05,0.0,0.7,0.03,2,1784194957.0715108,False,True,True,True,1784194955.1498866,False,1,0,0,False
1783947642.4476278,20,1784194967.0513332,37.465094987411305,0.667321278706035,-500,True,37.5,36.5,38.6,0.95,0.05,0.0,0.7,0.03,2,1784194977.077379,False,True,True,False,1784194955.1498866,False,True,1,0,False
1783947642.4476278,20,1784194987.0571425,37.446402685587856,0.6673594262607767,-500,True,37.5,36.5,38.6,0.95,0.05,0.0,0.7,0.03,2,1784194997.0837524,False,True,True,False,1784194955.1498866,False,True,1,0,False
1783947642.4476278,20,1784195007.0633168,37.438391699092094,0.6675120164797437,-500,True,37.5,36.5,38.6,0.95,0.05,0.0,0.7,0.03,2,1784195017.089454,False,True,True,False,1784194955.1498866,False,True,1,0,False
1783947642.4476278,20,1784195027.0691445,37.44907301441978,0.6674929427023727,-500,True,37.5,36.5,38.6,0.95,0.05,0.0,0.7,0.03,2,1784195037.095179,False,True,True,False,1784194955.1498866,False,True,1,0,False
1783947642.4476278,20,1784195047.074966,37.47577630273899,0.6675501640344854,-500,True,37.5,36.5,38.6,0.95,0.05,0.0,0.7,0.03,2,1784195057.1010976,False,True,True,False,1784194955.1498866,False,True,1,0,False
1783947642.4476278,20,1784195067.080926,37.49179827573053,0.6674166475928892,-500,True,37.5,36.5,38.6,0.95,0.05,0.0,0.7,0.03,2,1784195077.107064,False,True,True,False,1784194955.1498866,False,True,1,0,False
1783947642.4476278,20,1784195087.086881,37.51049057755398,0.6674929427023727,-500,True,37.5,36.5,38.6,0.95,0.05,0.0,0.7,0.03,2,1784195097.112886,False,True,True,False,1784194955.1498866,False,1,0,0,False
1783947642.4476278,20,1784195107.0926898,37.51850156404974,0.6675120164797437,-500,True,37.5,36.5,38.6,0.95,0.05,0.0,0.7,0.03,2,1784195117.1187222,False,True,True,False,1784194955.1498866,False,1,0,0,False
1783947642.4476278,20,1784195127.0985546,37.507820248722055,0.6672831311512932,-500,True,37.5,36.5,38.6,0.95,0.05,0.0,0.7,0.03,2,1784195137.1245904,False,True,True,True,1784195135.149897,False,1,0,0,False
1783947642.4476278,20,1784195147.1043863,37.470435645075156,0.6674929427023727,-500,True,37.5,36.5,38.6,0.95,0.05,0.0,0.7,0.03,2,1784195157.1304488,False,True,True,False,1784195135.149897,False,True,1,0,False
1783947642.4476278,20,1784195167.1102648,37.41168841077287,0.6673403524834057,-500,True,37.5,36.5,38.6,0.95,0.05,0.0,0.7,0.03,2,1784195177.1362114,False,True,True,False,1784195135.149897,False,True,1,0,False
1783947642.4476278,20,1784195187.1160116,37.42504005493248,0.6672449835965515,-500,True,37.5,36.5,38.6,0.95,0.05,0.0,0.7,0.03,2,1784195197.142094,False,True,True,False,1784195135.149897,False,True,1,0,False
1783947642.4476278,20,1784195207.1218832,37.45975432974747,0.6675120164797437,-500,True,37.5,36.5,38.6,0.95,0.05,0.0,0.7,0.03,2,1784195217.147956,False,True,True,False,1784195135.149897,False,True,1,0,False
1783947642.4476278,20,1784195227.1277719,37.465094987411305,0.6670542458228428,-500,True,37.5,36.5,38.6,0.95,0.05,0.0,0.7,0.03,2,1784195237.1538372,False,True,True,False,1784195135.149897,False,True,1,0,False
1783947642.4476278,20,1784195247.1335616,37.49713893339437,0.6675883115892272,-500,True,37.5,36.5,38.6,0.95,0.05,0.0,0.7,0.03,2,1784195257.1595783,False,True,True,False,1784195135.149897,False,True,1,0,False
1783947642.4476278,20,1784195267.1394296,37.49179827573053,0.6672449835965515,-500,True,37.5,36.5,38.6,0.95,0.05,0.0,0.7,0.03,2,1784195277.1654723,False,True,True,False,1784195135.149897,False,True,1,0,False
1783947642.4476278,20,1784195287.1452692,37.49980926222629,0.6675883115892272,-500,True,37.5,36.5,38.6,0.95,0.05,0.0,0.7,0.03,2,1784195297.1713552,False,True,True,False,1784195135.149897,False,True,1,0,False
1783947642.4476278,20,1784195307.1511433,37.49713893339437,0.6674166475928892,-500,True,37.5,36.5,38.6,0.95,0.05,0.0,0.7,0.03,2,1784195317.1819775,False,True,True,True,1784195315.1499236,False,True,1,0,False
1783947642.4476278,20,1784195327.161727,37.49713893339437,0.6673403524834057,-500,True,37.5,36.5,38.6,0.95,0.05,0.0,0.7,0.03,2,1784195337.1877291,False,True,True,False,1784195315.1499236,False,True,1,0,False
1783947642.4476278,20,1784195347.1676292,37.45975432974747,0.6673594262607767,-500,True,37.5,36.5,38.6,0.95,0.05,0.0,0.7,0.03,2,1784195357.1936586,False,True,True,False,1784195315.1499236,False,True,1,0,False
1783947642.4476278,20,1784195367.1734357,37.48645761806668,0.6673403524834057,-500,True,37.5,36.5,38.6,0.95,0.05,0.0,0.7,0.03,2,1784195377.1997278,False,True,True,False,1784195315.1499236,False,True,1,0,False
1783947642.4476278,20,1784195387.1793892,37.50514991989013,0.6674357213702602,-500,True,37.5,36.5,38.6,0.95,0.05,0.0,0.7,0.03,2,1784195397.2054148,False,True,True,False,1784195315.1499236,False,1,0,0,False
1783947642.4476278,20,1784195407.1852102,37.50247959105822,0.6674738689250019,-500,True,37.5,36.5,38.6,0.95,0.05,0.0,0.7,0.03,2,1784195417.21123,False,True,True,False,1784195315.1499236,False,1,0,0,False
1783947642.4476278,20,1784195427.1911216,37.481116960402844,0.6674357213702602,-500,True,37.5,36.5,38.6,0.95,0.05,0.0,0.7,0.03,2,1784195437.2171707,False,True,True,False,1784195315.1499236,False,True,1,0,False
1783947642.4476278,20,1784195447.1969724,37.513160906385906,0.6674929427023727,-500,True,37.5,36.5,38.6,0.95,0.05,0.0,0.7,0.03,2,1784195457.222985,False,True,True,False,1784195315.1499236,False,1,0,0,False
1783947642.4476278,20,1784195467.20288,37.48645761806668,0.6674738689250019,-500,True,37.5,36.5,38.6,0.95,0.05,0.0,0.7,0.03,2,1784195477.2290704,False,True,True,False,1784195315.1499236,False,True,1,0,False
1783947642.4476278,20,1784195487.2086866,37.46776531624323,0.6673022049286641,-500,True,37.5,36.5,38.6,0.95,0.05,0.0,0.7,0.03,2,1784195497.2347164,False,True,True,True,1784195495.1499615,False,True,1,0,False
1783947642.4476278,20,1784195507.2145078,37.44373235675593,0.6672068360418097,-500,True,37.5,36.5,38.6,0.95,0.05,0.0,0.7,0.03,2,1784195517.240476,False,True,True,False,1784195495.1499615,False,True,1,0,False
1783947642.4476278,20,1784195527.2202787,37.41168841077287,0.6670923933775845,-500,True,37.5,36.5,38.6,0.95,0.05,0.0,0.7,0.03,2,1784195537.2463276,False,True,True,False,1784195495.1499615,False,True,1,0,False
1783947642.4476278,20,1784195547.2261496,37.43305104142824,0.6673403524834057,-500,True,37.5,36.5,38.6,0.95,0.05,0.0,0.7,0.03,2,1784195557.2521334,False,True,True,False,1784195495.1499615,False,True,1,0,False
1783947642.4476278,20,1784195567.2319713,37.481116960402844,0.6673594262607767,-500,True,37.5,36.5,38.6,0.95,0.05,0.0,0.7,0.03,2,1784195577.258037,False,True,True,False,1784195495.1499615,False,True,1,0,False
1783947642.4476278,20,1784195587.2377899,37.489127946898606,0.667016098268101,-500,True,37.5,36.5,38.6,0.95,0.05,0.0,0.7,0.03,2,1784195597.263838,False,True,True,False,1784195495.1499615,False,True,1,0,False
1783947642.4476278,20,1784195607.2436671,37.49713893339437,0.6676455329213397,-500,True,37.5,36.5,38.6,0.95,0.05,0.0,0.7,0.03,2,1784195617.2696776,False,True,True,False,1784195495.1499615,False,True,1,0,False
1783947642.4476278,20,1784195627.249456,37.507820248722055,0.6672831311512932,-500,True,37.5,36.5,38.6,0.95,0.05,0.0,0.7,0.03,2,1784195637.2754488,False,True,True,False,1784195495.1499615,False,1,0,0,False
1783947642.4476278,20,1784195647.2553165,37.52384222171359,0.6669207293812467,-500,True,37.5,36.5,38.6,0.95,0.05,0.0,0.7,0.03,2,1784195657.2813337,False,True,True,False,1784195495.1499615,False,1,0,0,False
1783947642.4476278,20,1784195667.2611444,37.48645761806668,0.6672449835965515,-500,True,37.5,36.5,38.6,0.95,0.05,0.0,0.7,0.03,2,1784195677.2871757,False,True,True,True,1784195675.149978,False,True,1,0,False
1783947642.4476278,20,1784195687.2669797,37.47310597390707,0.6671114671549553,-500,True,37.5,36.5,38.6,0.95,0.05,0.0,0.7,0.03,2,1784195697.2930317,False,True,True,False,1784195675.149978,False,True,1,0,False
1783947642.4476278,20,1784195707.2728198,37.44907301441978,0.6672449835965515,-500,True,37.5,36.5,38.6,0.95,0.05,0.0,0.7,0.03,2,1784195717.298873,False,True,True,False,1784195675.149978,False,True,1,0,False
1783947642.4476278,20,1784195727.2786834,37.45441367208362,0.6672640573739222,-500,True,37.5,36.5,38.6,0.95,0.05,0.0,0.7,0.03,2,1784195737.3046935,False,True,True,False,1784195675.149978,False,True,1,0,False
1783947642.4476278,20,1784195747.284514,37.47577630273899,0.6673785000381476,-500,True,37.5,36.5,38.6,0.95,0.05,0.0,0.7,0.03,2,1784195757.3105552,False,True,True,False,1784195675.149978,False,True,1,0,False
1783947642.4476278,20,1784195767.2903767,37.45975432974747,0.6670733196002137,-500,True,37.5,36.5,38.6,0.95,0.05,0.0,0.7,0.03,2,1784195777.3163588,False,True,True,False,1784195675.149978,False,True,1,0,False
1783947642.4476278,20,1784195787.2961812,37.489127946898606,0.667016098268101,-500,True,37.5,36.5,38.6,0.95,0.05,0.0,0.7,0.03,2,1784195797.3223162,False,True,True,False,1784195675.149978,False,True,1,0,False
1783947642.4476278,20,1784195807.3021753,37.50247959105822,0.6671496147096971,-500,True,37.5,36.5,38.6,0.95,0.05,0.0,0.7,0.03,2,1784195817.3281608,False,True,True,False,1784195675.149978,False,1,0,0,False
1783947642.4476278,20,1784195827.3080003,37.51850156404974,0.6675120164797437,-500,True,37.5,36.5,38.6,0.95,0.05,0.0,0.7,0.03,2,1784195837.334028,False,True,True,False,1784195675.149978,False,1,0,0,False
1783947642.4476278,20,1784195847.313793,37.51850156404974,0.6673975738155185,-500,True,37.5,36.5,38.6,0.95,0.05,0.0,0.7,0.03,2,1784195857.3399732,False,True,True,True,1784195855.150006,False,1,0,0,False
1783947642.4476278,20,1784195867.319643,37.48645761806668,0.6674929427023727,-500,True,37.5,36.5,38.6,0.95,0.05,0.0,0.7,0.03,2,1784195877.3456838,False,True,True,False,1784195855.150006,False,True,1,0,False
1783947642.4476278,20,1784195887.3254478,37.43572137026017,0.6669970244907302,-500,True,37.5,36.5,38.6,0.95,0.05,0.0,0.7,0.03,2,1784195897.351512,False,True,True,False,1784195855.150006,False,True,1,0,False
1783947642.4476278,20,1784195907.3313475,37.47577630273899,0.6671114671549553,-500,True,37.5,36.5,38.6,0.95,0.05,0.0,0.7,0.03,2,1784195917.357447,False,True,True,False,1784195855.150006,False,True,1,0,False
1783947642.4476278,20,1784195927.3372717,37.465094987411305,0.6671305409323263,-500,True,37.5,36.5,38.6,0.95,0.05,0.0,0.7,0.03,2,1784195937.3633604,False,True,True,False,1784195855.150006,False,True,1,0,False
1783947642.4476278,20,1784195947.3431919,37.470435645075156,0.6674547951476311,-500,True,37.5,36.5,38.6,0.95,0.05,0.0,0.7,0.03,2,1784195957.3694482,False,True,True,False,1784195855.150006,False,True,1,0,False
1783947642.4476278,20,1784195967.3490765,37.470435645075156,0.6671114671549553,-500,True,37.5,36.5,38.6,0.95,0.05,0.0,0.7,0.03,2,1784195977.3752475,False,True,True,False,1784195855.150006,False,True,1,0,False
1783947642.4476278,20,1784195987.3551168,37.51583123521782,0.6673785000381476,-500,True,37.5,36.5,38.6,0.95,0.05,0.0,0.7,0.03,2,1784195997.3812208,False,True,True,False,1784195855.150006,False,1,0,0,False
1783947642.4476278,20,1784196007.3610456,37.51850156404974,0.6673022049286641,-500,True,37.5,36.5,38.6,0.95,0.05,0.0,0.7,0.03,2,1784196017.3871143,True,False,True,False,1784195855.150006,False,1,0,0,False
1783947642.4476278,20,1784196027.3669589,37.53986419470512,0.6671305409323263,-500,True,37.5,36.5,38.6,0.95,0.05,0.0,0.7,0.03,2,1784196037.3930337,True,False,True,True,1784196035.150033,False,1,0,0,False
1783947642.4476278,20,1784196047.3728106,37.507820248722055,0.6673022049286641,-500,True,37.5,36.5,38.6,0.95,0.05,0.0,0.7,0.03,2,1784196057.3989077,True,False,True,False,1784196035.150033,False,1,0,0,False
1783947642.4476278,20,1784196067.3787818,37.48645761806668,0.6672449835965515,-500,True,37.5,36.5,38.6,0.95,0.05,0.0,0.7,0.03,2,1784196077.4048254,True,False,True,False,1784196035.150033,False,True,1,0,False
1783947642.4476278,20,1784196087.3846312,37.46776531624323,0.6673022049286641,-500,True,37.5,36.5,38.6,0.95,0.05,0.0,0.7,0.03,2,1784196097.4107642,True,False,True,False,1784196035.150033,False,True,1,0,False
1783947642.4476278,20,1784196107.390745,37.45975432974747,0.6672449835965515,-500,True,37.5,36.5,38.6,0.95,0.05,0.0,0.7,0.03,2,1784196117.4168172,True,False,True,False,1784196035.150033,False,True,1,0,False
1783947642.4476278,20,1784196127.39659,37.481116960402844,0.6671305409323263,-500,True,37.5,36.5,38.6,0.95,0.05,0.0,0.7,0.03,2,1784196137.4231038,True,False,True,False,1784196035.150033,False,True,1,0,False
1783947642.4476278,20,1784196147.402845,37.470435645075156,0.6672640573739222,-500,True,37.5,36.5,38.6,0.95,0.05,0.0,0.7,0.03,2,1784196157.4289923,True,False,True,False,1784196035.150033,False,True,1,0,False
1783947642.4476278,20,1784196167.4086723,37.50247959105822,0.6671496147096971,-500,True,37.5,36.5,38.6,0.95,0.05,0.0,0.7,0.03,2,1784196177.4346707,True,False,True,False,1784196035.150033,False,1,0,0,False
1783947642.4476278,20,1784196187.4145157,37.526512550545505,0.667321278706035,-500,True,37.5,36.5,38.6,0.95,0.05,0.0,0.7,0.03,2,1784196197.4405246,True,False,True,False,1784196035.150033,False,1,0,0,False
1783947642.4476278,20,1784196207.420391,37.52384222171359,0.6670733196002137,-500,True,37.5,36.5,38.6,0.95,0.05,0.0,0.7,0.03,2,1784196217.4464436,True,False,True,True,1784196215.1500475,False,1,0,0,False
1783947642.4476278,20,1784196227.4262786,37.470435645075156,0.6673785000381476,-500,True,37.5,36.5,38.6,0.95,0.05,0.0,0.7,0.03,2,1784196237.452217,True,False,True,False,1784196215.1500475,False,True,1,0,False
1783947642.4476278,20,1784196247.4320378,37.44907301441978,0.6669588769359883,-500,True,37.5,36.5,38.6,0.95,0.05,0.0,0.7,0.03,2,1784196257.4580758,True,False,True,False,1784196215.1500475,False,True,1,0,False
1783947642.4476278,20,1784196267.437889,37.45975432974747,0.667321278706035,-500,True,37.5,36.5,38.6,0.95,0.05,0.0,0.7,0.03,2,1784196277.4639316,True,False,True,False,1784196215.1500475,False,True,1,0,False
1783947642.4476278,20,1784196287.4437957,37.483787289234755,0.6669207293812467,-500,True,37.5,36.5,38.6,0.95,0.05,0.0,0.7,0.03,2,1784196297.4698544,True,False,True,False,1784196215.1500475,False,True,1,0,False
1783947642.4476278,20,1784196307.4496284,37.470435645075156,0.6670923933775845,-500,True,37.5,36.5,38.6,0.95,0.05,0.0,0.7,0.03,2,1784196317.4756343,True,False,True,False,1784196215.1500475,False,True,1,0,False
1783947642.4476278,20,1784196327.4554534,37.47577630273899,0.6669970244907302,-500,True,37.5,36.5,38.6,0.95,0.05,0.0,0.7,0.03,2,1784196337.4816136,True,False,True,False,1784196215.1500475,False,True,1,0,False
1783947642.4476278,20,1784196347.4612265,37.507820248722055,0.6669016556038758,-500,True,37.5,36.5,38.6,0.95,0.05,0.0,0.7,0.03,2,1784196357.4872732,True,False,True,False,1784196215.1500475,False,1,0,0,False
1783947642.4476278,20,1784196367.4670868,37.52384222171359,0.6674357213702602,-500,True,37.5,36.5,38.6,0.95,0.05,0.0,0.7,0.03,2,1784196377.4931147,True,False,True,False,1784196215.1500475,False,1,0,0,False
1783947642.4476278,20,1784196387.4729066,37.51049057755398,0.6669398031586176,-500,True,37.5,36.5,38.6,0.95,0.05,0.0,0.7,0.03,2,1784196397.5023804,True,False,True,True,1784196395.150078,False,1,0,0,False
1783947642.4476278,20,1784196407.4822202,37.470435645075156,0.6669970244907302,-500,True,37.5,36.5,38.6,0.95,0.05,0.0,0.7,0.03,2,1784196417.508355,True,False,True,False,1784196395.150078,False,True,1,0,False
1783947642.4476278,20,1784196427.4882011,37.44373235675593,0.6668635080491341,-500,True,37.5,36.5,38.6,0.95,0.05,0.0,0.7,0.03,2,1784196437.5144486,True,False,True,False,1784196395.150078,False,True,1,0,False
1783947642.4476278,20,1784196447.4941704,37.44907301441978,0.6670542458228428,-500,True,37.5,36.5,38.6,0.95,0.05,0.0,0.7,0.03,2,1784196457.5202596,True,False,True,False,1784196395.150078,False,True,1,0,False
1783947642.4476278,20,1784196467.5,37.45975432974747,0.6666346227206836,-500,True,37.5,36.5,38.6,0.95,0.05,0.0,0.7,0.03,2,1784196477.5260754,True,False,True,False,1784196395.150078,False,True,1,0,False
1783947642.4476278,20,1784196487.5059009,37.47310597390707,0.6667681391622797,-500,True,37.5,36.5,38.6,0.95,0.05,0.0,0.7,0.03,2,1784196497.531931,True,False,True,False,1784196395.150078,False,True,1,0,False
1783947642.4476278,20,1784196507.5117488,37.513160906385906,0.6669779507133593,-500,True,37.5,36.5,38.6,0.95,0.05,0.0,0.7,0.03,2,1784196517.537794,True,False,True,False,1784196395.150078,False,1,0,0,False
1783947642.4476278,20,1784196527.5175602,37.49179827573053,0.667016098268101,-500,True,37.5,36.5,38.6,0.95,0.05,0.0,0.7,0.03,2,1784196537.543593,True,False,True,False,1784196395.150078,False,True,1,0,False
1783947642.4476278,20,1784196547.523419,37.50247959105822,0.6670923933775845,-500,True,37.5,36.5,38.6,0.95,0.05,0.0,0.7,0.03,2,1784196557.5495627,True,False,True,False,1784196395.150078,False,1,0,0,False
1783947642.4476278,20,1784196567.5294092,37.52918287937743,0.667168688487068,-500,True,37.5,36.5,38.6,0.95,0.05,0.0,0.7,0.03,2,1784196577.5554292,True,False,True,True,1784196575.1500978,False,1,0,0,False
1783947642.4476278,20,1784196587.535243,37.46242465857938,0.6671877622644388,-500,True,37.5,36.5,38.6,0.95,0.05,0.0,0.7,0.03,2,1784196597.5612833,True,False,True,False,1784196575.1500978,False,True,1,0,False
1783947642.4476278,20,1784196607.5410523,37.43305104142824,0.6669016556038758,-500,True,37.5,36.5,38.6,0.95,0.05,0.0,0.7,0.03,2,1784196617.567067,True,False,True,False,1784196575.1500978,False,True,1,0,False
1783947642.4476278,20,1784196627.5468702,37.45975432974747,0.6668062867170214,-500,True,37.5,36.5,38.6,0.95,0.05,0.0,0.7,0.03,2,1784196637.5729015,True,False,True,False,1784196575.1500978,False,True,1,0,False
1783947642.4476278,20,1784196647.5526834,37.470435645075156,0.6671305409323263,-500,True,37.5,36.5,38.6,0.95,0.05,0.0,0.7,0.03,2,1784196657.5787013,True,False,True,False,1784196575.1500978,False,True,1,0,False
1783947642.4476278,20,1784196667.5585122,37.470435645075156,0.6669970244907302,-500,True,37.5,36.5,38.6,0.95,0.05,0.0,0.7,0.03,2,1784196677.5845373,True,False,True,False,1784196575.1500978,False,True,1,0,False
1783947642.4476278,20,1784196687.5643208,37.49980926222629,0.6669970244907302,-500,True,37.5,36.5,38.6,0.95,0.05,0.0,0.7,0.03,2,1784196697.5903695,True,False,True,False,1784196575.1500978,False,True,1,0,False
1783947642.4476278,20,1784196707.5701406,37.49713893339437,0.6670351720454718,-500,True,37.5,36.5,38.6,0.95,0.05,0.0,0.7,0.03,2,1784196717.5961976,True,False,True,False,1784196575.1500978,False,True,1,0,False
1783947642.4476278,20,1784196727.5760045,37.49179827573053,0.667016098268101,-500,True,37.5,36.5,38.6,0.95,0.05,0.0,0.7,0.03,2,1784196737.6020594,True,False,True,False,1784196575.1500978,False,True,1,0,False
1783947642.4476278,20,1784196747.5817742,37.50247959105822,0.6672068360418097,-500,True,37.5,36.5,38.6,0.95,0.05,0.0,0.7,0.03,2,1784196757.6078784,True,False,True,True,1784196755.150108,False,1,0,0,False
1783947642.4476278,20,1784196767.5877862,37.48645761806668,0.6667299916075379,-500,True,37.5,36.5,38.6,0.95,0.05,0.0,0.7,0.03,2,1784196777.6139152,True,False,True,False,1784196755.150108,False,True,1,0,False
1783947642.4476278,20,1784196787.5936513,37.446402685587856,0.6668062867170214,-500,True,37.5,36.5,38.6,0.95,0.05,0.0,0.7,0.03,2,1784196797.6196728,True,False,True,False,1784196755.150108,False,True,1,0,False
1783947642.4476278,20,1784196807.5994902,37.470435645075156,0.6673022049286641,-500,True,37.5,36.5,38.6,0.95,0.05,0.0,0.7,0.03,2,1784196817.6256914,True,False,True,False,1784196755.150108,False,True,1,0,False
1783947642.4476278,20,1784196827.6053236,37.48645761806668,0.667016098268101,-500,True,37.5,36.5,38.6,0.95,0.05,0.0,0.7,0.03,2,1784196837.6314049,True,False,True,False,1784196755.150108,False,True,1,0,False
1783947642.4476278,20,1784196847.6112444,37.48645761806668,0.6672259098191806,-500,True,37.5,36.5,38.6,0.95,0.05,0.0,0.7,0.03,2,1784196857.6373353,True,False,True,False,1784196755.150108,False,True,1,0,False
1783947642.4476278,20,1784196867.6170905,37.50247959105822,0.6668444342717632,-500,True,37.5,36.5,38.6,0.95,0.05,0.0,0.7,0.03,2,1784196877.6432304,True,False,True,False,1784196755.150108,False,1,0,0,False
1783947642.4476278,20,1784196887.6230533,37.49980926222629,0.6670351720454718,-500,True,37.5,36.5,38.6,0.95,0.05,0.0,0.7,0.03,2,1784196897.6491017,True,False,True,False,1784196755.150108,False,True,1,0,False
1783947642.4476278,20,1784196907.6289575,37.507820248722055,0.6666536964980544,-500,True,37.5,36.5,38.6,0.95,0.05,0.0,0.7,0.03,2,1784196917.6551485,True,False,True,False,1784196755.150108,False,1,0,0,False
1783947642.4476278,20,1784196927.634905,37.49713893339437,0.6667109178301671,-500,True,37.5,36.5,38.6,0.95,0.05,0.0,0.7,0.03,2,1784196937.66092,True,False,True,True,1784196935.150118,False,True,1,0,False
1783947642.4476278,20,1784196947.6407,37.470435645075156,0.6669970244907302,-500,True,37.5,36.5,38.6,0.95,0.05,0.0,0.7,0.03,2,1784196957.6667256,True,False,True,False,1784196935.150118,False,True,1,0,False
1783947642.4476278,20,1784196967.6465518,37.481116960402844,0.6668825818265048,-500,True,37.5,36.5,38.6,0.95,0.05,0.0,0.7,0.03,2,1784196977.6725428,True,False,True,False,1784196935.150118,False,True,1,0,False
1783947642.4476278,20,1784196987.6523156,37.47310597390707,0.6669398031586176,-500,True,37.5,36.5,38.6,0.95,0.05,0.0,0.7,0.03,2,1784196997.678449,True,False,True,False,1784196935.150118,False,True,1,0,False
1783947642.4476278,20,1784197007.6582158,37.49179827573053,0.6670542458228428,-500,True,37.5,36.5,38.6,0.95,0.05,0.0,0.7,0.03,2,1784197017.6843858,True,False,True,False,1784196935.150118,False,True,1,0,False
1783947642.4476278,20,1784197027.6641538,37.52384222171359,0.6669588769359883,-500,True,37.5,36.5,38.6,0.95,0.05,0.0,0.7,0.03,2,1784197037.6902308,True,False,True,False,1784196935.150118,False,1,0,0,False
1783947642.4476278,20,1784197047.6700974,37.54520485236897,0.6666536964980544,-500,True,37.5,36.5,38.6,0.95,0.05,0.0,0.7,0.03,2,1784197057.6960883,True,False,True,False,1784196935.150118,False,1,0,0,False
1783947642.4476278,20,1784197067.675884,37.52918287937743,0.6670733196002137,-500,True,37.5,36.5,38.6,0.95,0.05,0.0,0.7,0.03,2,1784197077.7020109,True,False,True,False,1784196935.150118,False,1,0,0,False
1783947642.4476278,20,1784197087.6817687,37.47310597390707,0.6669779507133593,-500,True,37.5,36.5,38.6,0.95,0.05,0.0,0.7,0.03,2,1784197097.7078884,True,False,True,False,1784196935.150118,False,True,1,0,False
1783947642.4476278,20,1784197107.68771,37.45975432974747,0.6669207293812467,-500,True,37.5,36.5,38.6,0.95,0.05,0.0,0.7,0.03,2,1784197117.7137835,True,False,True,True,1784197115.1501498,False,True,1,0,False
1783947642.4476278,20,1784197127.6936367,37.44373235675593,0.6669016556038758,-500,True,37.5,36.5,38.6,0.95,0.05,0.0,0.7,0.03,2,1784197137.7197807,True,False,True,False,1784197115.1501498,False,True,1,0,False
1783947642.4476278,20,1784197147.6994932,37.43305104142824,0.6666346227206836,-500,True,37.5,36.5,38.6,0.95,0.05,0.0,0.7,0.03,2,1784197157.7256544,True,False,True,False,1784197115.1501498,False,True,1,0,False
1783947642.4476278,20,1784197167.7053242,37.44907301441978,0.6669398031586176,-500,True,37.5,36.5,38.6,0.95,0.05,0.0,0.7,0.03,2,1784197177.731357,True,False,True,False,1784197115.1501498,False,True,1,0,False
1783947642.4476278,20,1784197187.7111835,37.47844663157092,0.6670351720454718,-500,True,37.5,36.5,38.6,0.95,0.05,0.0,0.7,0.03,2,1784197197.7374449,True,False,True,False,1784197115.1501498,False,True,1,0,False
1783947642.4476278,20,1784197207.7171576,37.470435645075156,0.6669970244907302,-500,True,37.5,36.5,38.6,0.95,0.05,0.0,0.7,0.03,2,1784197217.7434094,True,False,True,False,1784197115.1501498,False,True,1,0,False
1783947642.4476278,20,1784197227.7230966,37.481116960402844,0.6669588769359883,-500,True,37.5,36.5,38.6,0.95,0.05,0.0,0.7,0.03,2,1784197237.7492247,True,False,True,False,1784197115.1501498,False,True,1,0,False
1783947642.4476278,20,1784197247.7289777,37.50247959105822,0.6670351720454718,-500,True,37.5,36.5,38.6,0.95,0.05,0.0,0.7,0.03,2,1784197257.7550726,True,False,True,False,1784197115.1501498,False,1,0,0,False
1783947642.4476278,20,1784197267.7348437,37.513160906385906,0.6669016556038758,-500,True,37.5,36.5,38.6,0.95,0.05,0.0,0.7,0.03,2,1784197277.7613854,True,False,True,False,1784197115.1501498,False,1,0,0,False
1783947642.4476278,20,1784197287.7411332,37.49980926222629,0.6665964751659419,-500,True,37.5,36.5,38.6,0.95,0.05,0.0,0.7,0.03,2,1784197297.7673478,True,False,True,True,1784197295.1501718,False,True,1,0,False
1783947642.4476278,20,1784197307.747002,37.48645761806668,0.6672831311512932,-500,True,37.5,36.5,38.6,0.95,0.05,0.0,0.7,0.03,2,1784197317.7730913,True,False,True,False,1784197295.1501718,False,True,1,0,False
1783947642.4476278,20,1784197327.752901,37.48645761806668,0.6671305409323263,-500,True,37.5,36.5,38.6,0.95,0.05,0.0,0.7,0.03,2,1784197337.7790148,True,False,True,False,1784197295.1501718,False,True,1,0,False
1783947642.4476278,20,1784197347.7588928,37.48645761806668,0.6666918440527962,-500,True,37.5,36.5,38.6,0.95,0.05,0.0,0.7,0.03,2,1784197357.7849886,True,False,True,False,1784197295.1501718,False,True,1,0,False
1783947642.4476278,20,1784197367.764765,37.49179827573053,0.6669398031586176,-500,True,37.5,36.5,38.6,0.95,0.05,0.0,0.7,0.03,2,1784197377.7908225,True,False,True,False,1784197295.1501718,False,True,1,0,False
1783947642.4476278,20,1784197387.7706215,37.52117189288167,0.6670733196002137,-500,True,37.5,36.5,38.6,0.95,0.05,0.0,0.7,0.03,2,1784197397.7967758,True,False,True,False,1784197295.1501718,False,1,0,0,False
1783947642.4476278,20,1784197407.7763903,37.49713893339437,0.6668253604943923,-500,True,37.5,36.5,38.6,0.95,0.05,0.0,0.7,0.03,2,1784197417.8024669,True,False,True,False,1784197295.1501718,False,True,1,0,False
1783947642.4476278,20,1784197427.7822604,37.49713893339437,0.6671114671549553,-500,True,37.5,36.5,38.6,0.95,0.05,0.0,0.7,0.03,2,1784197437.8083227,True,False,True,False,1784197295.1501718,False,True,1,0,False
1783947642.4476278,20,1784197447.7882068,37.51850156404974,0.6669970244907302,-500,True,37.5,36.5,38.6,0.95,0.05,0.0,0.7,0.03,2,1784197457.814286,True,False,True,False,1784197295.1501718,False,1,0,0,False
1783947642.4476278,20,1784197467.7941349,37.49713893339437,0.6669588769359883,-500,True,37.5,36.5,38.6,0.95,0.05,0.0,0.7,0.03,2,1784197477.8202307,True,False,True,True,1784197475.150207,False,True,1,0,False
1783947642.4476278,20,1784197487.800081,37.47844663157092,0.6671496147096971,-500,True,37.5,36.5,38.6,0.95,0.05,0.0,0.7,0.03,2,1784197497.8263636,True,False,True,False,1784197475.150207,False,True,1,0,False
1783947642.4476278,20,1784197507.8059874,37.44373235675593,0.6668062867170214,-500,True,37.5,36.5,38.6,0.95,0.05,0.0,0.7,0.03,2,1784197517.8319783,True,False,True,False,1784197475.150207,False,True,1,0,False
1783947642.4476278,20,1784197527.811778,37.44373235675593,0.6665774013885709,-500,True,37.5,36.5,38.6,0.95,0.05,0.0,0.7,0.03,2,1784197537.837854,True,False,True,False,1784197475.150207,False,True,1,0,False
1783947642.4476278,20,1784197547.8176203,37.44907301441978,0.6668635080491341,-500,True,37.5,36.5,38.6,0.95,0.05,0.0,0.7,0.03,2,1784197557.8436465,True,False,True,False,1784197475.150207,False,True,1,0,False
1783947642.4476278,20,1784197567.8234603,37.47577630273899,0.6667109178301671,-500,True,37.5,36.5,38.6,0.95,0.05,0.0,0.7,0.03,2,1784197577.8495133,True,False,True,False,1784197475.150207,False,True,1,0,False
1783947642.4476278,20,1784197587.8293016,37.52117189288167,0.6669779507133593,-500,True,37.5,36.5,38.6,0.95,0.05,0.0,0.7,0.03,2,1784197597.8552966,True,False,True,False,1784197475.150207,False,1,0,0,False
1783947642.4476278,20,1784197607.8351235,37.50247959105822,0.6666536964980544,-500,True,37.5,36.5,38.6,0.95,0.05,0.0,0.7,0.03,2,1784197617.86126,True,False,True,False,1784197475.150207,False,1,0,0,False
1783947642.4476278,20,1784197627.8410966,37.481116960402844,0.6669588769359883,-500,True,37.5,36.5,38.6,0.95,0.05,0.0,0.7,0.03,2,1784197637.8672094,True,False,True,False,1784197475.150207,False,True,1,0,False
1783947642.4476278,20,1784197647.8470197,37.48645761806668,0.6668825818265048,-500,True,37.5,36.5,38.6,0.95,0.05,0.0,0.7,0.03,2,1784197657.873038,True,False,True,True,1784197655.15021,False,True,1,0,False
1783947642.4476278,20,1784197667.8528128,37.470435645075156,0.6665774013885709,-500,True,37.5,36.5,38.6,0.95,0.05,0.0,0.7,0.03,2,1784197677.8788998,True,False,True,False,1784197655.15021,False,True,1,0,False
1783947642.4476278,20,1784197687.8587067,37.41969939726863,0.6666155489433128,-500,True,37.5,36.5,38.6,0.95,0.05,0.0,0.7,0.03,2,1784197697.8847308,True,False,True,False,1784197655.15021,False,True,1,0,False
1783947642.4476278,20,1784197707.8644874,37.465094987411305,0.6665774013885709,-500,True,37.5,36.5,38.6,0.95,0.05,0.0,0.7,0.03,2,1784197717.8906047,True,False,True,False,1784197655.15021,False,True,1,0,False
1783947642.4476278,20,1784197727.8704267,37.45975432974747,0.6665774013885709,-500,True,37.5,36.5,38.6,0.95,0.05,0.0,0.7,0.03,2,1784197737.8964372,True,False,True,False,1784197655.15021,False,True,1,0,False
1783947642.4476278,20,1784197747.8762176,37.47577630273899,0.6667299916075379,-500,True,37.5,36.5,38.6,0.95,0.05,0.0,0.7,0.03,2,1784197757.9023309,True,False,True,False,1784197655.15021,False,True,1,0,False
1783947642.4476278,20,1784197767.8821685,37.45975432974747,0.6665774013885709,-500,True,37.5,36.5,38.6,0.95,0.05,0.0,0.7,0.03,2,1784197777.9084058,True,False,True,False,1784197655.15021,False,True,1,0,False
1783947642.4476278,20,1784197787.8880908,37.51049057755398,0.667016098268101,-500,True,37.5,36.5,38.6,0.95,0.05,0.0,0.7,0.03,2,1784197797.9141855,True,False,True,False,1784197655.15021,False,1,0,0,False
1783947642.4476278,20,1784197807.8939955,37.52384222171359,0.6670351720454718,-500,True,37.5,36.5,38.6,0.95,0.05,0.0,0.7,0.03,2,1784197817.9200022,True,False,True,False,1784197655.15021,False,1,0,0,False
1783947642.4476278,20,1784197827.8998158,37.49179827573053,0.6668635080491341,-500,True,37.5,36.5,38.6,0.95,0.05,0.0,0.7,0.03,2,1784197837.9258845,True,False,True,True,1784197835.15022,False,True,1,0,False
1783947642.4476278,20,1784197847.9056678,37.49179827573053,0.6667872129396506,-500,True,37.5,36.5,38.6,0.95,0.05,0.0,0.7,0.03,2,1784197857.9316864,True,False,True,False,1784197835.15022,False,True,1,0,False
1783947642.4476278,20,1784197867.9114962,37.470435645075156,0.6665392538338293,-500,True,37.5,36.5,38.6,0.95,0.05,0.0,0.7,0.03,2,1784197877.9376884,True,False,True,False,1784197835.15022,False,True,1,0,False
1783947642.4476278,20,1784197887.917461,37.46242465857938,0.6668635080491341,-500,True,37.5,36.5,38.6,0.95,0.05,0.0,0.7,0.03,2,1784197897.943576,True,False,True,False,1784197835.15022,False,True,1,0,False
1783947642.4476278,20,1784197907.9234052,37.45975432974747,0.6666918440527962,-500,True,37.5,36.5,38.6,0.95,0.05,0.0,0.7,0.03,2,1784197917.9494743,True,False,True,False,1784197835.15022,False,True,1,0,False
1783947642.4476278,20,1784197927.9292412,37.481116960402844,0.6668062867170214,-500,True,37.5,36.5,38.6,0.95,0.05,0.0,0.7,0.03,2,1784197937.9552743,True,False,True,False,1784197835.15022,False,True,1,0,False
1783947642.4476278,20,1784197947.9350886,37.48645761806668,0.6665774013885709,-500,True,37.5,36.5,38.6,0.95,0.05,0.0,0.7,0.03,2,1784197957.9610956,True,False,True,False,1784197835.15022,False,True,1,0,False
1783947642.4476278,20,1784197967.9409266,37.49713893339437,0.6667490653849089,-500,True,37.5,36.5,38.6,0.95,0.05,0.0,0.7,0.03,2,1784197977.9671755,True,False,True,False,1784197835.15022,False,True,1,0,False
1783947642.4476278,20,1784197987.9468298,37.526512550545505,0.6667299916075379,-500,True,37.5,36.5,38.6,0.95,0.05,0.0,0.7,0.03,2,1784197997.97285,True,False,True,False,1784197835.15022,False,1,0,0,False
1783947642.4476278,20,1784198007.9526637,37.507820248722055,0.6668253604943923,-500,True,37.5,36.5,38.6,0.95,0.05,0.0,0.7,0.03,2,1784198017.9786904,True,False,True,True,1784198015.1502404,False,1,0,0,False
1783947642.4476278,20,1784198027.9585812,37.470435645075156,0.6668253604943923,-500,True,37.5,36.5,38.6,0.95,0.05,0.0,0.7,0.03,2,1784198037.9846673,True,False,True,False,1784198015.1502404,False,True,1,0,False
1783947642.4476278,20,1784198047.9644725,37.45975432974747,0.6666727702754254,-500,True,37.5,36.5,38.6,0.95,0.05,0.0,0.7,0.03,2,1784198057.9905288,True,False,True,False,1784198015.1502404,False,True,1,0,False
1783947642.4476278,20,1784198067.9703445,37.470435645075156,0.6666918440527962,-500,True,37.5,36.5,38.6,0.95,0.05,0.0,0.7,0.03,2,1784198077.9963784,True,False,True,False,1784198015.1502404,False,True,1,0,False
1783947642.4476278,20,1784198087.9761372,37.47310597390707,0.6665964751659419,-500,True,37.5,36.5,38.6,0.95,0.05,0.0,0.7,0.03,2,1784198098.00221,True,False,True,False,1784198015.1502404,False,True,1,0,False
1783947642.4476278,20,1784198107.981996,37.481116960402844,0.6665583276112002,-500,True,37.5,36.5,38.6,0.95,0.05,0.0,0.7,0.03,2,1784198118.00809,True,False,True,False,1784198015.1502404,False,True,1,0,False
1783947642.4476278,20,1784198127.9878938,37.470435645075156,0.6668062867170214,-500,True,37.5,36.5,38.6,0.95,0.05,0.0,0.7,0.03,2,1784198138.013995,True,False,True,False,1784198015.1502404,False,True,1,0,False
1783947642.4476278,20,1784198147.9937477,37.507820248722055,0.6664629587243458,-500,True,37.5,36.5,38.6,0.95,0.05,0.0,0.7,0.03,2,1784198158.0197577,True,False,True,False,1784198015.1502404,False,1,0,0,False
1783947642.4476278,20,1784198167.999582,37.51850156404974,0.6665201800564584,-500,True,37.5,36.5,38.6,0.95,0.05,0.0,0.7,0.03,2,1784198178.0255816,True,False,True,False,1784198015.1502404,False,1,0,0,False
1783947642.4476278,20,1784198188.0054293,37.49446860456244,0.6665774013885709,-500,True,37.5,36.5,38.6,0.95,0.05,0.0,0.7,0.03,2,1784198198.0316088,True,False,True,True,1784198195.1502457,False,True,1,0,False
1783947642.4476278,20,1784198208.011375,37.47577630273899,0.6665201800564584,-500,True,37.5,36.5,38.6,0.95,0.05,0.0,0.7,0.03,2,1784198218.0373964,True,False,True,False,1784198195.1502457,False,True,1,0,False
1783947642.4476278,20,1784198228.0171847,37.45975432974747,0.6667299916075379,-500,True,37.5,36.5,38.6,0.95,0.05,0.0,0.7,0.03,2,1784198238.0433035,True,False,True,False,1784198195.1502457,False,True,1,0,False
1783947642.4476278,20,1784198248.023138,37.49179827573053,0.6667299916075379,-500,True,37.5,36.5,38.6,0.95,0.05,0.0,0.7,0.03,2,1784198258.049403,True,False,True,False,1784198195.1502457,False,True,1,0,False
1783947642.4476278,20,1784198268.0290408,37.47577630273899,0.6666155489433128,-500,True,37.5,36.5,38.6,0.95,0.05,0.0,0.7,0.03,2,1784198278.055204,True,False,True,False,1784198195.1502457,False,True,1,0,False
1783947642.4476278,20,1784198288.035,37.483787289234755,0.6667299916075379,-500,True,37.5,36.5,38.6,0.95,0.05,0.0,0.7,0.03,2,1784198298.0612242,True,False,True,False,1784198195.1502457,False,True,1,0,False
1783947642.4476278,20,1784198308.0409007,37.50247959105822,0.666291294728008,-500,True,37.5,36.5,38.6,0.95,0.05,0.0,0.7,0.03,2,1784198318.0670528,True,False,True,False,1784198195.1502457,False,1,0,0,False
1783947642.4476278,20,1784198328.0468378,37.49713893339437,0.6664438849469749,-500,True,37.5,36.5,38.6,0.95,0.05,0.0,0.7,0.03,2,1784198338.0730598,True,False,True,False,1784198195.1502457,False,True,1,0,False
1783947642.4476278,20,1784198348.0527115,37.513160906385906,0.6668635080491341,-500,True,37.5,36.5,38.6,0.95,0.05,0.0,0.7,0.03,2,1784198358.078993,True,False,True,False,1784198195.1502457,False,1,0,0,False
1783947642.4476278,20,1784198368.0585759,37.513160906385906,0.6665392538338293,-500,True,37.5,36.5,38.6,0.95,0.05,0.0,0.7,0.03,2,1784198378.0845418,True,False,True,True,1784198375.1502695,False,1,0,0,False
1783947642.4476278,20,1784198388.064325,37.483787289234755,0.6664820325017167,-500,True,37.5,36.5,38.6,0.95,0.05,0.0,0.7,0.03,2,1784198398.0904484,True,False,True,False,1784198375.1502695,False,True,1,0,False
1783947642.4476278,20,1784198408.0702298,37.44373235675593,0.6664629587243458,-500,True,37.5,36.5,38.6,0.95,0.05,0.0,0.7,0.03,2,1784198418.096191,True,False,True,False,1784198375.1502695,False,True,1,0,False
1783947642.4476278,20,1784198428.0759757,37.470435645075156,0.6664820325017167,-500,True,37.5,36.5,38.6,0.95,0.05,0.0,0.7,0.03,2,1784198438.102033,True,False,True,False,1784198375.1502695,False,True,1,0,False
1783947642.4476278,20,1784198448.0817807,37.44373235675593,0.6664438849469749,-500,True,37.5,36.5,38.6,0.95,0.05,0.0,0.7,0.03,2,1784198458.108047,True,False,True,False,1784198375.1502695,False,True,1,0,False
1783947642.4476278,20,1784198468.0876837,37.470435645075156,0.6664629587243458,-500,True,37.5,36.5,38.6,0.95,0.05,0.0,0.7,0.03,2,1784198478.113883,True,False,True,False,1784198375.1502695,False,True,1,0,False
1783947642.4476278,20,1784198488.0936553,37.47844663157092,0.6664057373922332,-500,True,37.5,36.5,38.6,0.95,0.05,0.0,0.7,0.03,2,1784198498.1196828,True,False,True,False,1784198375.1502695,False,True,1,0,False
1783947642.4476278,20,1784198508.0995164,37.481116960402844,0.6661959258411535,-500,True,37.5,36.5,38.6,0.95,0.05,0.0,0.7,0.03,2,1784198518.1255605,True,False,True,False,1784198375.1502695,False,True,1,0,False
1783947642.4476278,20,1784198528.1053443,37.53452353704128,0.6665774013885709,-500,True,37.5,36.5,38.6,0.95,0.05,0.0,0.7,0.03,2,1784198538.131426,True,False,True,False,1784198375.1502695,False,1,0,0,False
1783947642.4476278,20,1784198548.1112971,37.52384222171359,0.6665011062790874,-500,True,37.5,36.5,38.6,0.95,0.05,0.0,0.7,0.03,2,1784198558.137317,True,False,True,True,1784198555.1502883,False,1,0,0,False
1783947642.4476278,20,1784198568.1171045,37.49713893339437,0.6666536964980544,-500,True,37.5,36.5,38.6,0.95,0.05,0.0,0.7,0.03,2,1784198578.14315,True,False,True,False,1784198555.1502883,False,True,1,0,False
1783947642.4476278,20,1784198588.1229584,37.46242465857938,0.666272220950637,-500,True,37.5,36.5,38.6,0.95,0.05,0.0,0.7,0.03,2,1784198598.148969,True,False,True,False,1784198555.1502883,False,True,1,0,False
1783947642.4476278,20,1784198608.128741,37.45441367208362,0.6665583276112002,-500,True,37.5,36.5,38.6,0.95,0.05,0.0,0.7,0.03,2,1784198618.1548383,True,False,True,False,1784198555.1502883,False,True,1,0,False
1783947642.4476278,20,1784198628.1346128,37.465094987411305,0.6663485160601205,-500,True,37.5,36.5,38.6,0.95,0.05,0.0,0.7,0.03,2,1784198638.1605842,True,False,True,False,1784198555.1502883,False,True,1,0,False
1783947642.4476278,20,1784198648.1403918,37.48645761806668,0.666424811169604,-500,True,37.5,36.5,38.6,0.95,0.05,0.0,0.7,0.03,2,1784198658.1664374,True,False,True,False,1784198555.1502883,False,True,1,0,False
1783947642.4476278,20,1784198668.146257,37.513160906385906,0.6662340733958954,-500,True,37.5,36.5,38.6,0.95,0.05,0.0,0.7,0.03,2,1784198678.1723661,True,False,True,False,1784198555.1502883,False,1,0,0,False
1783947642.4476278,20,1784198688.1522062,37.49446860456244,0.666272220950637,-500,True,37.5,36.5,38.6,0.95,0.05,0.0,0.7,0.03,2,1784198698.1782408,True,False,True,False,1784198555.1502883,False,True,1,0,False
1783947642.4476278,20,1784198708.1580453,37.50247959105822,0.6663866636148623,-500,True,37.5,36.5,38.6,0.95,0.05,0.0,0.7,0.03,2,1784198718.1840503,True,False,True,False,1784198555.1502883,False,1,0,0,False
1783947642.4476278,20,1784198728.1638498,37.470435645075156,0.6665774013885709,-500,True,37.5,36.5,38.6,0.95,0.05,0.0,0.7,0.03,2,1784198738.1900775,True,False,True,True,1784198735.1503093,False,True,1,0,False
1783947642.4476278,20,1784198748.1697757,37.45975432974747,0.6663675898374914,-500,True,37.5,36.5,38.6,0.95,0.05,0.0,0.7,0.03,2,1784198758.1958647,True,False,True,False,1784198735.1503093,False,True,1,0,False
1783947642.4476278,20,1784198768.175673,37.45975432974747,0.6661005569542993,-500,True,37.5,36.5,38.6,0.95,0.05,0.0,0.7,0.03,2,1784198778.201715,True,False,True,False,1784198735.1503093,False,True,1,0,False
1783947642.4476278,20,1784198788.1814787,37.47310597390707,0.666272220950637,-500,True,37.5,36.5,38.6,0.95,0.05,0.0,0.7,0.03,2,1784198798.2075703,True,False,True,False,1784198735.1503093,False,True,1,0,False
1783947642.4476278,20,1784198808.187401,37.48645761806668,0.6666155489433128,-500,True,37.5,36.5,38.6,0.95,0.05,0.0,0.7,0.03,2,1784198818.2134295,True,False,True,False,1784198735.1503093,False,True,1,0,False
1783947642.4476278,20,1784198828.1932397,37.47577630273899,0.6664820325017167,-500,True,37.5,36.5,38.6,0.95,0.05,0.0,0.7,0.03,2,1784198838.2194202,True,False,True,False,1784198735.1503093,False,True,1,0,False
1783947642.4476278,20,1784198848.1990585,37.513160906385906,0.666424811169604,-500,True,37.5,36.5,38.6,0.95,0.05,0.0,0.7,0.03,2,1784198858.2251124,True,False,True,False,1784198735.1503093,False,1,0,0,False
1783947642.4476278,20,1784198868.2049212,37.52918287937743,0.6664629587243458,-500,True,37.5,36.5,38.6,0.95,0.05,0.0,0.7,0.03,2,1784198878.2309418,True,False,True,False,1784198735.1503093,False,1,0,0,False
1783947642.4476278,20,1784198888.210788,37.51583123521782,0.6663103685053788,-500,True,37.5,36.5,38.6,0.95,0.05,0.0,0.7,0.03,2,1784198898.2368345,True,False,True,False,1784198735.1503093,False,1,0,0,False
1783947642.4476278,20,1784198908.2166152,37.47577630273899,0.6667490653849089,-500,True,37.5,36.5,38.6,0.95,0.05,0.0,0.7,0.03,2,1784198918.242624,True,False,True,True,1784198915.1503153,False,True,1,0,False
1783947642.4476278,20,1784198928.2224395,37.45441367208362,0.6664820325017167,-500,True,37.5,36.5,38.6,0.95,0.05,0.0,0.7,0.03,2,1784198938.2485929,True,False,True,False,1784198915.1503153,False,True,1,0,False
1783947642.4476278,20,1784198948.2282038,37.45975432974747,0.6663675898374914,-500,True,37.5,36.5,38.6,0.95,0.05,0.0,0.7,0.03,2,1784198958.2542858,True,False,True,False,1784198915.1503153,False,True,1,0,False
1783947642.4476278,20,1784198968.234107,37.470435645075156,0.6664629587243458,-500,True,37.5,36.5,38.6,0.95,0.05,0.0,0.7,0.03,2,1784198978.2601035,True,False,True,False,1784198915.1503153,False,True,1,0,False
1783947642.4476278,20,1784198988.2398834,37.483787289234755,0.6664438849469749,-500,True,37.5,36.5,38.6,0.95,0.05,0.0,0.7,0.03,2,1784198998.2659173,True,False,True,False,1784198915.1503153,False,True,1,0,False
1783947642.4476278,20,1784199008.245675,37.45441367208362,0.6663485160601205,-500,True,37.5,36.5,38.6,0.95,0.05,0.0,0.7,0.03,2,1784199018.2716782,True,False,True,False,1784198915.1503153,False,True,1,0,False
1783947642.4476278,20,1784199028.2514844,37.47577630273899,0.666272220950637,-500,True,37.5,36.5,38.6,0.95,0.05,0.0,0.7,0.03,2,1784199038.2775142,True,False,True,False,1784198915.1503153,False,True,1,0,False
1783947642.4476278,20,1784199048.257324,37.507820248722055,0.6661577782864119,-500,True,37.5,36.5,38.6,0.95,0.05,0.0,0.7,0.03,2,1784199058.2833388,True,False,True,False,1784198915.1503153,False,1,0,0,False
1783947642.4476278,20,1784199068.2631805,37.51850156404974,0.6665201800564584,-500,True,37.5,36.5,38.6,0.95,0.05,0.0,0.7,0.03,2,1784199078.2891958,True,False,True,False,1784198915.1503153,False,1,0,0,False
1783947642.4476278,20,1784199088.269011,37.51049057755398,0.666138704509041,-500,True,37.5,36.5,38.6,0.95,0.05,0.0,0.7,0.03,2,1784199098.2951415,True,False,True,True,1784199095.1503475,False,1,0,0,False
1783947642.4476278,20,1784199108.2749739,37.481116960402844,0.6664057373922332,-500,True,37.5,36.5,38.6,0.95,0.05,0.0,0.7,0.03,2,1784199118.3010514,True,False,True,False,1784199095.1503475,False,True,1,0,False
1783947642.4476278,20,1784199128.2808557,37.465094987411305,0.6661959258411535,-500,True,37.5,36.5,38.6,0.95,0.05,0.0,0.7,0.03,2,1784199138.3068938,True,False,True,False,1784199095.1503475,False,True,1,0,False
1783947642.4476278,20,1784199148.2867134,37.465094987411305,0.6664629587243458,-500,True,37.5,36.5,38.6,0.95,0.05,0.0,0.7,0.03,2,1784199158.3127778,True,False,True,False,1784199095.1503475,False,True,1,0,False
1783947642.4476278,20,1784199168.29258,37.470435645075156,0.6662340733958954,-500,True,37.5,36.5,38.6,0.95,0.05,0.0,0.7,0.03,2,1784199178.31863,True,False,True,False,1784199095.1503475,False,True,1,0,False
1783947642.4476278,20,1784199188.2985108,37.489127946898606,0.6664057373922332,-500,True,37.5,36.5,38.6,0.95,0.05,0.0,0.7,0.03,2,1784199198.327827,True,False,True,False,1784199095.1503475,False,True,1,0,False
1783947642.4476278,20,1784199208.307633,37.48645761806668,0.6664629587243458,-500,True,37.5,36.5,38.6,0.95,0.05,0.0,0.7,0.03,2,1784199218.3336535,True,False,True,False,1784199095.1503475,False,True,1,0,False
1783947642.4476278,20,1784199228.3134365,37.49713893339437,0.6662531471732662,-500,True,37.5,36.5,38.6,0.95,0.05,0.0,0.7,0.03,2,1784199238.3396378,True,False,True,False,1784199095.1503475,False,True,1,0,False
1783947642.4476278,20,1784199248.3194785,37.49713893339437,0.6660242618448158,-500,True,37.5,36.5,38.6,0.95,0.05,0.0,0.7,0.03,2,1784199258.3456376,True,False,True,False,1784199095.1503475,False,True,1,0,False
1783947642.4476278,20,1784199268.3253999,37.507820248722055,0.6664629587243458,-500,True,37.5,36.5,38.6,0.95,0.05,0.0,0.7,0.03,2,1784199278.3514042,True,False,True,True,1784199275.1503563,False,1,0,0,False
1783947642.4476278,20,1784199288.3312373,37.47310597390707,0.6663866636148623,-500,True,37.5,36.5,38.6,0.95,0.05,0.0,0.7,0.03,2,1784199298.3572514,True,False,True,False,1784199275.1503563,False,True,1,0,False
1783947642.4476278,20,1784199308.337025,37.470435645075156,0.6666346227206836,-500,True,37.5,36.5,38.6,0.95,0.05,0.0,0.7,0.03,2,1784199318.3633509,True,False,True,False,1784199275.1503563,False,True,1,0,False
1783947642.4476278,20,1784199328.3429968,37.44373235675593,0.6663103685053788,-500,True,37.5,36.5,38.6,0.95,0.05,0.0,0.7,0.03,2,1784199338.3690348,True,False,True,False,1784199275.1503563,False,True,1,0,False
1783947642.4476278,20,1784199348.3488178,37.470435645075156,0.6663103685053788,-500,True,37.5,36.5,38.6,0.95,0.05,0.0,0.7,0.03,2,1784199358.3748846,True,False,True,False,1784199275.1503563,False,True,1,0,False
1783947642.4476278,20,1784199368.3547208,37.49713893339437,0.6662340733958954,-500,True,37.5,36.5,38.6,0.95,0.05,0.0,0.7,0.03,2,1784199378.3808246,True,False,True,False,1784199275.1503563,False,True,1,0,False
1783947642.4476278,20,1784199388.3606365,37.51049057755398,0.6663103685053788,-500,True,37.5,36.5,38.6,0.95,0.05,0.0,0.7,0.03,2,1784199398.38672,True,False,True,False,1784199275.1503563,False,1,0,0,False
1783947642.4476278,20,1784199408.3665202,37.48645761806668,0.6663485160601205,-500,True,37.5,36.5,38.6,0.95,0.05,0.0,0.7,0.03,2,1784199418.3926425,True,False,True,False,1784199275.1503563,False,True,1,0,False
1783947642.4476278,20,1784199428.3722663,37.49713893339437,0.666291294728008,-500,True,37.5,36.5,38.6,0.95,0.05,0.0,0.7,0.03,2,1784199438.3983734,True,False,True,False,1784199275.1503563,False,True,1,0,False
1783947642.4476278,20,1784199448.3781545,37.48645761806668,0.6666155489433128,-500,True,37.5,36.5,38.6,0.95,0.05,0.0,0.7,0.03,2,1784199458.4041796,True,False,True,True,1784199455.1503782,False,True,1,0,False
1783947642.4476278,20,1784199468.3840365,37.45441367208362,0.6664057373922332,-500,True,37.5,36.5,38.6,0.95,0.05,0.0,0.7,0.03,2,1784199478.4101908,True,False,True,False,1784199455.1503782,False,True,1,0,False
1783947642.4476278,20,1784199488.3899734,37.46776531624323,0.666272220950637,-500,True,37.5,36.5,38.6,0.95,0.05,0.0,0.7,0.03,2,1784199498.4159677,True,False,True,False,1784199455.1503782,False,True,1,0,False
1783947642.4476278,20,1784199508.3957787,37.470435645075156,0.6661768520637827,-500,True,37.5,36.5,38.6,0.95,0.05,0.0,0.7,0.03,2,1784199518.4218469,True,False,True,False,1784199455.1503782,False,True,1,0,False
1783947642.4476278,20,1784199528.4016318,37.470435645075156,0.666424811169604,-500,True,37.5,36.5,38.6,0.95,0.05,0.0,0.7,0.03,2,1784199538.427755,True,False,True,False,1784199455.1503782,False,True,1,0,False
1783947642.4476278,20,1784199548.4075897,37.481116960402844,0.665852597848478,-500,True,37.5,36.5,38.6,0.95,0.05,0.0,0.7,0.03,2,1784199558.433632,True,False,True,False,1784199455.1503782,False,True,1,0,False
1783947642.4476278,20,1784199568.4134092,37.49713893339437,0.6662340733958954,-500,True,37.5,36.5,38.6,0.95,0.05,0.0,0.7,0.03,2,1784199578.4394872,True,False,True,False,1784199455.1503782,False,True,1,0,False
1783947642.4476278,20,1784199588.4194837,37.50514991989013,0.666272220950637,-500,True,37.5,36.5,38.6,0.95,0.05,0.0,0.7,0.03,2,1784199598.4456732,True,False,True,False,1784199455.1503782,False,1,0,0,False
1783947642.4476278,20,1784199608.4254093,37.48645761806668,0.6661005569542993,-500,True,37.5,36.5,38.6,0.95,0.05,0.0,0.7,0.03,2,1784199618.4516044,False,True,True,False,1784199455.1503782,False,True,1,0,False
1783947642.4476278,20,1784199628.4312773,37.481116960402844,0.6660624093995575,-500,True,37.5,36.5,38.6,0.95,0.05,0.0,0.7,0.03,2,1784199638.4575157,False,True,True,True,1784199635.1504004,False,True,1,0,False
1783947642.4476278,20,1784199648.4371903,37.41702906843672,0.6663294422827497,-500,True,37.5,36.5,38.6,0.95,0.05,0.0,0.7,0.03,2,1784199658.4633045,False,True,True,False,1784199635.1504004,False,True,1,0,False
1783947642.4476278,20,1784199668.4431655,37.40100709544518,0.6660242618448158,-500,True,37.5,36.5,38.6,0.95,0.05,0.0,0.7,0.03,2,1784199678.470521,False,True,True,False,1784199635.1504004,False,True,1,0,False
1783947642.4476278,20,1784199688.450329,37.41969939726863,0.6662531471732662,-500,True,37.5,36.5,38.6,0.95,0.05,0.0,0.7,0.03,2,1784199698.476803,False,True,True,False,1784199635.1504004,False,True,1,0,False
1783947642.4476278,20,1784199708.456464,37.43305104142824,0.6663103685053788,-500,True,37.5,36.5,38.6,0.95,0.05,0.0,0.7,0.03,2,1784199718.4828675,False,True,True,False,1784199635.1504004,False,True,1,0,False
1783947642.4476278,20,1784199728.4626756,37.43305104142824,0.6660814831769284,-500,True,37.5,36.5,38.6,0.95,0.05,0.0,0.7,0.03,2,1784199738.488726,False,True,True,False,1784199635.1504004,False,True,1,0,False
1783947642.4476278,20,1784199748.4684916,37.470435645075156,0.6661005569542993,-500,True,37.5,36.5,38.6,0.95,0.05,0.0,0.7,0.03,2,1784199758.4945328,False,True,True,False,1784199635.1504004,False,True,1,0,False
1783947642.4476278,20,1784199768.474358,37.47577630273899,0.6662149996185245,-500,True,37.5,36.5,38.6,0.95,0.05,0.0,0.7,0.03,2,1784199778.5003061,False,True,True,False,1784199635.1504004,False,True,1,0,False
1783947642.4476278,20,1784199788.4801195,37.49980926222629,0.6662340733958954,-500,True,37.5,36.5,38.6,0.95,0.05,0.0,0.7,0.03,2,1784199798.506335,False,True,True,False,1784199635.1504004,False,True,1,0,False
1783947642.4476278,20,1784199808.485996,37.48645761806668,0.6662149996185245,-500,True,37.5,36.5,38.6,0.95,0.05,0.0,0.7,0.03,2,1784199818.5120392,False,True,True,True,1784199815.1504123,False,True,1,0,False
1783947642.4476278,20,1784199828.491831,37.465094987411305,0.6664629587243458,-500,True,37.5,36.5,38.6,0.95,0.05,0.0,0.7,0.03,2,1784199838.5179057,False,True,True,False,1784199815.1504123,False,True,1,0,False
1783947642.4476278,20,1784199848.4976761,37.44907301441978,0.6660814831769284,-500,True,37.5,36.5,38.6,0.95,0.05,0.0,0.7,0.03,2,1784199858.5236962,False,True,True,False,1784199815.1504123,False,True,1,0,False
1783947642.4476278,20,1784199868.5035486,37.507820248722055,0.6660242618448158,-500,True,37.5,36.5,38.6,0.95,0.05,0.0,0.7,0.03,2,1784199878.5295742,False,True,True,False,1784199815.1504123,False,1,0,0,False
1783947642.4476278,20,1784199888.509429,37.51049057755398,0.6661577782864119,-500,True,37.5,36.5,38.6,0.95,0.05,0.0,0.7,0.03,2,1784199898.5356188,False,True,True,False,1784199815.1504123,False,1,0,0,False
1783947642.4476278,20,1784199908.515282,37.481116960402844,0.6663103685053788,-500,True,37.5,36.5,38.6,0.95,0.05,0.0,0.7,0.03,2,1784199918.5413275,False,True,True,False,1784199815.1504123,False,True,1,0,False
1783947642.4476278,20,1784199928.5211284,37.48645761806668,0.6661768520637827,-500,True,37.5,36.5,38.6,0.95,0.05,0.0,0.7,0.03,2,1784199938.5471473,False,True,True,False,1784199815.1504123,False,True,1,0,False
1783947642.4476278,20,1784199948.526963,37.49713893339437,0.6663294422827497,-500,True,37.5,36.5,38.6,0.95,0.05,0.0,0.7,0.03,2,1784199958.5529795,False,True,True,False,1784199815.1504123,False,True,1,0,False
1783947642.4476278,20,1784199968.5327713,37.49713893339437,0.6659288929579614,-500,True,37.5,36.5,38.6,0.95,0.05,0.0,0.7,0.03,2,1784199978.5588076,False,True,True,False,1784199815.1504123,False,True,1,0,False
1783947642.4476278,20,1784199988.5386298,37.52117189288167,0.666272220950637,-500,True,37.5,36.5,38.6,0.95,0.05,0.0,0.7,0.03,2,1784199998.564582,False,True,True,True,1784199995.1504247,False,1,0,0,False
1783947642.4476278,20,1784200008.54443,37.470435645075156,0.6660624093995575,-500,True,37.5,36.5,38.6,0.95,0.05,0.0,0.7,0.03,2,1784200018.5705798,False,True,True,False,1784199995.1504247,False,True,1,0,False
1783947642.4476278,20,1784200028.550439,37.45975432974747,0.6661005569542993,-500,True,37.5,36.5,38.6,0.95,0.05,0.0,0.7,0.03,2,1784200038.5764892,False,True,True,False,1784199995.1504247,False,True,1,0,False
1783947642.4476278,20,1784200048.5562654,37.45441367208362,0.6659670405127031,-500,True,37.5,36.5,38.6,0.95,0.05,0.0,0.7,0.03,2,1784200058.582324,False,True,True,False,1784199995.1504247,False,True,1,0,False
1783947642.4476278,20,1784200068.5621214,37.507820248722055,0.6659479667353323,-500,True,37.5,36.5,38.6,0.95,0.05,0.0,0.7,0.03,2,1784200078.593044,False,True,True,False,1784199995.1504247,False,1,0,0,False
1783947642.4476278,20,1784200088.5728483,37.51049057755398,0.665852597848478,-500,True,37.5,36.5,38.6,0.95,0.05,0.0,0.7,0.03,2,1784200098.5988798,False,True,True,False,1784199995.1504247,False,1,0,0,False
1783947642.4476278,20,1784200108.578714,37.507820248722055,0.6660242618448158,-500,True,37.5,36.5,38.6,0.95,0.05,0.0,0.7,0.03,2,1784200118.6047065,False,True,True,False,1784199995.1504247,False,1,0,0,False
1783947642.4476278,20,1784200128.5845237,37.47577630273899,0.6660242618448158,-500,True,37.5,36.5,38.6,0.95,0.05,0.0,0.7,0.03,2,1784200138.610581,False,True,True,False,1784199995.1504247,False,True,1,0,False
1783947642.4476278,20,1784200148.5904307,37.44373235675593,0.6660814831769284,-500,True,37.5,36.5,38.6,0.95,0.05,0.0,0.7,0.03,2,1784200158.616442,False,True,True,False,1784199995.1504247,False,True,1,0,False
1783947642.4476278,20,1784200168.5962756,37.45441367208362,0.6659479667353323,-500,True,37.5,36.5,38.6,0.95,0.05,0.0,0.7,0.03,2,1784200178.622331,False,True,True,True,1784200175.15046,False,True,1,0,False
1783947642.4476278,20,1784200188.6021616,37.446402685587856,0.6661005569542993,-500,True,37.5,36.5,38.6,0.95,0.05,0.0,0.7,0.03,2,1784200198.6282957,False,True,True,False,1784200175.15046,False,True,1,0,False
1783947642.4476278,20,1784200208.6080973,37.38498512245366,0.665852597848478,-500,True,37.5,36.5,38.6,0.95,0.05,0.0,0.7,0.03,2,1784200218.6342366,False,True,True,False,1784200175.15046,False,True,1,0,False
1783947642.4476278,20,1784200228.6140757,37.470435645075156,0.66611963073167,-500,True,37.5,36.5,38.6,0.95,0.05,0.0,0.7,0.03,2,1784200238.6400638,False,True,True,False,1784200175.15046,False,True,1,0,False
1783947642.4476278,20,1784200248.6198728,37.470435645075156,0.6658335240711071,-500,True,37.5,36.5,38.6,0.95,0.05,0.0,0.7,0.03,2,1784200258.6458724,False,True,True,False,1784200175.15046,False,True,1,0,False
1783947642.4476278,20,1784200268.6256268,37.470435645075156,0.6660624093995575,-500,True,37.5,36.5,38.6,0.95,0.05,0.0,0.7,0.03,2,1784200278.651822,False,True,True,False,1784200175.15046,False,True,1,0,False
1783947642.4476278,20,1784200288.6315475,37.489127946898606,0.6658716716258488,-500,True,37.5,36.5,38.6,0.95,0.05,0.0,0.7,0.03,2,1784200298.6575887,False,True,True,False,1784200175.15046,False,True,1,0,False
1783947642.4476278,20,1784200308.6373713,37.48645761806668,0.66611963073167,-500,True,37.5,36.5,38.6,0.95,0.05,0.0,0.7,0.03,2,1784200318.6634126,False,True,True,False,1784200175.15046,False,True,1,0,False
1783947642.4476278,20,1784200328.643216,37.48645761806668,0.6656618600747691,-500,True,37.5,36.5,38.6,0.95,0.05,0.0,0.7,0.03,2,1784200338.669248,False,True,True,False,1784200175.15046,False,True,1,0,False
1783947642.4476278,20,1784200348.6490648,37.513160906385906,0.6659670405127031,-500,True,37.5,36.5,38.6,0.95,0.05,0.0,0.7,0.03,2,1784200358.6750865,False,True,True,True,1784200355.1504962,False,1,0,0,False
1783947642.4476278,20,1784200368.6549115,37.470435645075156,0.6658907454032196,-500,True,37.5,36.5,38.6,0.95,0.05,0.0,0.7,0.03,2,1784200378.6810725,False,True,True,False,1784200355.1504962,False,True,1,0,False
1783947642.4476278,20,1784200388.6606982,37.46242465857938,0.6661959258411535,-500,True,37.5,36.5,38.6,0.95,0.05,0.0,0.7,0.03,2,1784200398.686757,False,True,True,False,1784200355.1504962,False,True,1,0,False
1783947642.4476278,20,1784200408.666545,37.465094987411305,0.665852597848478,-500,True,37.5,36.5,38.6,0.95,0.05,0.0,0.7,0.03,2,1784200418.6925602,False,True,True,False,1784200355.1504962,False,True,1,0,False
1783947642.4476278,20,1784200428.6723142,37.48645761806668,0.6658716716258488,-500,True,37.5,36.5,38.6,0.95,0.05,0.0,0.7,0.03,2,1784200438.6983943,False,True,True,False,1784200355.1504962,False,True,1,0,False
1783947642.4476278,20,1784200448.6782734,37.48645761806668,0.6660433356221865,-500,True,37.5,36.5,38.6,0.95,0.05,0.0,0.7,0.03,2,1784200458.7042787,False,True,True,False,1784200355.1504962,False,True,1,0,False
1783947642.4476278,20,1784200468.684125,37.52384222171359,0.665986114290074,-500,True,37.5,36.5,38.6,0.95,0.05,0.0,0.7,0.03,2,1784200478.7101917,False,True,True,False,1784200355.1504962,False,1,0,0,False
1783947642.4476278,20,1784200488.6900318,37.51049057755398,0.666138704509041,-500,True,37.5,36.5,38.6,0.95,0.05,0.0,0.7,0.03,2,1784200498.716084,False,True,True,False,1784200355.1504962,False,1,0,0,False
1783947642.4476278,20,1784200508.6959586,37.513160906385906,0.6657763027389945,-500,True,37.5,36.5,38.6,0.95,0.05,0.0,0.7,0.03,2,1784200518.722061,False,True,True,False,1784200355.1504962,False,1,0,0,False
1783947642.4476278,20,1784200528.701862,37.48645761806668,0.6659098191805906,-500,True,37.5,36.5,38.6,0.95,0.05,0.0,0.7,0.03,2,1784200538.7278576,False,True,True,True,1784200535.1505342,False,True,1,0,False
1783947642.4476278,20,1784200548.707687,37.41702906843672,0.6659098191805906,-500,True,37.5,36.5,38.6,0.95,0.05,0.0,0.7,0.03,2,1784200558.733728,False,True,True,False,1784200535.1505342,False,True,1,0,False
1783947642.4476278,20,1784200568.7136092,37.38498512245366,0.6658144502937361,-500,True,37.5,36.5,38.6,0.95,0.05,0.0,0.7,0.03,2,1784200578.7398138,False,True,True,False,1784200535.1505342,False,True,1,0,False
1783947642.4476278,20,1784200588.719488,37.43572137026017,0.665547417410544,-500,True,37.5,36.5,38.6,0.95,0.05,0.0,0.7,0.03,2,1784200598.745656,False,True,True,False,1784200535.1505342,False,True,1,0,False
1783947642.4476278,20,1784200608.725324,37.470435645075156,0.6659670405127031,-500,True,37.5,36.5,38.6,0.95,0.05,0.0,0.7,0.03,2,1784200618.7514782,False,True,True,False,1784200535.1505342,False,True,1,0,False
1783947642.4476278,20,1784200628.7312775,37.45975432974747,0.665986114290074,-500,True,37.5,36.5,38.6,0.95,0.05,0.0,0.7,0.03,2,1784200638.757511,False,True,True,False,1784200535.1505342,False,True,1,0,False
1783947642.4476278,20,1784200648.7374413,37.470435645075156,0.6658716716258488,-500,True,37.5,36.5,38.6,0.95,0.05,0.0,0.7,0.03,2,1784200658.7635548,False,True,True,False,1784200535.1505342,False,True,1,0,False
1783947642.4476278,20,1784200668.743374,37.47577630273899,0.6660433356221865,-500,True,37.5,36.5,38.6,0.95,0.05,0.0,0.7,0.03,2,1784200678.7694623,False,True,True,False,1784200535.1505342,False,True,1,0,False
1783947642.4476278,20,1784200688.7493737,37.49980926222629,0.6657763027389945,-500,True,37.5,36.5,38.6,0.95,0.05,0.0,0.7,0.03,2,1784200698.7755742,False,True,True,False,1784200535.1505342,False,True,1,0,False
1783947642.4476278,20,1784200708.7553136,37.49713893339437,0.666291294728008,-500,True,37.5,36.5,38.6,0.95,0.05,0.0,0.7,0.03,2,1784200718.781512,False,True,True,True,1784200715.1505363,False,True,1,0,False
1783947642.4476278,20,1784200728.7611742,37.470435645075156,0.6659670405127031,-500,True,37.5,36.5,38.6,0.95,0.05,0.0,0.7,0.03,2,1784200738.7873173,False,True,True,False,1784200715.1505363,False,True,1,0,False
1783947642.4476278,20,1784200748.7670264,37.465094987411305,0.6657572289616236,-500,True,37.5,36.5,38.6,0.95,0.05,0.0,0.7,0.03,2,1784200758.7933376,False,True,True,False,1784200715.1505363,False,True,1,0,False
1783947642.4476278,20,1784200768.772958,37.45975432974747,0.6659098191805906,-500,True,37.5,36.5,38.6,0.95,0.05,0.0,0.7,0.03,2,1784200778.7991295,False,True,True,False,1784200715.1505363,False,True,1,0,False
1783947642.4476278,20,1784200788.7789767,37.489127946898606,0.6656046387426566,-500,True,37.5,36.5,38.6,0.95,0.05,0.0,0.7,0.03,2,1784200798.8050508,False,True,True,False,1784200715.1505363,False,True,1,0,False
1783947642.4476278,20,1784200808.7848446,37.507820248722055,0.6657381551842526,-500,True,37.5,36.5,38.6,0.95,0.05,0.0,0.7,0.03,2,1784200818.811057,False,True,True,False,1784200715.1505363,False,1,0,0,False
1783947642.4476278,20,1784200828.7907658,37.507820248722055,0.6657572289616236,-500,True,37.5,36.5,38.6,0.95,0.05,0.0,0.7,0.03,2,1784200838.8168774,False,True,True,False,1784200715.1505363,False,1,0,0,False
1783947642.4476278,20,1784200848.796722,37.49713893339437,0.6657190814068819,-500,True,37.5,36.5,38.6,0.95,0.05,0.0,0.7,0.03,2,1784200858.8230784,False,True,True,False,1784200715.1505363,False,True,1,0,False
1783947642.4476278,20,1784200868.802706,37.507820248722055,0.6658335240711071,-500,True,37.5,36.5,38.6,0.95,0.05,0.0,0.7,0.03,2,1784200878.8287141,False,True,True,False,1784200715.1505363,False,1,0,0,False
1783947642.4476278,20,1784200888.8084958,37.51049057755398,0.6658716716258488,-500,True,37.5,36.5,38.6,0.95,0.05,0.0,0.7,0.03,2,1784200898.8345335,False,True,True,True,1784200895.1505437,False,1,0,0,False
1783947642.4476278,20,1784200908.814416,37.44373235675593,0.6659098191805906,-500,True,37.5,36.5,38.6,0.95,0.05,0.0,0.7,0.03,2,1784200918.840474,False,True,True,False,1784200895.1505437,False,True,1,0,False
1783947642.4476278,20,1784200928.8202584,37.45441367208362,0.6657190814068819,-500,True,37.5,36.5,38.6,0.95,0.05,0.0,0.7,0.03,2,1784200938.8462913,False,True,True,False,1784200895.1505437,False,True,1,0,False
1783947642.4476278,20,1784200948.8261063,37.438391699092094,0.665700007629511,-500,True,37.5,36.5,38.6,0.95,0.05,0.0,0.7,0.03,2,1784200958.8521051,False,True,True,False,1784200895.1505437,False,True,1,0,False
1783947642.4476278,20,1784200968.8318865,37.45975432974747,0.6660433356221865,-500,True,37.5,36.5,38.6,0.95,0.05,0.0,0.7,0.03,2,1784200978.8579879,False,True,True,False,1784200895.1505437,False,True,1,0,False
1783947642.4476278,20,1784200988.837736,37.47844663157092,0.6659098191805906,-500,True,37.5,36.5,38.6,0.95,0.05,0.0,0.7,0.03,2,1784200998.8638325,False,True,True,False,1784200895.1505437,False,True,1,0,False
1783947642.4476278,20,1784201008.843634,37.50247959105822,0.6658144502937361,-500,True,37.5,36.5,38.6,0.95,0.05,0.0,0.7,0.03,2,1784201018.8696635,False,True,True,False,1784200895.1505437,False,1,0,0,False
1783947642.4476278,20,1784201028.8494406,37.51850156404974,0.665986114290074,-500,True,37.5,36.5,38.6,0.95,0.05,0.0,0.7,0.03,2,1784201038.87545,False,True,True,False,1784200895.1505437,False,1,0,0,False
1783947642.4476278,20,1784201048.8552694,37.52384222171359,0.6657953765163653,-500,True,37.5,36.5,38.6,0.95,0.05,0.0,0.7,0.03,2,1784201058.881343,False,True,True,False,1784200895.1505437,False,1,0,0,False
1783947642.4476278,20,1784201068.861114,37.50247959105822,0.6657953765163653,-500,True,37.5,36.5,38.6,0.95,0.05,0.0,0.7,0.03,2,1784201078.8871748,False,True,True,True,1784201075.1505795,False,1,0,0,False
1783947642.4476278,20,1784201088.8669689,37.42504005493248,0.6659288929579614,-500,True,37.5,36.5,38.6,0.95,0.05,0.0,0.7,0.03,2,1784201098.892999,False,True,True,False,1784201075.1505795,False,True,1,0,False
1783947642.4476278,20,1784201108.8727586,37.40634775310903,0.6656427862973984,-500,True,37.5,36.5,38.6,0.95,0.05,0.0,0.7,0.03,2,1784201118.8987854,False,True,True,False,1784201075.1505795,False,True,1,0,False
1783947642.4476278,20,1784201128.87862,37.422369726100555,0.6655283436331731,-500,True,37.5,36.5,38.6,0.95,0.05,0.0,0.7,0.03,2,1784201138.9046054,False,True,True,False,1784201075.1505795,False,True,1,0,False
1783947642.4476278,20,1784201148.8844278,37.427710383764406,0.6656427862973984,-500,True,37.5,36.5,38.6,0.95,0.05,0.0,0.7,0.03,2,1784201158.9104862,False,True,True,False,1784201075.1505795,False,True,1,0,False
1783947642.4476278,20,1784201168.8902748,37.44373235675593,0.6657953765163653,-500,True,37.5,36.5,38.6,0.95,0.05,0.0,0.7,0.03,2,1784201178.91628,False,True,True,False,1784201075.1505795,False,True,1,0,False
1783947642.4476278,20,1784201188.8961086,37.446402685587856,0.6657190814068819,-500,True,37.5,36.5,38.6,0.95,0.05,0.0,0.7,0.03,2,1784201198.9221885,False,True,True,False,1784201075.1505795,False,True,1,0,False
1783947642.4476278,20,1784201208.9020004,37.470435645075156,0.6658144502937361,-500,True,37.5,36.5,38.6,0.95,0.05,0.0,0.7,0.03,2,1784201218.9279518,False,True,True,False,1784201075.1505795,False,True,1,0,False
1783947642.4476278,20,1784201228.9077556,37.49713893339437,0.6657190814068819,-500,True,37.5,36.5,38.6,0.95,0.05,0.0,0.7,0.03,2,1784201238.9340343,False,True,True,False,1784201075.1505795,False,True,1,0,False
1783947642.4476278,20,1784201248.913665,37.470435645075156,0.6656618600747691,-500,True,37.5,36.5,38.6,0.95,0.05,0.0,0.7,0.03,2,1784201258.9397178,False,True,True,True,1784201255.1506076,False,True,1,0,False
1783947642.4476278,20,1784201268.9195707,37.48645761806668,0.6657953765163653,-500,True,37.5,36.5,38.6,0.95,0.05,0.0,0.7,0.03,2,1784201278.9456406,False,True,True,False,1784201255.1506076,False,True,1,0,False
1783947642.4476278,20,1784201288.9254072,37.441062027924005,0.665547417410544,-500,True,37.5,36.5,38.6,0.95,0.05,0.0,0.7,0.03,2,1784201298.9514208,False,True,True,False,1784201255.1506076,False,True,1,0,False
1783947642.4476278,20,1784201308.931257,37.45975432974747,0.6659479667353323,-500,True,37.5,36.5,38.6,0.95,0.05,0.0,0.7,0.03,2,1784201318.9573338,False,True,True,False,1784201255.1506076,False,True,1,0,False
1783947642.4476278,20,1784201328.9371405,37.49713893339437,0.6656046387426566,-500,True,37.5,36.5,38.6,0.95,0.05,0.0,0.7,0.03,2,1784201338.963374,False,True,True,False,1784201255.1506076,False,True,1,0,False
1783947642.4476278,20,1784201348.9430149,37.49713893339437,0.6654711223010605,-500,True,37.5,36.5,38.6,0.95,0.05,0.0,0.7,0.03,2,1784201358.969076,False,True,True,False,1784201255.1506076,False,True,1,0,False
1783947642.4476278,20,1784201368.9488344,37.49713893339437,0.665700007629511,-500,True,37.5,36.5,38.6,0.95,0.05,0.0,0.7,0.03,2,1784201378.9748752,False,True,True,False,1784201255.1506076,False,True,1,0,False
1783947642.4476278,20,1784201388.954697,37.49446860456244,0.665700007629511,-500,True,37.5,36.5,38.6,0.95,0.05,0.0,0.7,0.03,2,1784201398.9807665,False,True,True,False,1784201255.1506076,False,True,1,0,False
1783947642.4476278,20,1784201408.9606276,37.49713893339437,0.6658144502937361,-500,True,37.5,36.5,38.6,0.95,0.05,0.0,0.7,0.03,2,1784201418.9867475,False,True,True,False,1784201255.1506076,False,True,1,0,False
1783947642.4476278,20,1784201428.966528,37.49179827573053,0.6655664911879149,-500,True,37.5,36.5,38.6,0.95,0.05,0.0,0.7,0.03,2,1784201438.9925528,False,True,True,True,1784201435.1506336,False,True,1,0,False
1783947642.4476278,20,1784201448.972311,37.470435645075156,0.6657572289616236,-500,True,37.5,36.5,38.6,0.95,0.05,0.0,0.7,0.03,2,1784201458.9984334,False,True,True,False,1784201435.1506336,False,True,1,0,False
1783947642.4476278,20,1784201468.9781954,37.481116960402844,0.6656046387426566,-500,True,37.5,36.5,38.6,0.95,0.05,0.0,0.7,0.03,2,1784201479.0042527,False,True,True,False,1784201435.1506336,False,True,1,0,False
1783947642.4476278,20,1784201488.984037,37.50514991989013,0.6656237125200275,-500,True,37.5,36.5,38.6,0.95,0.05,0.0,0.7,0.03,2,1784201499.0101342,False,True,True,False,1784201435.1506336,False,1,0,0,False
1783947642.4476278,20,1784201508.9899468,37.507820248722055,0.6655092698558022,-500,True,37.5,36.5,38.6,0.95,0.05,0.0,0.7,0.03,2,1784201519.0159245,False,True,True,False,1784201435.1506336,False,1,0,0,False
1783947642.4476278,20,1784201528.9957373,37.50247959105822,0.6656809338521401,-500,True,37.5,36.5,38.6,0.95,0.05,0.0,0.7,0.03,2,1784201539.0219092,False,True,True,False,1784201435.1506336,False,1,0,0,False
1783947642.4476278,20,1784201549.0017262,37.49179827573053,0.6656237125200275,-500,True,37.5,36.5,38.6,0.95,0.05,0.0,0.7,0.03,2,1784201559.0277689,False,True,True,False,1784201435.1506336,False,True,1,0,False
1783947642.4476278,20,1784201569.007593,37.48645761806668,0.6657953765163653,-500,True,37.5,36.5,38.6,0.95,0.05,0.0,0.7,0.03,2,1784201579.0336049,False,True,True,False,1784201435.1506336,False,True,1,0,False
1783947642.4476278,20,1784201589.0133965,37.50514991989013,0.6655283436331731,-500,True,37.5,36.5,38.6,0.95,0.05,0.0,0.7,0.03,2,1784201599.0394151,False,True,True,False,1784201435.1506336,False,1,0,0,False
1783947642.4476278,20,1784201609.0193048,37.481116960402844,0.6658335240711071,-500,True,37.5,36.5,38.6,0.95,0.05,0.0,0.7,0.03,2,1784201619.0453532,False,True,True,True,1784201615.1506357,False,True,1,0,False
1783947642.4476278,20,1784201629.0251513,37.470435645075156,0.6655855649652856,-500,True,37.5,36.5,38.6,0.95,0.05,0.0,0.7,0.03,2,1784201639.0512106,False,True,True,False,1784201615.1506357,False,True,1,0,False
1783947642.4476278,20,1784201649.031005,37.45975432974747,0.6658144502937361,-500,True,37.5,36.5,38.6,0.95,0.05,0.0,0.7,0.03,2,1784201659.057002,False,True,True,False,1784201615.1506357,False,True,1,0,False
1783947642.4476278,20,1784201669.0367668,37.45975432974747,0.6660242618448158,-500,True,37.5,36.5,38.6,0.95,0.05,0.0,0.7,0.03,2,1784201679.0628011,False,True,True,False,1784201615.1506357,False,True,1,0,False
1783947642.4476278,20,1784201689.0426624,37.483787289234755,0.6655855649652856,-500,True,37.5,36.5,38.6,0.95,0.05,0.0,0.7,0.03,2,1784201699.0686758,False,True,True,False,1784201615.1506357,False,True,1,0,False
1783947642.4476278,20,1784201709.0484493,37.51850156404974,0.6656618600747691,-500,True,37.5,36.5,38.6,0.95,0.05,0.0,0.7,0.03,2,1784201719.0746138,False,True,True,False,1784201615.1506357,False,1,0,0,False
1783947642.4476278,20,1784201729.0543225,37.51850156404974,0.665852597848478,-500,True,37.5,36.5,38.6,0.95,0.05,0.0,0.7,0.03,2,1784201739.0802994,False,True,True,False,1784201615.1506357,False,1,0,0,False
1783947642.4476278,20,1784201749.060151,37.470435645075156,0.6656427862973984,-500,True,37.5,36.5,38.6,0.95,0.05,0.0,0.7,0.03,2,1784201759.0862627,False,True,True,False,1784201615.1506357,False,True,1,0,False
1783947642.4476278,20,1784201769.066078,37.47577630273899,0.6656618600747691,-500,True,37.5,36.5,38.6,0.95,0.05,0.0,0.7,0.03,2,1784201779.0921395,False,True,True,False,1784201615.1506357,False,True,1,0,False
1783947642.4476278,20,1784201789.0719087,37.45708400091554,0.6654329747463187,-500,True,37.5,36.5,38.6,0.95,0.05,0.0,0.7,0.03,2,1784201799.097958,False,True,True,True,1784201795.1506698,False,True,1,0,False
1783947642.4476278,20,1784201809.0777311,37.422369726100555,0.6656046387426566,-500,True,37.5,36.5,38.6,0.95,0.05,0.0,0.7,0.03,2,1784201819.1039562,False,True,True,False,1784201795.1506698,False,True,1,0,False
1783947642.4476278,20,1784201829.0835865,37.40634775310903,0.6653566796368352,-500,True,37.5,36.5,38.6,0.95,0.05,0.0,0.7,0.03,2,1784201839.1097364,False,True,True,False,1784201795.1506698,False,True,1,0,False
1783947642.4476278,20,1784201849.0895183,37.45975432974747,0.6654329747463187,-500,True,37.5,36.5,38.6,0.95,0.05,0.0,0.7,0.03,2,1784201859.1155596,False,True,True,False,1784201795.1506698,False,True,1,0,False
1783947642.4476278,20,1784201869.0954096,37.47577630273899,0.6655855649652856,-500,True,37.5,36.5,38.6,0.95,0.05,0.0,0.7,0.03,2,1784201879.1214921,False,True,True,False,1784201795.1506698,False,True,1,0,False
1783947642.4476278,20,1784201889.1012297,37.49980926222629,0.6656618600747691,-500,True,37.5,36.5,38.6,0.95,0.05,0.0,0.7,0.03,2,1784201899.127487,False,True,True,False,1784201795.1506698,False,True,1,0,False
1783947642.4476278,20,1784201909.1071818,37.49713893339437,0.6656237125200275,-500,True,37.5,36.5,38.6,0.95,0.05,0.0,0.7,0.03,2,1784201919.133323,False,True,True,False,1784201795.1506698,False,True,1,0,False
1783947642.4476278,20,1784201929.1130886,37.51850156404974,0.665547417410544,-500,True,37.5,36.5,38.6,0.95,0.05,0.0,0.7,0.03,2,1784201939.139088,False,True,True,False,1784201795.1506698,False,1,0,0,False
1783947642.4476278,20,1784201949.1189253,37.507820248722055,0.6656427862973984,-500,True,37.5,36.5,38.6,0.95,0.05,0.0,0.7,0.03,2,1784201959.1449673,False,True,True,False,1784201795.1506698,False,1,0,0,False
1783947642.4476278,20,1784201969.124807,37.49713893339437,0.6655092698558022,-500,True,37.5,36.5,38.6,0.95,0.05,0.0,0.7,0.03,2,1784201979.1508791,False,True,True,True,1784201975.15068,False,True,1,0,False
1783947642.4476278,20,1784201989.1306953,37.45708400091554,0.6654711223010605,-500,True,37.5,36.5,38.6,0.95,0.05,0.0,0.7,0.03,2,1784201999.156714,False,True,True,False,1784201975.15068,False,True,1,0,False
1783947642.4476278,20,1784202009.1365151,37.41702906843672,0.6652803845273517,-500,True,37.5,36.5,38.6,0.95,0.05,0.0,0.7,0.03,2,1784202019.1625915,False,True,True,False,1784201975.15068,False,True,1,0,False
1783947642.4476278,20,1784202029.1424353,37.427710383764406,0.6655664911879149,-500,True,37.5,36.5,38.6,0.95,0.05,0.0,0.7,0.03,2,1784202039.1684668,False,True,True,False,1784201975.15068,False,True,1,0,False
1783947642.4476278,20,1784202049.1482685,37.43305104142824,0.6655092698558022,-500,True,37.5,36.5,38.6,0.95,0.05,0.0,0.7,0.03,2,1784202059.1743686,False,True,True,False,1784201975.15068,False,True,1,0,False
1783947642.4476278,20,1784202069.1541567,37.44907301441978,0.6656618600747691,-500,True,37.5,36.5,38.6,0.95,0.05,0.0,0.7,0.03,2,1784202079.180125,False,True,True,False,1784201975.15068,False,True,1,0,False
1783947642.4476278,20,1784202089.159927,37.489127946898606,0.6658335240711071,-500,True,37.5,36.5,38.6,0.95,0.05,0.0,0.7,0.03,2,1784202099.1860566,False,True,True,False,1784201975.15068,False,True,1,0,False
1783947642.4476278,20,1784202109.1657534,37.48645761806668,0.665547417410544,-500,True,37.5,36.5,38.6,0.95,0.05,0.0,0.7,0.03,2,1784202119.1917722,False,True,True,False,1784201975.15068,False,True,1,0,False
1783947642.4476278,20,1784202129.1715758,37.507820248722055,0.6658335240711071,-500,True,37.5,36.5,38.6,0.95,0.05,0.0,0.7,0.03,2,1784202139.1975963,False,True,True,False,1784201975.15068,False,1,0,0,False
1783947642.4476278,20,1784202149.177376,37.48645761806668,0.6655855649652856,-500,True,37.5,36.5,38.6,0.95,0.05,0.0,0.7,0.03,2,1784202159.2034285,False,True,True,True,1784202155.15069,False,True,1,0,False
1783947642.4476278,20,1784202169.1833649,37.465094987411305,0.6657953765163653,-500,True,37.5,36.5,38.6,0.95,0.05,0.0,0.7,0.03,2,1784202179.2095952,False,True,True,False,1784202155.15069,False,True,1,0,False
1783947642.4476278,20,1784202189.189383,37.43572137026017,0.6656237125200275,-500,True,37.5,36.5,38.6,0.95,0.05,0.0,0.7,0.03,2,1784202199.2156353,False,True,True,False,1784202155.15069,False,True,1,0,False
1783947642.4476278,20,1784202209.1952994,37.481116960402844,0.665547417410544,-500,True,37.5,36.5,38.6,0.95,0.05,0.0,0.7,0.03,2,1784202219.2213485,False,True,True,False,1784202155.15069,False,True,1,0,False
1783947642.4476278,20,1784202229.2011127,37.47577630273899,0.6654329747463187,-500,True,37.5,36.5,38.6,0.95,0.05,0.0,0.7,0.03,2,1784202239.227174,False,True,True,False,1784202155.15069,False,True,1,0,False
1783947642.4476278,20,1784202249.206967,37.49713893339437,0.6657381551842526,-500,True,37.5,36.5,38.6,0.95,0.05,0.0,0.7,0.03,2,1784202259.232989,False,True,True,False,1784202155.15069,False,True,1,0,False
1783947642.4476278,20,1784202269.212755,37.52384222171359,0.6655664911879149,-500,True,37.5,36.5,38.6,0.95,0.05,0.0,0.7,0.03,2,1784202279.2387362,False,True,True,False,1784202155.15069,False,1,0,0,False
1783947642.4476278,20,1784202289.2185655,37.526512550545505,0.6655855649652856,-500,True,37.5,36.5,38.6,0.95,0.05,0.0,0.7,0.03,2,1784202299.2447186,False,True,True,False,1784202155.15069,False,1,0,0,False
1783947642.4476278,20,1784202309.2243898,37.49713893339437,0.6656046387426566,-500,True,37.5,36.5,38.6,0.95,0.05,0.0,0.7,0.03,2,1784202319.2504818,False,True,True,False,1784202155.15069,False,True,1,0,False
1783947642.4476278,20,1784202329.2302687,37.48645761806668,0.6653185320820936,-500,True,37.5,36.5,38.6,0.95,0.05,0.0,0.7,0.03,2,1784202339.256282,False,True,True,True,1784202335.1507108,False,True,1,0,False
1783947642.4476278,20,1784202349.236129,37.45975432974747,0.6654711223010605,-500,True,37.5,36.5,38.6,0.95,0.05,0.0,0.7,0.03,2,1784202359.262246,False,True,True,False,1784202335.1507108,False,True,1,0,False
1783947642.4476278,20,1784202369.242023,37.465094987411305,0.665394827191577,-500,True,37.5,36.5,38.6,0.95,0.05,0.0,0.7,0.03,2,1784202379.268028,False,True,True,False,1784202335.1507108,False,True,1,0,False
1783947642.4476278,20,1784202389.2478294,37.47310597390707,0.6655092698558022,-500,True,37.5,36.5,38.6,0.95,0.05,0.0,0.7,0.03,2,1784202399.2740428,False,True,True,False,1784202335.1507108,False,True,1,0,False
1783947642.4476278,20,1784202409.253661,37.49179827573053,0.6654901960784314,-500,True,37.5,36.5,38.6,0.95,0.05,0.0,0.7,0.03,2,1784202419.2797186,False,True,True,False,1784202335.1507108,False,True,1,0,False
1783947642.4476278,20,1784202429.2595234,37.49179827573053,0.6655664911879149,-500,True,37.5,36.5,38.6,0.95,0.05,0.0,0.7,0.03,2,1784202439.2856069,False,True,True,False,1784202335.1507108,False,True,1,0,False
1783947642.4476278,20,1784202449.26534,37.507820248722055,0.6652231631952392,-500,True,37.5,36.5,38.6,0.95,0.05,0.0,0.7,0.03,2,1784202459.2914283,False,True,True,False,1784202335.1507108,False,1,0,0,False
1783947642.4476278,20,1784202469.2712288,37.52384222171359,0.6655664911879149,-500,True,37.5,36.5,38.6,0.95,0.05,0.0,0.7,0.03,2,1784202479.2972274,False,True,True,False,1784202335.1507108,False,1,0,0,False
1783947642.4476278,20,1784202489.276997,37.49980926222629,0.6654901960784314,-500,True,37.5,36.5,38.6,0.95,0.05,0.0,0.7,0.03,2,1784202499.3030279,False,True,True,False,1784202335.1507108,False,True,1,0,False
1783947642.4476278,20,1784202509.2828257,37.49179827573053,0.6656427862973984,-500,True,37.5,36.5,38.6,0.95,0.05,0.0,0.7,0.03,2,1784202519.3089337,False,True,True,True,1784202515.1507254,False,True,1,0,False
1783947642.4476278,20,1784202529.2887514,37.438391699092094,0.6652994583047227,-500,True,37.5,36.5,38.6,0.95,0.05,0.0,0.7,0.03,2,1784202539.3149002,False,True,True,False,1784202515.1507254,False,True,1,0,False
1783947642.4476278,20,1784202549.2947376,37.44373235675593,0.6653185320820936,-500,True,37.5,36.5,38.6,0.95,0.05,0.0,0.7,0.03,2,1784202559.320803,False,True,True,False,1784202515.1507254,False,True,1,0,False
1783947642.4476278,20,1784202569.300571,37.45441367208362,0.6654711223010605,-500,True,37.5,36.5,38.6,0.95,0.05,0.0,0.7,0.03,2,1784202579.3266184,False,True,True,False,1784202515.1507254,False,True,1,0,False
1783947642.4476278,20,1784202589.306478,37.47310597390707,0.665261310749981,-500,True,37.5,36.5,38.6,0.95,0.05,0.0,0.7,0.03,2,1784202599.3325002,False,True,True,False,1784202515.1507254,False,True,1,0,False
1783947642.4476278,20,1784202609.3122785,37.48645761806668,0.6652231631952392,-500,True,37.5,36.5,38.6,0.95,0.05,0.0,0.7,0.03,2,1784202619.3384185,False,True,True,False,1784202515.1507254,False,True,1,0,False
1783947642.4476278,20,1784202629.3182437,37.49713893339437,0.6654139009689479,-500,True,37.5,36.5,38.6,0.95,0.05,0.0,0.7,0.03,2,1784202639.3442438,False,True,True,False,1784202515.1507254,False,True,1,0,False
1783947642.4476278,20,1784202649.324044,37.507820248722055,0.6652040894178682,-500,True,37.5,36.5,38.6,0.95,0.05,0.0,0.7,0.03,2,1784202659.35008,False,True,True,False,1784202515.1507254,False,1,0,0,False
1783947642.4476278,20,1784202669.3298907,37.513160906385906,0.6654520485236897,-500,True,37.5,36.5,38.6,0.95,0.05,0.0,0.7,0.03,2,1784202679.3560517,False,True,True,False,1784202515.1507254,False,1,0,0,False
1783947642.4476278,20,1784202689.335703,37.483787289234755,0.6653185320820936,-500,True,37.5,36.5,38.6,0.95,0.05,0.0,0.7,0.03,2,1784202699.361768,False,True,True,True,1784202695.150744,False,True,1,0,False
1783947642.4476278,20,1784202709.3415759,37.45975432974747,0.665547417410544,-500,True,37.5,36.5,38.6,0.95,0.05,0.0,0.7,0.03,2,1784202719.3676353,False,True,True,False,1784202695.150744,False,True,1,0,False
1783947642.4476278,20,1784202729.3474824,37.43305104142824,0.6653757534142062,-500,True,37.5,36.5,38.6,0.95,0.05,0.0,0.7,0.03,2,1784202739.3736007,False,True,True,False,1784202695.150744,False,True,1,0,False
1783947642.4476278,20,1784202749.3533766,37.470435645075156,0.6654901960784314,-500,True,37.5,36.5,38.6,0.95,0.05,0.0,0.7,0.03,2,1784202759.3795018,False,True,True,False,1784202695.150744,False,True,1,0,False
1783947642.4476278,20,1784202769.3593228,37.45975432974747,0.6655092698558022,-500,True,37.5,36.5,38.6,0.95,0.05,0.0,0.7,0.03,2,1784202779.385531,False,True,True,False,1784202695.150744,False,True,1,0,False
1783947642.4476278,20,1784202789.3651342,37.46776531624323,0.665547417410544,-500,True,37.5,36.5,38.6,0.95,0.05,0.0,0.7,0.03,2,1784202799.3911614,False,True,True,False,1784202695.150744,False,True,1,0,False
1783947642.4476278,20,1784202809.3709714,37.49713893339437,0.6655092698558022,-500,True,37.5,36.5,38.6,0.95,0.05,0.0,0.7,0.03,2,1784202819.3970814,False,True,True,False,1784202695.150744,False,True,1,0,False
1783947642.4476278,20,1784202829.3768897,37.48645761806668,0.665394827191577,-500,True,37.5,36.5,38.6,0.95,0.05,0.0,0.7,0.03,2,1784202839.4029493,False,True,True,False,1784202695.150744,False,True,1,0,False
1783947642.4476278,20,1784202849.3827608,37.513160906385906,0.6654139009689479,-500,True,37.5,36.5,38.6,0.95,0.05,0.0,0.7,0.03,2,1784202859.4087968,False,True,True,False,1784202695.150744,False,1,0,0,False
1783947642.4476278,20,1784202869.3886538,37.50247959105822,0.6654329747463187,-500,True,37.5,36.5,38.6,0.95,0.05,0.0,0.7,0.03,2,1784202879.4148552,False,True,True,True,1784202875.1507556,False,1,0,0,False
1783947642.4476278,20,1784202889.3945472,37.46242465857938,0.6651277943083848,-500,True,37.5,36.5,38.6,0.95,0.05,0.0,0.7,0.03,2,1784202899.4205365,False,True,True,False,1784202875.1507556,False,True,1,0,False
1783947642.4476278,20,1784202909.4003096,37.422369726100555,0.6652994583047227,-500,True,37.5,36.5,38.6,0.95,0.05,0.0,0.7,0.03,2,1784202919.4263809,False,True,True,False,1784202875.1507556,False,True,1,0,False
1783947642.4476278,20,1784202929.4062111,37.438391699092094,0.6652422369726101,-500,True,37.5,36.5,38.6,0.95,0.05,0.0,0.7,0.03,2,1784202939.4322078,False,True,True,False,1784202875.1507556,False,True,1,0,False
1783947642.4476278,20,1784202949.4120185,37.44373235675593,0.6655283436331731,-500,True,37.5,36.5,38.6,0.95,0.05,0.0,0.7,0.03,2,1784202959.4380836,False,True,True,False,1784202875.1507556,False,True,1,0,False
1783947642.4476278,20,1784202969.417885,37.45975432974747,0.6654329747463187,-500,True,37.5,36.5,38.6,0.95,0.05,0.0,0.7,0.03,2,1784202979.4438713,False,True,True,False,1784202875.1507556,False,True,1,0,False
1783947642.4476278,20,1784202989.423694,37.47310597390707,0.665108720531014,-500,True,37.5,36.5,38.6,0.95,0.05,0.0,0.7,0.03,2,1784202999.4497304,False,True,True,False,1784202875.1507556,False,True,1,0,False
1783947642.4476278,20,1784203009.4295604,37.507820248722055,0.6650896467536431,-500,True,37.5,36.5,38.6,0.95,0.05,0.0,0.7,0.03,2,1784203019.455591,False,True,True,False,1784202875.1507556,False,1,0,0,False
1783947642.4476278,20,1784203029.4354517,37.52384222171359,0.6651659418631266,-500,True,37.5,36.5,38.6,0.95,0.05,0.0,0.7,0.03,2,1784203039.46147,False,True,True,False,1784202875.1507556,False,1,0,0,False
1783947642.4476278,20,1784203049.4412277,37.507820248722055,0.6652803845273517,-500,True,37.5,36.5,38.6,0.95,0.05,0.0,0.7,0.03,2,1784203059.467252,False,True,True,True,1784203055.1507926,False,1,0,0,False
1783947642.4476278,20,1784203069.44706,37.43305104142824,0.6651850156404975,-500,True,37.5,36.5,38.6,0.95,0.05,0.0,0.7,0.03,2,1784203079.4731078,False,True,True,False,1784203055.1507926,False,True,1,0,False
1783947642.4476278,20,1784203089.4529293,37.41969939726863,0.665108720531014,-500,True,37.5,36.5,38.6,0.95,0.05,0.0,0.7,0.03,2,1784203099.479014,False,True,True,False,1784203055.1507926,False,True,1,0,False
1783947642.4476278,20,1784203109.4588444,37.44907301441978,0.6652040894178682,-500,True,37.5,36.5,38.6,0.95,0.05,0.0,0.7,0.03,2,1784203119.484891,False,True,True,False,1784203055.1507926,False,True,1,0,False
1783947642.4476278,20,1784203129.464662,37.45975432974747,0.6650896467536431,-500,True,37.5,36.5,38.6,0.95,0.05,0.0,0.7,0.03,2,1784203139.49068,False,True,True,False,1784203055.1507926,False,True,1,0,False
1783947642.4476278,20,1784203149.4705527,37.470435645075156,0.665261310749981,-500,True,37.5,36.5,38.6,0.95,0.05,0.0,0.7,0.03,2,1784203159.496843,False,True,True,False,1784203055.1507926,False,True,1,0,False
1783947642.4476278,20,1784203169.4764838,37.48645761806668,0.6651850156404975,-500,True,37.5,36.5,38.6,0.95,0.05,0.0,0.7,0.03,2,1784203179.5026028,False,True,True,False,1784203055.1507926,False,True,1,0,False
1783947642.4476278,20,1784203189.4823527,37.50514991989013,0.6652040894178682,-500,True,37.5,36.5,38.6,0.95,0.05,0.0,0.7,0.03,2,1784203199.5084743,False,True,True,False,1784203055.1507926,False,1,0,0,False
1783947642.4476278,20,1784203209.4883037,37.52384222171359,0.6656809338521401,-500,True,37.5,36.5,38.6,0.95,0.05,0.0,0.7,0.03,2,1784203219.5143902,True,False,True,False,1784203055.1507926,False,1,0,0,False
1783947642.4476278,20,1784203229.4942386,37.52918287937743,0.6654139009689479,-500,True,37.5,36.5,38.6,0.95,0.05,0.0,0.7,0.03,2,1784203239.520277,True,False,True,True,1784203235.1508114,False,1,0,0,False
1783947642.4476278,20,1784203249.5000963,37.52384222171359,0.6648035400930801,-500,True,37.5,36.5,38.6,0.95,0.05,0.0,0.7,0.03,2,1784203259.5263186,True,False,True,False,1784203235.1508114,False,1,0,0,False
1783947642.4476278,20,1784203269.506002,37.481116960402844,0.6651659418631266,-500,True,37.5,36.5,38.6,0.95,0.05,0.0,0.7,0.03,2,1784203279.5320528,True,False,True,False,1784203235.1508114,False,True,1,0,False
1783947642.4476278,20,1784203289.511868,37.489127946898606,0.6653566796368352,-500,True,37.5,36.5,38.6,0.95,0.05,0.0,0.7,0.03,2,1784203299.5379725,True,False,True,False,1784203235.1508114,False,True,1,0,False
1783947642.4476278,20,1784203309.5177884,37.48645761806668,0.6652040894178682,-500,True,37.5,36.5,38.6,0.95,0.05,0.0,0.7,0.03,2,1784203319.5438526,True,False,True,False,1784203235.1508114,False,True,1,0,False
1783947642.4476278,20,1784203329.5236263,37.49179827573053,0.665394827191577,-500,True,37.5,36.5,38.6,0.95,0.05,0.0,0.7,0.03,2,1784203339.5501409,True,False,True,False,1784203235.1508114,False,True,1,0,False
1783947642.4476278,20,1784203349.5298638,37.481116960402844,0.6650896467536431,-500,True,37.5,36.5,38.6,0.95,0.05,0.0,0.7,0.03,2,1784203359.5561593,True,False,True,False,1784203235.1508114,False,True,1,0,False
1783947642.4476278,20,1784203369.5357149,37.50247959105822,0.6652803845273517,-500,True,37.5,36.5,38.6,0.95,0.05,0.0,0.7,0.03,2,1784203379.561765,True,False,True,False,1784203235.1508114,False,1,0,0,False
1783947642.4476278,20,1784203389.5415802,37.49980926222629,0.6652040894178682,-500,True,37.5,36.5,38.6,0.95,0.05,0.0,0.7,0.03,2,1784203399.5676482,True,False,True,False,1784203235.1508114,False,True,1,0,False
1783947642.4476278,20,1784203409.5474603,37.48645761806668,0.6648226138704508,-500,True,37.5,36.5,38.6,0.95,0.05,0.0,0.7,0.03,2,1784203419.5735106,True,False,True,True,1784203415.1508434,False,True,1,0,False
1783947642.4476278,20,1784203429.553272,37.48645761806668,0.6650705729762723,-500,True,37.5,36.5,38.6,0.95,0.05,0.0,0.7,0.03,2,1784203439.579342,True,False,True,False,1784203415.1508434,False,True,1,0,False
1783947642.4476278,20,1784203449.559169,37.481116960402844,0.6649752040894178,-500,True,37.5,36.5,38.6,0.95,0.05,0.0,0.7,0.03,2,1784203459.5852122,True,False,True,False,1784203415.1508434,False,True,1,0,False
1783947642.4476278,20,1784203469.5649571,37.507820248722055,0.6650133516441596,-500,True,37.5,36.5,38.6,0.95,0.05,0.0,0.7,0.03,2,1784203479.591,True,False,True,False,1784203415.1508434,False,1,0,0,False
1783947642.4476278,20,1784203489.5708861,37.50514991989013,0.6652422369726101,-500,True,37.5,36.5,38.6,0.95,0.05,0.0,0.7,0.03,2,1784203499.5969477,True,False,True,False,1784203415.1508434,False,1,0,0,False
1783947642.4476278,20,1784203509.5767496,37.51850156404974,0.6651468680857557,-500,True,37.5,36.5,38.6,0.95,0.05,0.0,0.7,0.03,2,1784203519.6027615,True,False,True,False,1784203415.1508434,False,1,0,0,False
1783947642.4476278,20,1784203529.5825837,37.49713893339437,0.6652994583047227,-500,True,37.5,36.5,38.6,0.95,0.05,0.0,0.7,0.03,2,1784203539.6086562,True,False,True,False,1784203415.1508434,False,True,1,0,False
1783947642.4476278,20,1784203549.5884304,37.48645761806668,0.6650133516441596,-500,True,37.5,36.5,38.6,0.95,0.05,0.0,0.7,0.03,2,1784203559.614478,True,False,True,False,1784203415.1508434,False,True,1,0,False
1783947642.4476278,20,1784203569.5943365,37.49713893339437,0.6652994583047227,-500,True,37.5,36.5,38.6,0.95,0.05,0.0,0.7,0.03,2,1784203579.620321,True,False,True,False,1784203415.1508434,False,True,1,0,False
1783947642.4476278,20,1784203589.6001663,37.49446860456244,0.6651850156404975,-500,True,37.5,36.5,38.6,0.95,0.05,0.0,0.7,0.03,2,1784203599.6262758,True,False,True,True,1784203595.1508539,False,True,1,0,False
1783947642.4476278,20,1784203609.606069,37.49713893339437,0.6650705729762723,-500,True,37.5,36.5,38.6,0.95,0.05,0.0,0.7,0.03,2,1784203619.6320817,True,False,True,False,1784203595.1508539,False,True,1,0,False
1783947642.4476278,20,1784203629.6119618,37.481116960402844,0.6651659418631266,-500,True,37.5,36.5,38.6,0.95,0.05,0.0,0.7,0.03,2,1784203639.6382065,True,False,True,False,1784203595.1508539,False,True,1,0,False
1783947642.4476278,20,1784203649.617867,37.47577630273899,0.6650896467536431,-500,True,37.5,36.5,38.6,0.95,0.05,0.0,0.7,0.03,2,1784203659.643884,True,False,True,False,1784203595.1508539,False,True,1,0,False
1783947642.4476278,20,1784203669.623682,37.49713893339437,0.6649942778667888,-500,True,37.5,36.5,38.6,0.95,0.05,0.0,0.7,0.03,2,1784203679.6497045,True,False,True,False,1784203595.1508539,False,True,1,0,False
1783947642.4476278,20,1784203689.6294866,37.49980926222629,0.6652422369726101,-500,True,37.5,36.5,38.6,0.95,0.05,0.0,0.7,0.03,2,1784203699.6555164,True,False,True,False,1784203595.1508539,False,True,1,0,False
1783947642.4476278,20,1784203709.6353452,37.52384222171359,0.6652422369726101,-500,True,37.5,36.5,38.6,0.95,0.05,0.0,0.7,0.03,2,1784203719.6613545,True,False,True,False,1784203595.1508539,False,1,0,0,False
1783947642.4476278,20,1784203729.6411972,37.51850156404974,0.6649942778667888,-500,True,37.5,36.5,38.6,0.95,0.05,0.0,0.7,0.03,2,1784203739.6673434,True,False,True,False,1784203595.1508539,False,1,0,0,False
1783947642.4476278,20,1784203749.647032,37.49713893339437,0.6650705729762723,-500,True,37.5,36.5,38.6,0.95,0.05,0.0,0.7,0.03,2,1784203759.673085,True,False,True,False,1784203595.1508539,False,True,1,0,False
1783947642.4476278,20,1784203769.6529086,37.47577630273899,0.6647653925383383,-500,True,37.5,36.5,38.6,0.95,0.05,0.0,0.7,0.03,2,1784203779.678952,True,False,True,True,1784203775.15088,False,True,1,0,False
1783947642.4476278,20,1784203789.6587715,37.47310597390707,0.6649370565346762,-500,True,37.5,36.5,38.6,0.95,0.05,0.0,0.7,0.03,2,1784203799.6848094,True,False,True,False,1784203775.15088,False,True,1,0,False
1783947642.4476278,20,1784203809.6645765,37.47577630273899,0.6651468680857557,-500,True,37.5,36.5,38.6,0.95,0.05,0.0,0.7,0.03,2,1784203819.6906087,True,False,True,False,1784203775.15088,False,True,1,0,False
1783947642.4476278,20,1784203829.6704051,37.45975432974747,0.6648226138704508,-500,True,37.5,36.5,38.6,0.95,0.05,0.0,0.7,0.03,2,1784203839.6966045,True,False,True,False,1784203775.15088,False,True,1,0,False
1783947642.4476278,20,1784203849.6762216,37.50247959105822,0.6650514991989013,-500,True,37.5,36.5,38.6,0.95,0.05,0.0,0.7,0.03,2,1784203859.702293,True,False,True,False,1784203775.15088,False,1,0,0,False
1783947642.4476278,20,1784203869.6821487,37.470435645075156,0.6650133516441596,-500,True,37.5,36.5,38.6,0.95,0.05,0.0,0.7,0.03,2,1784203879.7082844,True,False,True,False,1784203775.15088,False,True,1,0,False
1783947642.4476278,20,1784203889.6880667,37.51049057755398,0.6651659418631266,-500,True,37.5,36.5,38.6,0.95,0.05,0.0,0.7,0.03,2,1784203899.7141194,True,False,True,False,1784203775.15088,False,1,0,0,False
1783947642.4476278,20,1784203909.6939676,37.481116960402844,0.6650133516441596,-500,True,37.5,36.5,38.6,0.95,0.05,0.0,0.7,0.03,2,1784203919.7199442,True,False,True,False,1784203775.15088,False,True,1,0,False
1783947642.4476278,20,1784203929.6997688,37.48645761806668,0.6650514991989013,-500,True,37.5,36.5,38.6,0.95,0.05,0.0,0.7,0.03,2,1784203939.725784,True,False,True,False,1784203775.15088,False,True,1,0,False
1783947642.4476278,20,1784203949.7055295,37.45975432974747,0.6647272449835966,-500,True,37.5,36.5,38.6,0.95,0.05,0.0,0.7,0.03,2,1784203959.7315857,True,False,True,True,1784203955.1509166,False,True,1,0,False
1783947642.4476278,20,1784203969.7113955,37.45441367208362,0.6648989089799343,-500,True,37.5,36.5,38.6,0.95,0.05,0.0,0.7,0.03,2,1784203979.7376032,True,False,True,False,1784203955.1509166,False,True,1,0,False
1783947642.4476278,20,1784203989.7173216,37.46242465857938,0.6648035400930801,-500,True,37.5,36.5,38.6,0.95,0.05,0.0,0.7,0.03,2,1784203999.7435098,True,False,True,False,1784203955.1509166,False,True,1,0,False
1783947642.4476278,20,1784204009.7232373,37.44907301441978,0.664956130312047,-500,True,37.5,36.5,38.6,0.95,0.05,0.0,0.7,0.03,2,1784204019.7494028,True,False,True,False,1784203955.1509166,False,True,1,0,False
1783947642.4476278,20,1784204029.729088,37.48645761806668,0.6649370565346762,-500,True,37.5,36.5,38.6,0.95,0.05,0.0,0.7,0.03,2,1784204039.7552302,True,False,True,False,1784203955.1509166,False,True,1,0,False
1783947642.4476278,20,1784204049.7349815,37.49713893339437,0.6651850156404975,-500,True,37.5,36.5,38.6,0.95,0.05,0.0,0.7,0.03,2,1784204059.7614,True,False,True,False,1784203955.1509166,False,True,1,0,False
1783947642.4476278,20,1784204069.741185,37.49713893339437,0.6648035400930801,-500,True,37.5,36.5,38.6,0.95,0.05,0.0,0.7,0.03,2,1784204079.7672348,True,False,True,False,1784203955.1509166,False,True,1,0,False
1783947642.4476278,20,1784204089.747093,37.49980926222629,0.6649752040894178,-500,True,37.5,36.5,38.6,0.95,0.05,0.0,0.7,0.03,2,1784204099.7732208,True,False,True,False,1784203955.1509166,False,True,1,0,False
1783947642.4476278,20,1784204109.753042,37.49713893339437,0.6646890974288548,-500,True,37.5,36.5,38.6,0.95,0.05,0.0,0.7,0.03,2,1784204119.7792993,True,False,True,False,1784203955.1509166,False,True,1,0,False
1783947642.4476278,20,1784204129.7589858,37.507820248722055,0.6649179827573053,-500,True,37.5,36.5,38.6,0.95,0.05,0.0,0.7,0.03,2,1784204139.7851439,True,False,True,True,1784204135.150943,False,1,0,0,False
1783947642.4476278,20,1784204149.7648985,37.47577630273899,0.6650896467536431,-500,True,37.5,36.5,38.6,0.95,0.05,0.0,0.7,0.03,2,1784204159.7910078,True,False,True,False,1784204135.150943,False,True,1,0,False
1783947642.4476278,20,1784204169.7707996,37.44373235675593,0.6650133516441596,-500,True,37.5,36.5,38.6,0.95,0.05,0.0,0.7,0.03,2,1784204179.7968476,True,False,True,False,1784204135.150943,False,True,1,0,False
1783947642.4476278,20,1784204189.7765858,37.46242465857938,0.6649179827573053,-500,True,37.5,36.5,38.6,0.95,0.05,0.0,0.7,0.03,2,1784204199.802802,True,False,True,False,1784204135.150943,False,True,1,0,False
1783947642.4476278,20,1784204209.7825985,37.470435645075156,0.6646509498741131,-500,True,37.5,36.5,38.6,0.95,0.05,0.0,0.7,0.03,2,1784204219.808987,True,False,True,False,1784204135.150943,False,True,1,0,False
1783947642.4476278,20,1784204229.7886088,37.49713893339437,0.6646890974288548,-500,True,37.5,36.5,38.6,0.95,0.05,0.0,0.7,0.03,2,1784204239.8147843,True,False,True,False,1784204135.150943,False,True,1,0,False
1783947642.4476278,20,1784204249.7945893,37.513160906385906,0.6648989089799343,-500,True,37.5,36.5,38.6,0.95,0.05,0.0,0.7,0.03,2,1784204259.8206263,True,False,True,False,1784204135.150943,False,1,0,0,False
1783947642.4476278,20,1784204269.800483,37.507820248722055,0.6646890974288548,-500,True,37.5,36.5,38.6,0.95,0.05,0.0,0.7,0.03,2,1784204279.8265512,True,False,True,False,1784204135.150943,False,1,0,0,False
1783947642.4476278,20,1784204289.8064044,37.51049057755398,0.6650324254215305,-500,True,37.5,36.5,38.6,0.95,0.05,0.0,0.7,0.03,2,1784204299.832398,True,False,True,False,1784204135.150943,False,1,0,0,False
1783947642.4476278,20,1784204309.8121936,37.49713893339437,0.664956130312047,-500,True,37.5,36.5,38.6,0.95,0.05,0.0,0.7,0.03,2,1784204319.8384135,True,False,True,True,1784204315.1509764,False,True,1,0,False
1783947642.4476278,20,1784204329.8180335,37.470435645075156,0.6649370565346762,-500,True,37.5,36.5,38.6,0.95,0.05,0.0,0.7,0.03,2,1784204339.8441832,True,False,True,False,1784204315.1509764,False,True,1,0,False
1783947642.4476278,20,1784204349.8239837,37.45975432974747,0.6649179827573053,-500,True,37.5,36.5,38.6,0.95,0.05,0.0,0.7,0.03,2,1784204359.8501592,True,False,True,False,1784204315.1509764,False,True,1,0,False
1783947642.4476278,20,1784204369.829882,37.49179827573053,0.6650514991989013,-500,True,37.5,36.5,38.6,0.95,0.05,0.0,0.7,0.03,2,1784204379.85593,True,False,True,False,1784204315.1509764,False,True,1,0,False
1783947642.4476278,20,1784204389.8357441,37.47844663157092,0.6645174334325169,-500,True,37.5,36.5,38.6,0.95,0.05,0.0,0.7,0.03,2,1784204399.8618803,True,False,True,False,1784204315.1509764,False,True,1,0,False
1783947642.4476278,20,1784204409.8419175,37.507820248722055,0.6650514991989013,-500,True,37.5,36.5,38.6,0.95,0.05,0.0,0.7,0.03,2,1784204419.8679879,True,False,True,False,1784204315.1509764,False,1,0,0,False
1783947642.4476278,20,1784204429.847707,37.49713893339437,0.664956130312047,-500,True,37.5,36.5,38.6,0.95,0.05,0.0,0.7,0.03,2,1784204439.873852,True,False,True,False,1784204315.1509764,False,True,1,0,False
1783947642.4476278,20,1784204449.853568,37.48645761806668,0.6648226138704508,-500,True,37.5,36.5,38.6,0.95,0.05,0.0,0.7,0.03,2,1784204459.8797033,True,False,True,False,1784204315.1509764,False,True,1,0,False
1783947642.4476278,20,1784204469.8594143,37.465094987411305,0.6648226138704508,-500,True,37.5,36.5,38.6,0.95,0.05,0.0,0.7,0.03,2,1784204479.885527,True,False,True,False,1784204315.1509764,False,True,1,0,False
1783947642.4476278,20,1784204489.8652704,37.49980926222629,0.6648416876478218,-500,True,37.5,36.5,38.6,0.95,0.05,0.0,0.7,0.03,2,1784204499.8912678,True,False,True,True,1784204495.1509938,False,True,1,0,False
1783947642.4476278,20,1784204509.8710654,37.470435645075156,0.6646509498741131,-500,True,37.5,36.5,38.6,0.95,0.05,0.0,0.7,0.03,2,1784204519.897089,True,False,True,False,1784204495.1509938,False,True,1,0,False
1783947642.4476278,20,1784204529.876854,37.48645761806668,0.6650896467536431,-500,True,37.5,36.5,38.6,0.95,0.05,0.0,0.7,0.03,2,1784204539.9029057,True,False,True,False,1784204495.1509938,False,True,1,0,False
1783947642.4476278,20,1784204549.8827477,37.52384222171359,0.6649942778667888,-500,True,37.5,36.5,38.6,0.95,0.05,0.0,0.7,0.03,2,1784204559.9088748,True,False,True,False,1784204495.1509938,False,1,0,0,False
1783947642.4476278,20,1784204569.8886633,37.52384222171359,0.6653376058594644,-500,True,37.5,36.5,38.6,0.95,0.05,0.0,0.7,0.03,2,1784204579.914699,True,False,True,False,1784204495.1509938,False,1,0,0,False
1783947642.4476278,20,1784204589.8945897,37.49980926222629,0.6648798352025636,-500,True,37.5,36.5,38.6,0.95,0.05,0.0,0.7,0.03,2,1784204599.9205997,True,False,True,False,1784204495.1509938,False,True,1,0,False
1783947642.4476278,20,1784204609.9004278,37.470435645075156,0.6646318760967422,-500,True,37.5,36.5,38.6,0.95,0.05,0.0,0.7,0.03,2,1784204619.9266334,True,False,True,False,1784204495.1509938,False,True,1,0,False
1783947642.4476278,20,1784204629.9064233,37.48645761806668,0.6646509498741131,-500,True,37.5,36.5,38.6,0.95,0.05,0.0,0.7,0.03,2,1784204639.932433,True,False,True,False,1784204495.1509938,False,True,1,0,False
1783947642.4476278,20,1784204649.9122396,37.48645761806668,0.6647844663157092,-500,True,37.5,36.5,38.6,0.95,0.05,0.0,0.7,0.03,2,1784204659.9382985,True,False,True,False,1784204495.1509938,False,True,1,0,False
1783947642.4476278,20,1784204669.918095,37.50247959105822,0.6649370565346762,-500,True,37.5,36.5,38.6,0.95,0.05,0.0,0.7,0.03,2,1784204679.9440727,True,False,True,True,1784204675.1509998,False,1,0,0,False
1783947642.4476278,20,1784204689.9239151,37.49980926222629,0.6649752040894178,-500,True,37.5,36.5,38.6,0.95,0.05,0.0,0.7,0.03,2,1784204699.9501486,True,False,True,False,1784204675.1509998,False,True,1,0,False
1783947642.4476278,20,1784204709.929784,37.48645761806668,0.6647081712062257,-500,True,37.5,36.5,38.6,0.95,0.05,0.0,0.7,0.03,2,1784204719.955821,True,False,True,False,1784204675.1509998,False,True,1,0,False
1783947642.4476278,20,1784204729.9356272,37.49713893339437,0.6646318760967422,-500,True,37.5,36.5,38.6,0.95,0.05,0.0,0.7,0.03,2,1784204739.9616365,True,False,True,False,1784204675.1509998,False,True,1,0,False
1783947642.4476278,20,1784204749.9414272,37.47577630273899,0.6648035400930801,-500,True,37.5,36.5,38.6,0.95,0.05,0.0,0.7,0.03,2,1784204759.9674804,True,False,True,False,1784204675.1509998,False,True,1,0,False
1783947642.4476278,20,1784204769.9472947,37.507820248722055,0.6646890974288548,-500,True,37.5,36.5,38.6,0.95,0.05,0.0,0.7,0.03,2,1784204779.9732547,True,False,True,False,1784204675.1509998,False,1,0,0,False
1783947642.4476278,20,1784204789.9530728,37.49446860456244,0.6647844663157092,-500,True,37.5,36.5,38.6,0.95,0.05,0.0,0.7,0.03,2,1784204799.9793105,True,False,True,False,1784204675.1509998,False,True,1,0,False
1783947642.4476278,20,1784204809.958976,37.49713893339437,0.6647653925383383,-500,True,37.5,36.5,38.6,0.95,0.05,0.0,0.7,0.03,2,1784204819.9850712,True,False,True,False,1784204675.1509998,False,True,1,0,False
1783947642.4476278,20,1784204829.964851,37.507820248722055,0.6646318760967422,-500,True,37.5,36.5,38.6,0.95,0.05,0.0,0.7,0.03,2,1784204839.9908593,True,False,True,False,1784204675.1509998,False,1,0,0,False
1783947642.4476278,20,1784204849.9706807,37.49713893339437,0.6645555809872588,-500,True,37.5,36.5,38.6,0.95,0.05,0.0,0.7,0.03,2,1784204859.9966466,True,False,True,True,1784204855.1510355,False,True,1,0,False
1783947642.4476278,20,1784204869.9764147,37.470435645075156,0.6647463187609673,-500,True,37.5,36.5,38.6,0.95,0.05,0.0,0.7,0.03,2,1784204880.0024276,True,False,True,False,1784204855.1510355,False,True,1,0,False
1783947642.4476278,20,1784204889.982241,37.47310597390707,0.6644792858777753,-500,True,37.5,36.5,38.6,0.95,0.05,0.0,0.7,0.03,2,1784204900.0083396,True,False,True,False,1784204855.1510355,False,True,1,0,False
1783947642.4476278,20,1784204909.988109,37.513160906385906,0.6646318760967422,-500,True,37.5,36.5,38.6,0.95,0.05,0.0,0.7,0.03,2,1784204920.014172,True,False,True,False,1784204855.1510355,False,1,0,0,False
1783947642.4476278,20,1784204929.994018,37.513160906385906,0.6650133516441596,-500,True,37.5,36.5,38.6,0.95,0.05,0.0,0.7,0.03,2,1784204940.0200062,True,False,True,False,1784204855.1510355,False,1,0,0,False
1783947642.4476278,20,1784204949.9998217,37.513160906385906,0.6648989089799343,-500,True,37.5,36.5,38.6,0.95,0.05,0.0,0.7,0.03,2,1784204960.0258765,True,False,True,False,1784204855.1510355,False,1,0,0,False
1783947642.4476278,20,1784204970.005648,37.48645761806668,0.6644792858777753,-500,True,37.5,36.5,38.6,0.95,0.05,0.0,0.7,0.03,2,1784204980.0316782,True,False,True,False,1784204855.1510355,False,True,1,0,False
1783947642.4476278,20,1784204990.011501,37.46242465857938,0.6648226138704508,-500,True,37.5,36.5,38.6,0.95,0.05,0.0,0.7,0.03,2,1784205000.0375311,True,False,True,False,1784204855.1510355,False,True,1,0,False
1783947642.4476278,20,1784205010.017336,37.470435645075156,0.6649942778667888,-500,True,37.5,36.5,38.6,0.95,0.05,0.0,0.7,0.03,2,1784205020.043389,True,False,True,False,1784204855.1510355,False,True,1,0,False
1783947642.4476278,20,1784205030.0232034,37.45975432974747,0.6645365072098879,-500,True,37.5,36.5,38.6,0.95,0.05,0.0,0.7,0.03,2,1784205040.0492585,True,False,True,True,1784205035.151049,False,True,1,0,False
1783947642.4476278,20,1784205050.0290089,37.47577630273899,0.6646890974288548,-500,True,37.5,36.5,38.6,0.95,0.05,0.0,0.7,0.03,2,1784205060.0550041,True,False,True,False,1784205035.151049,False,True,1,0,False
1783947642.4476278,20,1784205070.0348313,37.47577630273899,0.6647653925383383,-500,True,37.5,36.5,38.6,0.95,0.05,0.0,0.7,0.03,2,1784205080.0608563,True,False,True,False,1784205035.151049,False,True,1,0,False
1783947642.4476278,20,1784205090.0406427,37.49446860456244,0.6646700236514839,-500,True,37.5,36.5,38.6,0.95,0.05,0.0,0.7,0.03,2,1784205100.0668535,True,False,True,False,1784205035.151049,False,True,1,0,False
1783947642.4476278,20,1784205110.0466685,37.48645761806668,0.6646509498741131,-500,True,37.5,36.5,38.6,0.95,0.05,0.0,0.7,0.03,2,1784205120.072688,True,False,True,False,1784205035.151049,False,True,1,0,False
1783947642.4476278,20,1784205130.0524652,37.49713893339437,0.6645555809872588,-500,True,37.5,36.5,38.6,0.95,0.05,0.0,0.7,0.03,2,1784205140.0785108,True,False,True,False,1784205035.151049,False,True,1,0,False
1783947642.4476278,20,1784205150.0583549,37.51850156404974,0.6647081712062257,-500,True,37.5,36.5,38.6,0.95,0.05,0.0,0.7,0.03,2,1784205160.0843618,True,False,True,False,1784205035.151049,False,1,0,0,False
1783947642.4476278,20,1784205170.064196,37.50247959105822,0.6644220645456627,-500,True,37.5,36.5,38.6,0.95,0.05,0.0,0.7,0.03,2,1784205180.090573,True,False,True,False,1784205035.151049,False,1,0,0,False
1783947642.4476278,20,1784205190.0702326,37.51049057755398,0.6648989089799343,-500,True,37.5,36.5,38.6,0.95,0.05,0.0,0.7,0.03,2,1784205200.096364,True,False,True,False,1784205035.151049,False,1,0,0,False
1783947642.4476278,20,1784205210.0761728,37.470435645075156,0.6645555809872588,-500,True,37.5,36.5,38.6,0.95,0.05,0.0,0.7,0.03,2,1784205220.1022336,True,False,True,True,1784205215.1510835,False,True,1,0,False
1783947642.4476278,20,1784205230.082101,37.427710383764406,0.6645174334325169,-500,True,37.5,36.5,38.6,0.95,0.05,0.0,0.7,0.03,2,1784205240.1081555,True,False,True,False,1784205215.1510835,False,True,1,0,False
1783947642.4476278,20,1784205250.0879462,37.45441367208362,0.6647653925383383,-500,True,37.5,36.5,38.6,0.95,0.05,0.0,0.7,0.03,2,1784205260.113998,True,False,True,False,1784205215.1510835,False,True,1,0,False
1783947642.4476278,20,1784205270.0938635,37.45975432974747,0.6644602121004044,-500,True,37.5,36.5,38.6,0.95,0.05,0.0,0.7,0.03,2,1784205280.1200318,True,False,True,False,1784205215.1510835,False,True,1,0,False
1783947642.4476278,20,1784205290.099694,37.46242465857938,0.6644792858777753,-500,True,37.5,36.5,38.6,0.95,0.05,0.0,0.7,0.03,2,1784205300.1257257,True,False,True,False,1784205215.1510835,False,True,1,0,False
1783947642.4476278,20,1784205310.1055293,37.47577630273899,0.6644983596551461,-500,True,37.5,36.5,38.6,0.95,0.05,0.0,0.7,0.03,2,1784205320.131572,True,False,True,False,1784205215.1510835,False,True,1,0,False
1783947642.4476278,20,1784205330.1113977,37.47577630273899,0.6645746547646296,-500,True,37.5,36.5,38.6,0.95,0.05,0.0,0.7,0.03,2,1784205340.1374037,True,False,True,False,1784205215.1510835,False,True,1,0,False
1783947642.4476278,20,1784205350.1171763,37.52384222171359,0.6645365072098879,-500,True,37.5,36.5,38.6,0.95,0.05,0.0,0.7,0.03,2,1784205360.1431842,True,False,True,False,1784205215.1510835,False,1,0,0,False
1783947642.4476278,20,1784205370.1230977,37.51850156404974,0.6647272449835966,-500,True,37.5,36.5,38.6,0.95,0.05,0.0,0.7,0.03,2,1784205380.1491282,True,False,True,False,1784205215.1510835,False,1,0,0,False
1783947642.4476278,20,1784205390.1289208,37.49980926222629,0.6645555809872588,-500,True,37.5,36.5,38.6,0.95,0.05,0.0,0.7,0.03,2,1784205400.1549606,True,False,True,True,1784205395.1511025,False,True,1,0,False
1783947642.4476278,20,1784205410.1347911,37.48645761806668,0.6645174334325169,-500,True,37.5,36.5,38.6,0.95,0.05,0.0,0.7,0.03,2,1784205420.1610224,True,False,True,False,1784205395.1511025,False,True,1,0,False
1783947642.4476278,20,1784205430.140761,37.47577630273899,0.6644983596551461,-500,True,37.5,36.5,38.6,0.95,0.05,0.0,0.7,0.03,2,1784205440.1668248,True,False,True,False,1784205395.1511025,False,True,1,0,False
1783947642.4476278,20,1784205450.146634,37.470435645075156,0.6643648432135499,-500,True,37.5,36.5,38.6,0.95,0.05,0.0,0.7,0.03,2,1784205460.1727452,True,False,True,False,1784205395.1511025,False,True,1,0,False
1783947642.4476278,20,1784205470.152425,37.49713893339437,0.6647272449835966,-500,True,37.5,36.5,38.6,0.95,0.05,0.0,0.7,0.03,2,1784205480.1785767,True,False,True,False,1784205395.1511025,False,True,1,0,False
1783947642.4476278,20,1784205490.1582816,37.49980926222629,0.6647844663157092,-500,True,37.5,36.5,38.6,0.95,0.05,0.0,0.7,0.03,2,1784205500.1842816,True,False,True,False,1784205395.1511025,False,True,1,0,False
1783947642.4476278,20,1784205510.1640902,37.49713893339437,0.6643839169909209,-500,True,37.5,36.5,38.6,0.95,0.05,0.0,0.7,0.03,2,1784205520.190198,True,False,True,False,1784205395.1511025,False,True,1,0,False
1783947642.4476278,20,1784205530.1700025,37.52384222171359,0.6646128023193714,-500,True,37.5,36.5,38.6,0.95,0.05,0.0,0.7,0.03,2,1784205540.1959438,True,False,True,False,1784205395.1511025,False,1,0,0,False
1783947642.4476278,20,1784205550.175772,37.50247959105822,0.6645365072098879,-500,True,37.5,36.5,38.6,0.95,0.05,0.0,0.7,0.03,2,1784205560.2017965,True,False,True,False,1784205395.1511025,False,1,0,0,False
1783947642.4476278,20,1784205570.1816592,37.47577630273899,0.6643648432135499,-500,True,37.5,36.5,38.6,0.95,0.05,0.0,0.7,0.03,2,1784205580.2078333,True,False,True,True,1784205575.1511242,False,True,1,0,False
1783947642.4476278,20,1784205590.1876373,37.46776531624323,0.6644411383230334,-500,True,37.5,36.5,38.6,0.95,0.05,0.0,0.7,0.03,2,1784205600.2136655,True,False,True,False,1784205575.1511242,False,True,1,0,False
1783947642.4476278,20,1784205610.1934338,37.44373235675593,0.6645937285420004,-500,True,37.5,36.5,38.6,0.95,0.05,0.0,0.7,0.03,2,1784205620.219532,True,False,True,False,1784205575.1511242,False,True,1,0,False
1783947642.4476278,20,1784205630.1993058,37.44373235675593,0.6644983596551461,-500,True,37.5,36.5,38.6,0.95,0.05,0.0,0.7,0.03,2,1784205640.2254274,True,False,True,False,1784205575.1511242,False,True,1,0,False
1783947642.4476278,20,1784205650.2052038,37.44907301441978,0.6645555809872588,-500,True,37.5,36.5,38.6,0.95,0.05,0.0,0.7,0.03,2,1784205660.2313926,True,False,True,False,1784205575.1511242,False,True,1,0,False
1783947642.4476278,20,1784205670.2110498,37.47577630273899,0.6645174334325169,-500,True,37.5,36.5,38.6,0.95,0.05,0.0,0.7,0.03,2,1784205680.237109,True,False,True,False,1784205575.1511242,False,True,1,0,False
1783947642.4476278,20,1784205690.2169023,37.483787289234755,0.6645365072098879,-500,True,37.5,36.5,38.6,0.95,0.05,0.0,0.7,0.03,2,1784205700.2429404,True,False,True,False,1784205575.1511242,False,True,1,0,False
1783947642.4476278,20,1784205710.2228208,37.47577630273899,0.6644983596551461,-500,True,37.5,36.5,38.6,0.95,0.05,0.0,0.7,0.03,2,1784205720.2488632,True,False,True,False,1784205575.1511242,False,True,1,0,False
1783947642.4476278,20,1784205730.2286162,37.51850156404974,0.6644220645456627,-500,True,37.5,36.5,38.6,0.95,0.05,0.0,0.7,0.03,2,1784205740.2546337,True,False,True,False,1784205575.1511242,False,1,0,0,False
1783947642.4476278,20,1784205750.2344549,37.470435645075156,0.6644411383230334,-500,True,37.5,36.5,38.6,0.95,0.05,0.0,0.7,0.03,2,1784205760.2605922,True,False,True,True,1784205755.1511571,False,True,1,0,False
1783947642.4476278,20,1784205770.2402246,37.48645761806668,0.6647081712062257,-500,True,37.5,36.5,38.6,0.95,0.05,0.0,0.7,0.03,2,1784205780.2663612,True,False,True,False,1784205755.1511571,False,True,1,0,False
1783947642.4476278,20,1784205790.246161,37.47310597390707,0.6644029907682918,-500,True,37.5,36.5,38.6,0.95,0.05,0.0,0.7,0.03,2,1784205800.2722542,True,False,True,False,1784205755.1511571,False,True,1,0,False
1783947642.4476278,20,1784205810.2520409,37.48645761806668,0.6646700236514839,-500,True,37.5,36.5,38.6,0.95,0.05,0.0,0.7,0.03,2,1784205820.2780805,True,False,True,False,1784205755.1511571,False,True,1,0,False
1783947642.4476278,20,1784205830.2578518,37.470435645075156,0.6643648432135499,-500,True,37.5,36.5,38.6,0.95,0.05,0.0,0.7,0.03,2,1784205840.2838137,True,False,True,False,1784205755.1511571,False,True,1,0,False
1783947642.4476278,20,1784205850.2636662,37.507820248722055,0.6646700236514839,-500,True,37.5,36.5,38.6,0.95,0.05,0.0,0.7,0.03,2,1784205860.2897158,True,False,True,False,1784205755.1511571,False,1,0,0,False
1783947642.4476278,20,1784205870.2695227,37.49713893339437,0.6647272449835966,-500,True,37.5,36.5,38.6,0.95,0.05,0.0,0.7,0.03,2,1784205880.2955546,True,False,True,False,1784205755.1511571,False,True,1,0,False
1783947642.4476278,20,1784205890.275376,37.49980926222629,0.664212252994583,-500,True,37.5,36.5,38.6,0.95,0.05,0.0,0.7,0.03,2,1784205900.3014488,True,False,True,False,1784205755.1511571,False,True,1,0,False
1783947642.4476278,20,1784205910.281236,37.507820248722055,0.6645365072098879,-500,True,37.5,36.5,38.6,0.95,0.05,0.0,0.7,0.03,2,1784205920.3073473,True,False,True,False,1784205755.1511571,False,1,0,0,False
1783947642.4476278,20,1784205930.28718,37.507820248722055,0.6642885481040665,-500,True,37.5,36.5,38.6,0.95,0.05,0.0,0.7,0.03,2,1784205940.3132076,True,False,True,True,1784205935.1511605,False,1,0,0,False
1783947642.4476278,20,1784205950.2930398,37.45441367208362,0.6642885481040665,-500,True,37.5,36.5,38.6,0.95,0.05,0.0,0.7,0.03,2,1784205960.3191242,True,False,True,False,1784205935.1511605,False,True,1,0,False
1783947642.4476278,20,1784205970.2989247,37.43305104142824,0.6643266956588083,-500,True,37.5,36.5,38.6,0.95,0.05,0.0,0.7,0.03,2,1784205980.3250551,True,False,True,False,1784205935.1511605,False,True,1,0,False
1783947642.4476278,20,1784205990.304812,37.446402685587856,0.664059662775616,-500,True,37.5,36.5,38.6,0.95,0.05,0.0,0.7,0.03,2,1784206000.3308659,True,False,True,False,1784205935.1511605,False,True,1,0,False
1783947642.4476278,20,1784206010.3106759,37.470435645075156,0.6643648432135499,-500,True,37.5,36.5,38.6,0.95,0.05,0.0,0.7,0.03,2,1784206020.3367846,True,False,True,False,1784205935.1511605,False,True,1,0,False
1783947642.4476278,20,1784206030.316546,37.438391699092094,0.664231326771954,-500,True,37.5,36.5,38.6,0.95,0.05,0.0,0.7,0.03,2,1784206040.3425994,True,False,True,False,1784205935.1511605,False,True,1,0,False
1783947642.4476278,20,1784206050.3224504,37.481116960402844,0.6641550316624705,-500,True,37.5,36.5,38.6,0.95,0.05,0.0,0.7,0.03,2,1784206060.3484406,True,False,True,False,1784205935.1511605,False,True,1,0,False
1783947642.4476278,20,1784206070.3282247,37.47577630273899,0.6640215152208744,-500,True,37.5,36.5,38.6,0.95,0.05,0.0,0.7,0.03,2,1784206080.35429,True,False,True,False,1784205935.1511605,False,True,1,0,False
1783947642.4476278,20,1784206090.334077,37.526512550545505,0.6644220645456627,-500,True,37.5,36.5,38.6,0.95,0.05,0.0,0.7,0.03,2,1784206100.3600616,True,False,True,False,1784205935.1511605,False,1,0,0,False
1783947642.4476278,20,1784206110.3398626,37.507820248722055,0.6644983596551461,-500,True,37.5,36.5,38.6,0.95,0.05,0.0,0.7,0.03,2,1784206120.3659322,True,False,True,True,1784206115.1512003,False,1,0,0,False
1783947642.4476278,20,1784206130.345759,37.49713893339437,0.6645365072098879,-500,True,37.5,36.5,38.6,0.95,0.05,0.0,0.7,0.03,2,1784206140.3719237,True,False,True,False,1784206115.1512003,False,True,1,0,False
1783947642.4476278,20,1784206150.3515735,37.470435645075156,0.6643266956588083,-500,True,37.5,36.5,38.6,0.95,0.05,0.0,0.7,0.03,2,1784206160.377593,True,False,True,False,1784206115.1512003,False,True,1,0,False
1783947642.4476278,20,1784206170.357359,37.47577630273899,0.6642504005493248,-500,True,37.5,36.5,38.6,0.95,0.05,0.0,0.7,0.03,2,1784206180.3833957,True,False,True,False,1784206115.1512003,False,True,1,0,False
1783947642.4476278,20,1784206190.3631942,37.47310597390707,0.664078736552987,-500,True,37.5,36.5,38.6,0.95,0.05,0.0,0.7,0.03,2,1784206200.3892777,True,False,True,False,1784206115.1512003,False,True,1,0,False
1783947642.4476278,20,1784206210.369049,37.481116960402844,0.6644983596551461,-500,True,37.5,36.5,38.6,0.95,0.05,0.0,0.7,0.03,2,1784206220.395048,True,False,True,False,1784206115.1512003,False,True,1,0,False
1783947642.4476278,20,1784206230.3749495,37.507820248722055,0.6646318760967422,-500,True,37.5,36.5,38.6,0.95,0.05,0.0,0.7,0.03,2,1784206240.4011412,True,False,True,False,1784206115.1512003,False,1,0,0,False
1783947642.4476278,20,1784206250.380789,37.48645761806668,0.6643457694361792,-500,True,37.5,36.5,38.6,0.95,0.05,0.0,0.7,0.03,2,1784206260.4068677,True,False,True,False,1784206115.1512003,False,True,1,0,False
1783947642.4476278,20,1784206270.386768,37.47577630273899,0.6641359578850995,-500,True,37.5,36.5,38.6,0.95,0.05,0.0,0.7,0.03,2,1784206280.4128172,True,False,True,False,1784206115.1512003,False,True,1,0,False
1783947642.4476278,20,1784206290.3926039,37.49446860456244,0.6644029907682918,-500,True,37.5,36.5,38.6,0.95,0.05,0.0,0.7,0.03,2,1784206300.4186554,True,False,True,True,1784206295.151238,False,True,1,0,False
1783947642.4476278,20,1784206310.398446,37.470435645075156,0.6644792858777753,-500,True,37.5,36.5,38.6,0.95,0.05,0.0,0.7,0.03,2,1784206320.4244587,True,False,True,False,1784206295.151238,False,True,1,0,False
1783947642.4476278,20,1784206330.404259,37.48645761806668,0.6643457694361792,-500,True,37.5,36.5,38.6,0.95,0.05,0.0,0.7,0.03,2,1784206340.4304693,True,False,True,False,1784206295.151238,False,True,1,0,False
1783947642.4476278,20,1784206350.4102106,37.49713893339437,0.6643266956588083,-500,True,37.5,36.5,38.6,0.95,0.05,0.0,0.7,0.03,2,1784206360.4362469,True,False,True,False,1784206295.151238,False,True,1,0,False
1783947642.4476278,20,1784206370.4160464,37.49179827573053,0.6643457694361792,-500,True,37.5,36.5,38.6,0.95,0.05,0.0,0.7,0.03,2,1784206380.4421704,True,False,True,False,1784206295.151238,False,True,1,0,False
1783947642.4476278,20,1784206390.4219806,37.51583123521782,0.6642504005493248,-500,True,37.5,36.5,38.6,0.95,0.05,0.0,0.7,0.03,2,1784206400.447956,True,False,True,False,1784206295.151238,False,1,0,0,False
1783947642.4476278,20,1784206410.4278526,37.50247959105822,0.6644602121004044,-500,True,37.5,36.5,38.6,0.95,0.05,0.0,0.7,0.03,2,1784206420.4538643,True,False,True,False,1784206295.151238,False,1,0,0,False
1783947642.4476278,20,1784206430.4336345,37.49713893339437,0.6643648432135499,-500,True,37.5,36.5,38.6,0.95,0.05,0.0,0.7,0.03,2,1784206440.4596806,True,False,True,False,1784206295.151238,False,True,1,0,False
1783947642.4476278,20,1784206450.4395208,37.48645761806668,0.6641359578850995,-500,True,37.5,36.5,38.6,0.95,0.05,0.0,0.7,0.03,2,1784206460.465575,True,False,True,False,1784206295.151238,False,True,1,0,False
1783947642.4476278,20,1784206470.4453478,37.470435645075156,0.6641931792172122,-500,True,37.5,36.5,38.6,0.95,0.05,0.0,0.7,0.03,2,1784206480.4714568,True,False,True,True,1784206475.1512604,False,True,1,0,False
1783947642.4476278,20,1784206490.451266,37.43572137026017,0.6645746547646296,-500,True,37.5,36.5,38.6,0.95,0.05,0.0,0.7,0.03,2,1784206500.4772952,True,False,True,False,1784206475.1512604,False,True,1,0,False
1783947642.4476278,20,1784206510.457072,37.44373235675593,0.664059662775616,-500,True,37.5,36.5,38.6,0.95,0.05,0.0,0.7,0.03,2,1784206520.4831111,True,False,True,False,1784206475.1512604,False,True,1,0,False
1783947642.4476278,20,1784206530.4629524,37.45975432974747,0.664059662775616,-500,True,37.5,36.5,38.6,0.95,0.05,0.0,0.7,0.03,2,1784206540.489086,True,False,True,False,1784206475.1512604,False,True,1,0,False
1783947642.4476278,20,1784206550.4687371,37.45975432974747,0.6645746547646296,-500,True,37.5,36.5,38.6,0.95,0.05,0.0,0.7,0.03,2,1784206560.4949076,True,False,True,False,1784206475.1512604,False,True,1,0,False
1783947642.4476278,20,1784206570.4745963,37.49713893339437,0.6645937285420004,-500,True,37.5,36.5,38.6,0.95,0.05,0.0,0.7,0.03,2,1784206580.500701,True,False,True,False,1784206475.1512604,False,True,1,0,False
1783947642.4476278,20,1784206590.4803495,37.49980926222629,0.6640215152208744,-500,True,37.5,36.5,38.6,0.95,0.05,0.0,0.7,0.03,2,1784206600.5064127,True,False,True,False,1784206475.1512604,False,True,1,0,False
1783947642.4476278,20,1784206610.4862297,37.49713893339437,0.6640978103303579,-500,True,37.5,36.5,38.6,0.95,0.05,0.0,0.7,0.03,2,1784206620.5123978,True,False,True,False,1784206475.1512604,False,True,1,0,False
1783947642.4476278,20,1784206630.4920363,37.49713893339437,0.6642885481040665,-500,True,37.5,36.5,38.6,0.95,0.05,0.0,0.7,0.03,2,1784206640.5180914,True,False,True,False,1784206475.1512604,False,True,1,0,False
1783947642.4476278,20,1784206650.4978926,37.50247959105822,0.6643648432135499,-500,True,37.5,36.5,38.6,0.95,0.05,0.0,0.7,0.03,2,1784206660.523915,True,False,True,True,1784206655.1512725,False,1,0,0,False
1783947642.4476278,20,1784206670.5038426,37.48645761806668,0.6641550316624705,-500,True,37.5,36.5,38.6,0.95,0.05,0.0,0.7,0.03,2,1784206680.5299063,True,False,True,False,1784206655.1512725,False,True,1,0,False
1783947642.4476278,20,1784206690.5096953,37.46242465857938,0.663907072556649,-500,True,37.5,36.5,38.6,0.95,0.05,0.0,0.7,0.03,2,1784206700.5357275,True,False,True,False,1784206655.1512725,False,True,1,0,False
1783947642.4476278,20,1784206710.515536,37.45975432974747,0.6643076218814374,-500,True,37.5,36.5,38.6,0.95,0.05,0.0,0.7,0.03,2,1784206720.541707,True,False,True,False,1784206655.1512725,False,True,1,0,False
1783947642.4476278,20,1784206730.5213199,37.48645761806668,0.6640215152208744,-500,True,37.5,36.5,38.6,0.95,0.05,0.0,0.7,0.03,2,1784206740.547321,True,False,True,False,1784206655.1512725,False,True,1,0,False
1783947642.4476278,20,1784206750.527197,37.48645761806668,0.663907072556649,-500,True,37.5,36.5,38.6,0.95,0.05,0.0,0.7,0.03,2,1784206760.5533128,True,False,True,False,1784206655.1512725,False,True,1,0,False
1783947642.4476278,20,1784206770.5330713,37.513160906385906,0.6643648432135499,-500,True,37.5,36.5,38.6,0.95,0.05,0.0,0.7,0.03,2,1784206780.559096,True,False,True,False,1784206655.1512725,False,1,0,0,False
1783947642.4476278,20,1784206790.538924,37.52117189288167,0.664212252994583,-500,True,37.5,36.5,38.6,0.95,0.05,0.0,0.7,0.03,2,1784206800.56792,True,False,True,False,1784206655.1512725,False,1,0,0,False
1783947642.4476278,20,1784206810.5477543,37.48645761806668,0.664231326771954,-500,True,37.5,36.5,38.6,0.95,0.05,0.0,0.7,0.03,2,1784206820.5744095,False,True,True,False,1784206655.1512725,False,True,1,0,False
1783947642.4476278,20,1784206830.5541031,37.45975432974747,0.6640405889982453,-500,True,37.5,36.5,38.6,0.95,0.05,0.0,0.7,0.03,2,1784206840.5802636,False,True,True,True,1784206835.1512954,False,True,1,0,False
1783947642.4476278,20,1784206850.560048,37.40100709544518,0.6641931792172122,-500,True,37.5,36.5,38.6,0.95,0.05,0.0,0.7,0.03,2,1784206860.586108,False,True,True,False,1784206835.1512954,False,True,1,0,False
1783947642.4476278,20,1784206870.5658746,37.379644464789806,0.6639452201113909,-500,True,37.5,36.5,38.6,0.95,0.05,0.0,0.7,0.03,2,1784206880.5919824,False,True,True,False,1784206835.1512954,False,True,1,0,False
1783947642.4476278,20,1784206890.5717485,37.43572137026017,0.6640405889982453,-500,True,37.5,36.5,38.6,0.95,0.05,0.0,0.7,0.03,2,1784206900.5978503,False,True,True,False,1784206835.1512954,False,True,1,0,False
1783947642.4476278,20,1784206910.577644,37.41168841077287,0.6640215152208744,-500,True,37.5,36.5,38.6,0.95,0.05,0.0,0.7,0.03,2,1784206920.6036637,False,True,True,False,1784206835.1512954,False,True,1,0,False
1783947642.4476278,20,1784206930.5834553,37.44907301441978,0.6640978103303579,-500,True,37.5,36.5,38.6,0.95,0.05,0.0,0.7,0.03,2,1784206940.6095426,False,True,True,False,1784206835.1512954,False,True,1,0,False
1783947642.4476278,20,1784206950.5893025,37.44907301441978,0.6643266956588083,-500,True,37.5,36.5,38.6,0.95,0.05,0.0,0.7,0.03,2,1784206960.61533,False,True,True,False,1784206835.1512954,False,True,1,0,False
1783947642.4476278,20,1784206970.5951445,37.49713893339437,0.6643266956588083,-500,True,37.5,36.5,38.6,0.95,0.05,0.0,0.7,0.03,2,1784206980.6211789,False,True,True,False,1784206835.1512954,False,True,1,0,False
1783947642.4476278,20,1784206990.6009896,37.489127946898606,0.6639642938887618,-500,True,37.5,36.5,38.6,0.95,0.05,0.0,0.7,0.03,2,1784207000.6270273,False,True,True,False,1784206835.1512954,False,True,1,0,False
1783947642.4476278,20,1784207010.6068423,37.470435645075156,0.6641359578850995,-500,True,37.5,36.5,38.6,0.95,0.05,0.0,0.7,0.03,2,1784207020.6329446,False,True,True,True,1784207015.1513124,False,True,1,0,False
1783947642.4476278,20,1784207030.6127372,37.45441367208362,0.6640978103303579,-500,True,37.5,36.5,38.6,0.95,0.05,0.0,0.7,0.03,2,1784207040.6387546,False,True,True,False,1784207015.1513124,False,True,1,0,False
1783947642.4476278,20,1784207050.6185544,37.470435645075156,0.663907072556649,-500,True,37.5,36.5,38.6,0.95,0.05,0.0,0.7,0.03,2,1784207060.6445806,False,True,True,False,1784207015.1513124,False,True,1,0,False
1783947642.4476278,20,1784207070.624362,37.49713893339437,0.6643839169909209,-500,True,37.5,36.5,38.6,0.95,0.05,0.0,0.7,0.03,2,1784207080.6503577,False,True,True,False,1784207015.1513124,False,True,1,0,False
1783947642.4476278,20,1784207090.6301541,37.51583123521782,0.6640405889982453,-500,True,37.5,36.5,38.6,0.95,0.05,0.0,0.7,0.03,2,1784207100.6563847,False,True,True,False,1784207015.1513124,False,1,0,0,False
1783947642.4476278,20,1784207110.6358986,37.49713893339437,0.664059662775616,-500,True,37.5,36.5,38.6,0.95,0.05,0.0,0.7,0.03,2,1784207120.6619692,False,True,True,False,1784207015.1513124,False,True,1,0,False
1783947642.4476278,20,1784207130.6417682,37.507820248722055,0.6643839169909209,-500,True,37.5,36.5,38.6,0.95,0.05,0.0,0.7,0.03,2,1784207140.667787,False,True,True,False,1784207015.1513124,False,1,0,0,False
1783947642.4476278,20,1784207150.647629,37.48645761806668,0.6638498512245365,-500,True,37.5,36.5,38.6,0.95,0.05,0.0,0.7,0.03,2,1784207160.6737833,False,True,True,False,1784207015.1513124,False,True,1,0,False
1783947642.4476278,20,1784207170.6535614,37.48645761806668,0.664078736552987,-500,True,37.5,36.5,38.6,0.95,0.05,0.0,0.7,0.03,2,1784207180.6795402,False,True,True,False,1784207015.1513124,False,True,1,0,False
1783947642.4476278,20,1784207190.659363,37.489127946898606,0.6641931792172122,-500,True,37.5,36.5,38.6,0.95,0.05,0.0,0.7,0.03,2,1784207200.685528,False,True,True,True,1784207195.1513472,False,True,1,0,False
1783947642.4476278,20,1784207210.665099,37.44907301441978,0.663907072556649,-500,True,37.5,36.5,38.6,0.95,0.05,0.0,0.7,0.03,2,1784207220.6911373,False,True,True,False,1784207195.1513472,False,True,1,0,False
1783947642.4476278,20,1784207230.6709406,37.47577630273899,0.6640215152208744,-500,True,37.5,36.5,38.6,0.95,0.05,0.0,0.7,0.03,2,1784207240.6969225,False,True,True,False,1784207195.1513472,False,True,1,0,False
1783947642.4476278,20,1784207250.6766946,37.45975432974747,0.6641550316624705,-500,True,37.5,36.5,38.6,0.95,0.05,0.0,0.7,0.03,2,1784207260.702719,False,True,True,False,1784207195.1513472,False,True,1,0,False
1783947642.4476278,20,1784207270.6825292,37.49713893339437,0.6637735561150531,-500,True,37.5,36.5,38.6,0.95,0.05,0.0,0.7,0.03,2,1784207280.7087083,False,True,True,False,1784207195.1513472,False,True,1,0,False
1783947642.4476278,20,1784207290.6885023,37.49446860456244,0.66392614633402,-500,True,37.5,36.5,38.6,0.95,0.05,0.0,0.7,0.03,2,1784207300.7145634,False,True,True,False,1784207195.1513472,False,True,1,0,False
1783947642.4476278,20,1784207310.6943848,37.513160906385906,0.664078736552987,-500,True,37.5,36.5,38.6,0.95,0.05,0.0,0.7,0.03,2,1784207320.7203643,False,True,True,False,1784207195.1513472,False,1,0,0,False
1783947642.4476278,20,1784207330.700198,37.50247959105822,0.6642504005493248,-500,True,37.5,36.5,38.6,0.95,0.05,0.0,0.7,0.03,2,1784207340.7262537,False,True,True,False,1784207195.1513472,False,1,0,0,False
1783947642.4476278,20,1784207350.7061214,37.49179827573053,0.6639642938887618,-500,True,37.5,36.5,38.6,0.95,0.05,0.0,0.7,0.03,2,1784207360.7321124,False,True,True,False,1784207195.1513472,False,True,1,0,False
1783947642.4476278,20,1784207370.71192,37.48645761806668,0.6640024414435035,-500,True,37.5,36.5,38.6,0.95,0.05,0.0,0.7,0.03,2,1784207380.7380624,False,True,True,True,1784207375.1513674,False,True,1,0,False
1783947642.4476278,20,1784207390.7177095,37.46242465857938,0.66392614633402,-500,True,37.5,36.5,38.6,0.95,0.05,0.0,0.7,0.03,2,1784207400.7438412,False,True,True,False,1784207375.1513674,False,True,1,0,False
1783947642.4476278,20,1784207410.7235465,37.470435645075156,0.6640024414435035,-500,True,37.5,36.5,38.6,0.95,0.05,0.0,0.7,0.03,2,1784207420.7497723,False,True,True,False,1784207375.1513674,False,True,1,0,False
1783947642.4476278,20,1784207430.7294757,37.470435645075156,0.6641359578850995,-500,True,37.5,36.5,38.6,0.95,0.05,0.0,0.7,0.03,2,1784207440.7555983,False,True,True,False,1784207375.1513674,False,True,1,0,False
1783947642.4476278,20,1784207450.7354612,37.47577630273899,0.6640215152208744,-500,True,37.5,36.5,38.6,0.95,0.05,0.0,0.7,0.03,2,1784207460.7617435,False,True,True,False,1784207375.1513674,False,True,1,0,False
1783947642.4476278,20,1784207470.7415247,37.48645761806668,0.6639452201113909,-500,True,37.5,36.5,38.6,0.95,0.05,0.0,0.7,0.03,2,1784207480.7675624,False,True,True,False,1784207375.1513674,False,True,1,0,False
1783947642.4476278,20,1784207490.7474012,37.526512550545505,0.6639452201113909,-500,True,37.5,36.5,38.6,0.95,0.05,0.0,0.7,0.03,2,1784207500.7735293,False,True,True,False,1784207375.1513674,False,1,0,0,False
1783947642.4476278,20,1784207510.7533457,37.507820248722055,0.6638879987792783,-500,True,37.5,36.5,38.6,0.95,0.05,0.0,0.7,0.03,2,1784207520.779365,False,True,True,False,1784207375.1513674,False,1,0,0,False
1783947642.4476278,20,1784207530.7591734,37.49179827573053,0.6641741054398413,-500,True,37.5,36.5,38.6,0.95,0.05,0.0,0.7,0.03,2,1784207540.7852385,False,True,True,False,1784207375.1513674,False,True,1,0,False
1783947642.4476278,20,1784207550.765006,37.48645761806668,0.663907072556649,-500,True,37.5,36.5,38.6,0.95,0.05,0.0,0.7,0.03,2,1784207560.7911465,False,True,True,True,1784207555.1514053,False,True,1,0,False
1783947642.4476278,20,1784207570.7709322,37.44373235675593,0.664059662775616,-500,True,37.5,36.5,38.6,0.95,0.05,0.0,0.7,0.03,2,1784207580.7976649,False,True,True,False,1784207555.1514053,False,True,1,0,False
1783947642.4476278,20,1784207590.777144,37.46242465857938,0.6638307774471656,-500,True,37.5,36.5,38.6,0.95,0.05,0.0,0.7,0.03,2,1784207600.8032792,False,True,True,False,1784207555.1514053,False,True,1,0,False
1783947642.4476278,20,1784207610.7830029,37.45975432974747,0.6639452201113909,-500,True,37.5,36.5,38.6,0.95,0.05,0.0,0.7,0.03,2,1784207620.8092046,False,True,True,False,1784207555.1514053,False,True,1,0,False
1783947642.4476278,20,1784207630.788905,37.49179827573053,0.6638307774471656,-500,True,37.5,36.5,38.6,0.95,0.05,0.0,0.7,0.03,2,1784207640.8152092,False,True,True,False,1784207555.1514053,False,True,1,0,False
1783947642.4476278,20,1784207650.794848,37.50247959105822,0.6643076218814374,-500,True,37.5,36.5,38.6,0.95,0.05,0.0,0.7,0.03,2,1784207660.8208523,False,True,True,False,1784207555.1514053,False,1,0,0,False
1783947642.4476278,20,1784207670.8009417,37.507820248722055,0.6638307774471656,-500,True,37.5,36.5,38.6,0.95,0.05,0.0,0.7,0.03,2,1784207680.8272164,False,True,True,False,1784207555.1514053,False,1,0,0,False
1783947642.4476278,20,1784207690.8068898,37.49980926222629,0.6640978103303579,-500,True,37.5,36.5,38.6,0.95,0.05,0.0,0.7,0.03,2,1784207700.8329487,False,True,True,False,1784207555.1514053,False,True,1,0,False
1783947642.4476278,20,1784207710.8127325,37.49713893339437,0.663907072556649,-500,True,37.5,36.5,38.6,0.95,0.05,0.0,0.7,0.03,2,1784207720.8388195,False,True,True,False,1784207555.1514053,False,True,1,0,False
1783947642.4476278,20,1784207730.818654,37.48645761806668,0.663907072556649,-500,True,37.5,36.5,38.6,0.95,0.05,0.0,0.7,0.03,2,1784207740.844705,False,True,True,True,1784207735.15141,False,True,1,0,False
1783947642.4476278,20,1784207750.8244832,37.45975432974747,0.6639452201113909,-500,True,37.5,36.5,38.6,0.95,0.05,0.0,0.7,0.03,2,1784207760.8505232,False,True,True,False,1784207735.15141,False,True,1,0,False
1783947642.4476278,20,1784207770.830298,37.44373235675593,0.66392614633402,-500,True,37.5,36.5,38.6,0.95,0.05,0.0,0.7,0.03,2,1784207780.8563588,False,True,True,False,1784207735.15141,False,True,1,0,False
1783947642.4476278,20,1784207790.836149,37.46242465857938,0.6640024414435035,-500,True,37.5,36.5,38.6,0.95,0.05,0.0,0.7,0.03,2,1784207800.8622272,False,True,True,False,1784207735.15141,False,True,1,0,False
1783947642.4476278,20,1784207810.842023,37.44907301441978,0.6636591134508278,-500,True,37.5,36.5,38.6,0.95,0.05,0.0,0.7,0.03,2,1784207820.868021,False,True,True,False,1784207735.15141,False,True,1,0,False
1783947642.4476278,20,1784207830.847803,37.47577630273899,0.6638879987792783,-500,True,37.5,36.5,38.6,0.95,0.05,0.0,0.7,0.03,2,1784207840.8738418,False,True,True,False,1784207735.15141,False,True,1,0,False
1783947642.4476278,20,1784207850.8536432,37.47577630273899,0.6638689250019074,-500,True,37.5,36.5,38.6,0.95,0.05,0.0,0.7,0.03,2,1784207860.8797245,False,True,True,False,1784207735.15141,False,True,1,0,False
1783947642.4476278,20,1784207870.859553,37.507820248722055,0.6640024414435035,-500,True,37.5,36.5,38.6,0.95,0.05,0.0,0.7,0.03,2,1784207880.8855796,False,True,True,False,1784207735.15141,False,1,0,0,False
1783947642.4476278,20,1784207890.865314,37.49980926222629,0.6641359578850995,-500,True,37.5,36.5,38.6,0.95,0.05,0.0,0.7,0.03,2,1784207900.8913567,False,True,True,False,1784207735.15141,False,True,1,0,False
1783947642.4476278,20,1784207910.8711393,37.507820248722055,0.6638879987792783,-500,True,37.5,36.5,38.6,0.95,0.05,0.0,0.7,0.03,2,1784207920.8972437,False,True,True,True,1784207915.1514308,False,1,0,0,False
1783947642.4476278,20,1784207930.877029,37.45975432974747,0.6639833676661325,-500,True,37.5,36.5,38.6,0.95,0.05,0.0,0.7,0.03,2,1784207940.9032469,False,True,True,False,1784207915.1514308,False,True,1,0,False
1783947642.4476278,20,1784207950.8831239,37.43305104142824,0.6640405889982453,-500,True,37.5,36.5,38.6,0.95,0.05,0.0,0.7,0.03,2,1784207960.9093366,False,True,True,False,1784207915.1514308,False,True,1,0,False
1783947642.4476278,20,1784207970.8890893,37.45975432974747,0.6637926298924239,-500,True,37.5,36.5,38.6,0.95,0.05,0.0,0.7,0.03,2,1784207980.915112,False,True,True,False,1784207915.1514308,False,True,1,0,False
1783947642.4476278,20,1784207990.894961,37.45708400091554,0.6636972610055696,-500,True,37.5,36.5,38.6,0.95,0.05,0.0,0.7,0.03,2,1784208000.9209633,False,True,True,False,1784207915.1514308,False,True,1,0,False
1783947642.4476278,20,1784208010.900749,37.470435645075156,0.6636781872281986,-500,True,37.5,36.5,38.6,0.95,0.05,0.0,0.7,0.03,2,1784208020.926832,False,True,True,False,1784207915.1514308,False,True,1,0,False
1783947642.4476278,20,1784208030.9066036,37.49713893339437,0.6636781872281986,-500,True,37.5,36.5,38.6,0.95,0.05,0.0,0.7,0.03,2,1784208040.9325995,False,True,True,False,1784207915.1514308,False,True,1,0,False
1783947642.4476278,20,1784208050.9123647,37.507820248722055,0.6637544823376821,-500,True,37.5,36.5,38.6,0.95,0.05,0.0,0.7,0.03,2,1784208060.9385736,False,True,True,False,1784207915.1514308,False,1,0,0,False
1783947642.4476278,20,1784208070.9182823,37.52384222171359,0.6638307774471656,-500,True,37.5,36.5,38.6,0.95,0.05,0.0,0.7,0.03,2,1784208080.9442868,False,True,True,False,1784207915.1514308,False,1,0,0,False
1783947642.4476278,20,1784208090.9240735,37.49446860456244,0.6638879987792783,-500,True,37.5,36.5,38.6,0.95,0.05,0.0,0.7,0.03,2,1784208100.9501173,False,True,True,True,1784208095.1514618,False,True,1,0,False
1783947642.4476278,20,1784208110.9298978,37.44907301441978,0.6639642938887618,-500,True,37.5,36.5,38.6,0.95,0.05,0.0,0.7,0.03,2,1784208120.955886,False,True,True,False,1784208095.1514618,False,True,1,0,False
1783947642.4476278,20,1784208130.935693,37.43305104142824,0.6638117036697948,-500,True,37.5,36.5,38.6,0.95,0.05,0.0,0.7,0.03,2,1784208140.9616935,False,True,True,False,1784208095.1514618,False,True,1,0,False
1783947642.4476278,20,1784208150.941463,37.44373235675593,0.6635255970092316,-500,True,37.5,36.5,38.6,0.95,0.05,0.0,0.7,0.03,2,1784208160.9676077,False,True,True,False,1784208095.1514618,False,True,1,0,False
1783947642.4476278,20,1784208170.9472778,37.470435645075156,0.6636972610055696,-500,True,37.5,36.5,38.6,0.95,0.05,0.0,0.7,0.03,2,1784208180.9732912,False,True,True,False,1784208095.1514618,False,True,1,0,False
1783947642.4476278,20,1784208190.9531136,37.46242465857938,0.6636972610055696,-500,True,37.5,36.5,38.6,0.95,0.05,0.0,0.7,0.03,2,1784208200.979151,False,True,True,False,1784208095.1514618,False,True,1,0,False
1783947642.4476278,20,1784208210.9589958,37.47577630273899,0.6638117036697948,-500,True,37.5,36.5,38.6,0.95,0.05,0.0,0.7,0.03,2,1784208220.9850285,False,True,True,False,1784208095.1514618,False,True,1,0,False
1783947642.4476278,20,1784208230.9647906,37.513160906385906,0.6638498512245365,-500,True,37.5,36.5,38.6,0.95,0.05,0.0,0.7,0.03,2,1784208240.990797,False,True,True,False,1784208095.1514618,False,1,0,0,False
1783947642.4476278,20,1784208250.9706187,37.52384222171359,0.6639452201113909,-500,True,37.5,36.5,38.6,0.95,0.05,0.0,0.7,0.03,2,1784208260.9965992,False,True,True,False,1784208095.1514618,False,1,0,0,False
1783947642.4476278,20,1784208270.9763706,37.52384222171359,0.6637163347829405,-500,True,37.5,36.5,38.6,0.95,0.05,0.0,0.7,0.03,2,1784208281.0024033,False,True,True,True,1784208275.1514938,False,1,0,0,False
1783947642.4476278,20,1784208290.9822185,37.49446860456244,0.6639642938887618,-500,True,37.5,36.5,38.6,0.95,0.05,0.0,0.7,0.03,2,1784208301.0082912,False,True,True,False,1784208275.1514938,False,True,1,0,False
1783947642.4476278,20,1784208310.9880853,37.427710383764406,0.6638498512245365,-500,True,37.5,36.5,38.6,0.95,0.05,0.0,0.7,0.03,2,1784208321.0141544,False,True,True,False,1784208275.1514938,False,True,1,0,False
1783947642.4476278,20,1784208330.9940107,37.43305104142824,0.6635828183413444,-500,True,37.5,36.5,38.6,0.95,0.05,0.0,0.7,0.03,2,1784208341.0200608,False,True,True,False,1784208275.1514938,False,True,1,0,False
1783947642.4476278,20,1784208350.9998577,37.44373235675593,0.6637544823376821,-500,True,37.5,36.5,38.6,0.95,0.05,0.0,0.7,0.03,2,1784208361.0260112,False,True,True,False,1784208275.1514938,False,True,1,0,False
1783947642.4476278,20,1784208371.0057786,37.44373235675593,0.6638689250019074,-500,True,37.5,36.5,38.6,0.95,0.05,0.0,0.7,0.03,2,1784208381.0317903,False,True,True,False,1784208275.1514938,False,True,1,0,False
1783947642.4476278,20,1784208391.0116084,37.46242465857938,0.6633157854581522,-500,True,37.5,36.5,38.6,0.95,0.05,0.0,0.7,0.03,2,1784208401.0376956,False,True,True,False,1784208275.1514938,False,True,1,0,False
1783947642.4476278,20,1784208411.0174613,37.507820248722055,0.6638307774471656,-500,True,37.5,36.5,38.6,0.95,0.05,0.0,0.7,0.03,2,1784208421.0435498,False,True,True,False,1784208275.1514938,False,1,0,0,False
1783947642.4476278,20,1784208431.023399,37.49713893339437,0.6638498512245365,-500,True,37.5,36.5,38.6,0.95,0.05,0.0,0.7,0.03,2,1784208441.049385,False,True,True,False,1784208275.1514938,False,True,1,0,False
1783947642.4476278,20,1784208451.0291655,37.513160906385906,0.6638117036697948,-500,True,37.5,36.5,38.6,0.95,0.05,0.0,0.7,0.03,2,1784208461.0551958,False,True,True,True,1784208455.1515098,False,1,0,0,False
1783947642.4476278,20,1784208471.035043,37.45975432974747,0.6640405889982453,-500,True,37.5,36.5,38.6,0.95,0.05,0.0,0.7,0.03,2,1784208481.0610313,False,True,True,False,1784208455.1515098,False,True,1,0,False
1783947642.4476278,20,1784208491.040826,37.47310597390707,0.6637735561150531,-500,True,37.5,36.5,38.6,0.95,0.05,0.0,0.7,0.03,2,1784208501.0668812,False,True,True,False,1784208455.1515098,False,True,1,0,False
1783947642.4476278,20,1784208511.046688,37.45975432974747,0.6635637445639735,-500,True,37.5,36.5,38.6,0.95,0.05,0.0,0.7,0.03,2,1784208521.0726473,False,True,True,False,1784208455.1515098,False,True,1,0,False
1783947642.4476278,20,1784208531.0524263,37.47577630273899,0.6637354085603113,-500,True,37.5,36.5,38.6,0.95,0.05,0.0,0.7,0.03,2,1784208541.0786145,False,True,True,False,1784208455.1515098,False,True,1,0,False
1783947642.4476278,20,1784208551.0582902,37.48645761806668,0.6637163347829405,-500,True,37.5,36.5,38.6,0.95,0.05,0.0,0.7,0.03,2,1784208561.0843377,False,True,True,False,1784208455.1515098,False,True,1,0,False
1783947642.4476278,20,1784208571.0641327,37.50247959105822,0.6638689250019074,-500,True,37.5,36.5,38.6,0.95,0.05,0.0,0.7,0.03,2,1784208581.0901775,False,True,True,False,1784208455.1515098,False,1,0,0,False
1783947642.4476278,20,1784208591.0700037,37.49980926222629,0.6637354085603113,-500,True,37.5,36.5,38.6,0.95,0.05,0.0,0.7,0.03,2,1784208601.0960088,False,True,True,False,1784208455.1515098,False,True,1,0,False
1783947642.4476278,20,1784208611.0758197,37.51850156404974,0.663907072556649,-500,True,37.5,36.5,38.6,0.95,0.05,0.0,0.7,0.03,2,1784208621.1019492,False,True,True,False,1784208455.1515098,False,1,0,0,False
1783947642.4476278,20,1784208631.0816932,37.47577630273899,0.663640039673457,-500,True,37.5,36.5,38.6,0.95,0.05,0.0,0.7,0.03,2,1784208641.1079357,False,True,True,True,1784208635.1515262,False,True,1,0,False
1783947642.4476278,20,1784208651.0875957,37.438391699092094,0.6637926298924239,-500,True,37.5,36.5,38.6,0.95,0.05,0.0,0.7,0.03,2,1784208661.113607,False,True,True,False,1784208635.1515262,False,True,1,0,False
1783947642.4476278,20,1784208671.0933728,37.40634775310903,0.6634111543450065,-500,True,37.5,36.5,38.6,0.95,0.05,0.0,0.7,0.03,2,1784208681.119394,False,True,True,False,1784208635.1515262,False,True,1,0,False
1783947642.4476278,20,1784208691.0992937,37.43572137026017,0.6636591134508278,-500,True,37.5,36.5,38.6,0.95,0.05,0.0,0.7,0.03,2,1784208701.1253438,False,True,True,False,1784208635.1515262,False,True,1,0,False
1783947642.4476278,20,1784208711.1051226,37.45975432974747,0.66348744945449,-500,True,37.5,36.5,38.6,0.95,0.05,0.0,0.7,0.03,2,1784208721.1311228,False,True,True,False,1784208635.1515262,False,True,1,0,False
1783947642.4476278,20,1784208731.1109314,37.47577630273899,0.6636591134508278,-500,True,37.5,36.5,38.6,0.95,0.05,0.0,0.7,0.03,2,1784208741.1369922,False,True,True,False,1784208635.1515262,False,True,1,0,False
1783947642.4476278,20,1784208751.116839,37.47577630273899,0.6633157854581522,-500,True,37.5,36.5,38.6,0.95,0.05,0.0,0.7,0.03,2,1784208761.1429129,False,True,True,False,1784208635.1515262,False,True,1,0,False
1783947642.4476278,20,1784208771.1227026,37.47577630273899,0.6635446707866026,-500,True,37.5,36.5,38.6,0.95,0.05,0.0,0.7,0.03,2,1784208781.148752,False,True,True,False,1784208635.1515262,False,True,1,0,False
1783947642.4476278,20,1784208791.1285305,37.52117189288167,0.6637163347829405,-500,True,37.5,36.5,38.6,0.95,0.05,0.0,0.7,0.03,2,1784208801.1545546,False,True,True,False,1784208635.1515262,False,1,0,0,False
1783947642.4476278,20,1784208811.1343985,37.507820248722055,0.6637544823376821,-500,True,37.5,36.5,38.6,0.95,0.05,0.0,0.7,0.03,2,1784208821.1603663,False,True,True,True,1784208815.1515296,False,1,0,0,False
1783947642.4476278,20,1784208831.1401958,37.49713893339437,0.6635065232318609,-500,True,37.5,36.5,38.6,0.95,0.05,0.0,0.7,0.03,2,1784208841.1667347,False,True,True,False,1784208815.1515296,False,True,1,0,False
1783947642.4476278,20,1784208851.1464386,37.45975432974747,0.6633539330128939,-500,True,37.5,36.5,38.6,0.95,0.05,0.0,0.7,0.03,2,1784208861.17256,False,True,True,False,1784208815.1515296,False,True,1,0,False
1783947642.4476278,20,1784208871.152266,37.45975432974747,0.6634111543450065,-500,True,37.5,36.5,38.6,0.95,0.05,0.0,0.7,0.03,2,1784208881.178324,False,True,True,False,1784208815.1515296,False,True,1,0,False
1783947642.4476278,20,1784208891.1581497,37.46242465857938,0.6634683756771191,-500,True,37.5,36.5,38.6,0.95,0.05,0.0,0.7,0.03,2,1784208901.1842527,False,True,True,False,1784208815.1515296,False,True,1,0,False
1783947642.4476278,20,1784208911.1640177,37.481116960402844,0.6634302281223774,-500,True,37.5,36.5,38.6,0.95,0.05,0.0,0.7,0.03,2,1784208921.1901488,False,True,True,False,1784208815.1515296,False,True,1,0,False
1783947642.4476278,20,1784208931.1699338,37.48645761806668,0.6636018921187151,-500,True,37.5,36.5,38.6,0.95,0.05,0.0,0.7,0.03,2,1784208941.195984,False,True,True,False,1784208815.1515296,False,True,1,0,False
1783947642.4476278,20,1784208951.175766,37.49713893339437,0.6636972610055696,-500,True,37.5,36.5,38.6,0.95,0.05,0.0,0.7,0.03,2,1784208961.2017791,False,True,True,False,1784208815.1515296,False,True,1,0,False
1783947642.4476278,20,1784208971.1815772,37.52918287937743,0.6637354085603113,-500,True,37.5,36.5,38.6,0.95,0.05,0.0,0.7,0.03,2,1784208981.2076633,False,True,True,False,1784208815.1515296,False,1,0,0,False
1783947642.4476278,20,1784208991.1874917,37.50514991989013,0.6636018921187151,-500,True,37.5,36.5,38.6,0.95,0.05,0.0,0.7,0.03,2,1784209001.2134974,False,True,True,True,1784208995.1515613,False,1,0,0,False
1783947642.4476278,20,1784209011.1932788,37.45441367208362,0.6634683756771191,-500,True,37.5,36.5,38.6,0.95,0.05,0.0,0.7,0.03,2,1784209021.219468,False,True,True,False,1784208995.1515613,False,True,1,0,False
1783947642.4476278,20,1784209031.1991565,37.438391699092094,0.6634302281223774,-500,True,37.5,36.5,38.6,0.95,0.05,0.0,0.7,0.03,2,1784209041.2252147,False,True,True,False,1784208995.1515613,False,True,1,0,False
1783947642.4476278,20,1784209051.2049887,37.438391699092094,0.6637163347829405,-500,True,37.5,36.5,38.6,0.95,0.05,0.0,0.7,0.03,2,1784209061.2310083,False,True,True,False,1784208995.1515613,False,True,1,0,False
1783947642.4476278,20,1784209071.2108252,37.45975432974747,0.6637163347829405,-500,True,37.5,36.5,38.6,0.95,0.05,0.0,0.7,0.03,2,1784209081.2368143,False,True,True,False,1784208995.1515613,False,True,1,0,False
1783947642.4476278,20,1784209091.216658,37.489127946898606,0.6635255970092316,-500,True,37.5,36.5,38.6,0.95,0.05,0.0,0.7,0.03,2,1784209101.2427301,False,True,True,False,1784208995.1515613,False,True,1,0,False
1783947642.4476278,20,1784209111.2226021,37.47577630273899,0.6634302281223774,-500,True,37.5,36.5,38.6,0.95,0.05,0.0,0.7,0.03,2,1784209121.2487898,False,True,True,False,1784208995.1515613,False,True,1,0,False
1783947642.4476278,20,1784209131.2284214,37.507820248722055,0.6638689250019074,-500,True,37.5,36.5,38.6,0.95,0.05,0.0,0.7,0.03,2,1784209141.2544806,False,True,True,False,1784208995.1515613,False,1,0,0,False
1783947642.4476278,20,1784209151.23428,37.49713893339437,0.6632394903486687,-500,True,37.5,36.5,38.6,0.95,0.05,0.0,0.7,0.03,2,1784209161.2602448,False,True,True,False,1784208995.1515613,False,True,1,0,False
1783947642.4476278,20,1784209171.240026,37.49713893339437,0.6635828183413444,-500,True,37.5,36.5,38.6,0.95,0.05,0.0,0.7,0.03,2,1784209181.2660651,False,True,True,True,1784209175.1515968,False,True,1,0,False
1783947642.4476278,20,1784209191.2459257,37.45708400091554,0.6637735561150531,-500,True,37.5,36.5,38.6,0.95,0.05,0.0,0.7,0.03,2,1784209201.2718732,False,True,True,False,1784209175.1515968,False,True,1,0,False
1783947642.4476278,20,1784209211.2516718,37.44373235675593,0.6633539330128939,-500,True,37.5,36.5,38.6,0.95,0.05,0.0,0.7,0.03,2,1784209221.2777338,False,True,True,False,1784209175.1515968,False,True,1,0,False
1783947642.4476278,20,1784209231.257501,37.48645761806668,0.6637544823376821,-500,True,37.5,36.5,38.6,0.95,0.05,0.0,0.7,0.03,2,1784209241.2835383,False,True,True,False,1784209175.1515968,False,True,1,0,False
1783947642.4476278,20,1784209251.2634194,37.49713893339437,0.6635637445639735,-500,True,37.5,36.5,38.6,0.95,0.05,0.0,0.7,0.03,2,1784209261.2894828,False,True,True,False,1784209175.1515968,False,True,1,0,False
1783947642.4476278,20,1784209271.269251,37.49713893339437,0.6635446707866026,-500,True,37.5,36.5,38.6,0.95,0.05,0.0,0.7,0.03,2,1784209281.2953782,False,True,True,False,1784209175.1515968,False,True,1,0,False
1783947642.4476278,20,1784209291.27517,37.49980926222629,0.6635065232318609,-500,True,37.5,36.5,38.6,0.95,0.05,0.0,0.7,0.03,2,1784209301.301197,False,True,True,False,1784209175.1515968,False,True,1,0,False
1783947642.4476278,20,1784209311.2809641,37.513160906385906,0.6636972610055696,-500,True,37.5,36.5,38.6,0.95,0.05,0.0,0.7,0.03,2,1784209321.3070242,False,True,True,False,1784209175.1515968,False,1,0,0,False
1783947642.4476278,20,1784209331.2868564,37.49713893339437,0.6634683756771191,-500,True,37.5,36.5,38.6,0.95,0.05,0.0,0.7,0.03,2,1784209341.3128958,False,True,True,False,1784209175.1515968,False,True,1,0,False
1783947642.4476278,20,1784209351.2926948,37.470435645075156,0.6633539330128939,-500,True,37.5,36.5,38.6,0.95,0.05,0.0,0.7,0.03,2,1784209361.3187187,False,True,True,True,1784209355.1516204,False,True,1,0,False
1783947642.4476278,20,1784209371.2985132,37.470435645075156,0.6634302281223774,-500,True,37.5,36.5,38.6,0.95,0.05,0.0,0.7,0.03,2,1784209381.3244731,False,True,True,False,1784209355.1516204,False,True,1,0,False
1783947642.4476278,20,1784209391.3043156,37.446402685587856,0.6632585641260396,-500,True,37.5,36.5,38.6,0.95,0.05,0.0,0.7,0.03,2,1784209401.3303585,False,True,True,False,1784209355.1516204,False,True,1,0,False
1783947642.4476278,20,1784209411.310152,37.465094987411305,0.6632394903486687,-500,True,37.5,36.5,38.6,0.95,0.05,0.0,0.7,0.03,2,1784209421.3361182,False,True,True,False,1784209355.1516204,False,True,1,0,False
1783947642.4476278,20,1784209431.3159401,37.507820248722055,0.6635255970092316,-500,True,37.5,36.5,38.6,0.95,0.05,0.0,0.7,0.03,2,1784209441.342015,False,True,True,False,1784209355.1516204,False,1,0,0,False
1783947642.4476278,20,1784209451.321789,37.507820248722055,0.6634493018997482,-500,True,37.5,36.5,38.6,0.95,0.05,0.0,0.7,0.03,2,1784209461.3477788,False,True,True,False,1784209355.1516204,False,1,0,0,False
1783947642.4476278,20,1784209471.3275983,37.47577630273899,0.6634302281223774,-500,True,37.5,36.5,38.6,0.95,0.05,0.0,0.7,0.03,2,1784209481.3536162,False,True,True,False,1784209355.1516204,False,True,1,0,False
1783947642.4476278,20,1784209491.333375,37.446402685587856,0.6631822690165561,-500,True,37.5,36.5,38.6,0.95,0.05,0.0,0.7,0.03,2,1784209501.3595765,False,True,True,False,1784209355.1516204,False,True,1,0,False
1783947642.4476278,20,1784209511.339238,37.465094987411305,0.6634493018997482,-500,True,37.5,36.5,38.6,0.95,0.05,0.0,0.7,0.03,2,1784209521.3653166,False,True,True,False,1784209355.1516204,False,True,1,0,False
1783947642.4476278,20,1784209531.3451738,37.481116960402844,0.6635255970092316,-500,True,37.5,36.5,38.6,0.95,0.05,0.0,0.7,0.03,2,1784209541.3712351,False,True,True,True,1784209535.151659,False,True,1,0,False
1783947642.4476278,20,1784209551.351058,37.44373235675593,0.6636018921187151,-500,True,37.5,36.5,38.6,0.95,0.05,0.0,0.7,0.03,2,1784209561.3770566,False,True,True,False,1784209535.151659,False,True,1,0,False
1783947642.4476278,20,1784209571.356843,37.427710383764406,0.6634302281223774,-500,True,37.5,36.5,38.6,0.95,0.05,0.0,0.7,0.03,2,1784209581.382858,False,True,True,False,1784209535.151659,False,True,1,0,False
1783947642.4476278,20,1784209591.3627546,37.47310597390707,0.66348744945449,-500,True,37.5,36.5,38.6,0.95,0.05,0.0,0.7,0.03,2,1784209601.3889182,False,True,True,False,1784209535.151659,False,True,1,0,False
1783947642.4476278,20,1784209611.3685446,37.50247959105822,0.6633157854581522,-500,True,37.5,36.5,38.6,0.95,0.05,0.0,0.7,0.03,2,1784209621.3945966,False,True,True,False,1784209535.151659,False,1,0,0,False
1783947642.4476278,20,1784209631.374433,37.49713893339437,0.6634683756771191,-500,True,37.5,36.5,38.6,0.95,0.05,0.0,0.7,0.03,2,1784209641.4004936,False,True,True,False,1784209535.151659,False,True,1,0,False
1783947642.4476278,20,1784209651.380272,37.49713893339437,0.6634302281223774,-500,True,37.5,36.5,38.6,0.95,0.05,0.0,0.7,0.03,2,1784209661.4063184,False,True,True,False,1784209535.151659,False,True,1,0,False
1783947642.4476278,20,1784209671.3861873,37.49179827573053,0.6638117036697948,-500,True,37.5,36.5,38.6,0.95,0.05,0.0,0.7,0.03,2,1784209681.4121273,False,True,True,False,1784209535.151659,False,True,1,0,False
1783947642.4476278,20,1784209691.391943,37.51049057755398,0.66348744945449,-500,True,37.5,36.5,38.6,0.95,0.05,0.0,0.7,0.03,2,1784209701.4181573,False,True,True,False,1784209535.151659,False,1,0,0,False
1783947642.4476278,20,1784209711.3979735,37.49179827573053,0.6634111543450065,-500,True,37.5,36.5,38.6,0.95,0.05,0.0,0.7,0.03,2,1784209721.4239428,False,True,True,True,1784209715.1516929,False,True,1,0,False
1783947642.4476278,20,1784209731.4037519,37.470435645075156,0.6635446707866026,-500,True,37.5,36.5,38.6,0.95,0.05,0.0,0.7,0.03,2,1784209741.429833,False,True,True,False,1784209715.1516929,False,True,1,0,False
1783947642.4476278,20,1784209751.4095886,37.465094987411305,0.66348744945449,-500,True,37.5,36.5,38.6,0.95,0.05,0.0,0.7,0.03,2,1784209761.4355905,False,True,True,False,1784209715.1516929,False,True,1,0,False
1783947642.4476278,20,1784209771.415431,37.47577630273899,0.6632967116807812,-500,True,37.5,36.5,38.6,0.95,0.05,0.0,0.7,0.03,2,1784209781.4414778,False,True,True,False,1784209715.1516929,False,True,1,0,False
1783947642.4476278,20,1784209791.4213207,37.47844663157092,0.6635065232318609,-500,True,37.5,36.5,38.6,0.95,0.05,0.0,0.7,0.03,2,1784209801.4473343,False,True,True,False,1784209715.1516929,False,True,1,0,False
1783947642.4476278,20,1784209811.4271548,37.48645761806668,0.6634111543450065,-500,True,37.5,36.5,38.6,0.95,0.05,0.0,0.7,0.03,2,1784209821.4531915,False,True,True,False,1784209715.1516929,False,True,1,0,False
1783947642.4476278,20,1784209831.4330146,37.54520485236897,0.6632394903486687,-500,True,37.5,36.5,38.6,0.95,0.05,0.0,0.7,0.03,2,1784209841.4590585,False,True,True,False,1784209715.1516929,False,1,0,0,False
1783947642.4476278,20,1784209851.4389122,37.53452353704128,0.6633730067902647,-500,True,37.5,36.5,38.6,0.95,0.05,0.0,0.7,0.03,2,1784209861.4649365,False,True,True,False,1784209715.1516929,False,1,0,0,False
1783947642.4476278,20,1784209871.4447963,37.49713893339437,0.6635637445639735,-500,True,37.5,36.5,38.6,0.95,0.05,0.0,0.7,0.03,2,1784209881.470869,False,True,True,False,1784209715.1516929,False,True,1,0,False
1783947642.4476278,20,1784209891.4506419,37.489127946898606,0.663334859235523,-500,True,37.5,36.5,38.6,0.95,0.05,0.0,0.7,0.03,2,1784209901.476623,False,True,True,True,1784209895.1517189,False,True,1,0,False
1783947642.4476278,20,1784209911.456391,37.438391699092094,0.6631631952391852,-500,True,37.5,36.5,38.6,0.95,0.05,0.0,0.7,0.03,2,1784209921.4824722,False,True,True,False,1784209895.1517189,False,True,1,0,False
1783947642.4476278,20,1784209931.4622717,37.41702906843672,0.6632204165712977,-500,True,37.5,36.5,38.6,0.95,0.05,0.0,0.7,0.03,2,1784209941.4882734,False,True,True,False,1784209895.1517189,False,True,1,0,False
1783947642.4476278,20,1784209951.468049,37.47577630273899,0.6631250476844435,-500,True,37.5,36.5,38.6,0.95,0.05,0.0,0.7,0.03,2,1784209961.4941092,False,True,True,False,1784209895.1517189,False,True,1,0,False
1783947642.4476278,20,1784209971.4739041,37.47577630273899,0.663201342793927,-500,True,37.5,36.5,38.6,0.95,0.05,0.0,0.7,0.03,2,1784209981.500027,False,True,True,False,1784209895.1517189,False,True,1,0,False
1783947642.4476278,20,1784209991.4797065,37.51049057755398,0.6634493018997482,-500,True,37.5,36.5,38.6,0.95,0.05,0.0,0.7,0.03,2,1784210001.5057623,False,True,True,False,1784209895.1517189,False,1,0,0,False
1783947642.4476278,20,1784210011.485635,37.50247959105822,0.6633539330128939,-500,True,37.5,36.5,38.6,0.95,0.05,0.0,0.7,0.03,2,1784210021.5116575,False,True,True,False,1784209895.1517189,False,1,0,0,False
1783947642.4476278,20,1784210031.491541,37.48645761806668,0.6631250476844435,-500,True,37.5,36.5,38.6,0.95,0.05,0.0,0.7,0.03,2,1784210041.5176044,False,True,True,False,1784209895.1517189,False,True,1,0,False
1783947642.4476278,20,1784210051.4973667,37.481116960402844,0.6629724574654765,-500,True,37.5,36.5,38.6,0.95,0.05,0.0,0.7,0.03,2,1784210061.5234017,False,True,True,False,1784209895.1517189,False,True,1,0,False
1783947642.4476278,20,1784210071.5032012,37.49179827573053,0.6635255970092316,-500,True,37.5,36.5,38.6,0.95,0.05,0.0,0.7,0.03,2,1784210081.5293736,False,True,True,True,1784210075.1517315,False,True,1,0,False
1783947642.4476278,20,1784210091.5089805,37.47310597390707,0.663201342793927,-500,True,37.5,36.5,38.6,0.95,0.05,0.0,0.7,0.03,2,1784210101.5350213,False,True,True,False,1784210075.1517315,False,True,1,0,False
1783947642.4476278,20,1784210111.5148327,37.45441367208362,0.6630296787975891,-500,True,37.5,36.5,38.6,0.95,0.05,0.0,0.7,0.03,2,1784210121.540826,False,True,True,False,1784210075.1517315,False,True,1,0,False
1783947642.4476278,20,1784210131.5206113,37.45975432974747,0.6630869001297017,-500,True,37.5,36.5,38.6,0.95,0.05,0.0,0.7,0.03,2,1784210141.546667,False,True,True,False,1784210075.1517315,False,True,1,0,False
1783947642.4476278,20,1784210151.526527,37.49713893339437,0.6634302281223774,-500,True,37.5,36.5,38.6,0.95,0.05,0.0,0.7,0.03,2,1784210161.5525217,False,True,True,False,1784210075.1517315,False,True,1,0,False
1783947642.4476278,20,1784210171.53231,37.507820248722055,0.663201342793927,-500,True,37.5,36.5,38.6,0.95,0.05,0.0,0.7,0.03,2,1784210181.5584939,False,True,True,False,1784210075.1517315,False,1,0,0,False
1783947642.4476278,20,1784210191.5381794,37.50514991989013,0.663201342793927,-500,True,37.5,36.5,38.6,0.95,0.05,0.0,0.7,0.03,2,1784210201.5643861,False,True,True,False,1784210075.1517315,False,1,0,0,False
1783947642.4476278,20,1784210211.5442,37.49713893339437,0.6629152361333638,-500,True,37.5,36.5,38.6,0.95,0.05,0.0,0.7,0.03,2,1784210221.5702755,False,True,True,False,1784210075.1517315,False,True,1,0,False
1783947642.4476278,20,1784210231.5500743,37.481116960402844,0.6632204165712977,-500,True,37.5,36.5,38.6,0.95,0.05,0.0,0.7,0.03,2,1784210241.5760443,False,True,True,False,1784210075.1517315,False,True,1,0,False
1783947642.4476278,20,1784210251.5558364,37.48645761806668,0.6633730067902647,-500,True,37.5,36.5,38.6,0.95,0.05,0.0,0.7,0.03,2,1784210261.5818725,False,True,True,True,1784210255.1517568,False,True,1,0,False
1783947642.4476278,20,1784210271.561617,37.438391699092094,0.6631250476844435,-500,True,37.5,36.5,38.6,0.95,0.05,0.0,0.7,0.03,2,1784210281.587611,False,True,True,False,1784210255.1517568,False,True,1,0,False
1783947642.4476278,20,1784210291.5674326,37.45708400091554,0.6629724574654765,-500,True,37.5,36.5,38.6,0.95,0.05,0.0,0.7,0.03,2,1784210301.593461,False,True,True,False,1784210255.1517568,False,True,1,0,False
1783947642.4476278,20,1784210311.5732386,37.465094987411305,0.6632776379034104,-500,True,37.5,36.5,38.6,0.95,0.05,0.0,0.7,0.03,2,1784210321.5993345,False,True,True,False,1784210255.1517568,False,True,1,0,False
1783947642.4476278,20,1784210331.579136,37.47577630273899,0.6634111543450065,-500,True,37.5,36.5,38.6,0.95,0.05,0.0,0.7,0.03,2,1784210341.6051683,False,True,True,False,1784210255.1517568,False,True,1,0,False
1783947642.4476278,20,1784210351.5849411,37.50247959105822,0.6630678263523307,-500,True,37.5,36.5,38.6,0.95,0.05,0.0,0.7,0.03,2,1784210361.6109753,False,True,True,False,1784210255.1517568,False,1,0,0,False
1783947642.4476278,20,1784210371.5908227,37.507820248722055,0.6631822690165561,-500,True,37.5,36.5,38.6,0.95,0.05,0.0,0.7,0.03,2,1784210381.6168163,False,True,True,False,1784210255.1517568,False,1,0,0,False
1783947642.4476278,20,1784210391.596642,37.51049057755398,0.6632967116807812,-500,True,37.5,36.5,38.6,0.95,0.05,0.0,0.7,0.03,2,1784210401.6226783,False,True,True,False,1784210255.1517568,False,1,0,0,False
1783947642.4476278,20,1784210411.6025307,37.49713893339437,0.6634683756771191,-500,True,37.5,36.5,38.6,0.95,0.05,0.0,0.7,0.03,2,1784210421.628527,True,False,True,False,1784210255.1517568,False,True,1,0,False
1783947642.4476278,20,1784210431.608279,37.49713893339437,0.6631059739070726,-500,True,37.5,36.5,38.6,0.95,0.05,0.0,0.7,0.03,2,1784210441.6343248,True,False,True,True,1784210435.1517854,False,True,1,0,False
1783947642.4476278,20,1784210451.6141338,37.47577630273899,0.6632967116807812,-500,True,37.5,36.5,38.6,0.95,0.05,0.0,0.7,0.03,2,1784210461.64035,True,False,True,False,1784210435.1517854,False,True,1,0,False
1783947642.4476278,20,1784210471.6200345,37.45975432974747,0.6632967116807812,-500,True,37.5,36.5,38.6,0.95,0.05,0.0,0.7,0.03,2,1784210481.6463165,True,False,True,False,1784210435.1517854,False,True,1,0,False
1783947642.4476278,20,1784210491.6259696,37.47844663157092,0.6632776379034104,-500,True,37.5,36.5,38.6,0.95,0.05,0.0,0.7,0.03,2,1784210501.6520846,True,False,True,False,1784210435.1517854,False,True,1,0,False
1783947642.4476278,20,1784210511.6318007,37.48645761806668,0.6631822690165561,-500,True,37.5,36.5,38.6,0.95,0.05,0.0,0.7,0.03,2,1784210521.6578407,True,False,True,False,1784210435.1517854,False,True,1,0,False
1783947642.4476278,20,1784210531.637614,37.52918287937743,0.6631059739070726,-500,True,37.5,36.5,38.6,0.95,0.05,0.0,0.7,0.03,2,1784210541.663624,True,False,True,False,1784210435.1517854,False,1,0,0,False
1783947642.4476278,20,1784210551.6434584,37.53452353704128,0.6635446707866026,-500,True,37.5,36.5,38.6,0.95,0.05,0.0,0.7,0.03,2,1784210561.669623,True,False,True,False,1784210435.1517854,False,1,0,0,False
1783947642.4476278,20,1784210571.6492417,37.51850156404974,0.6631441214618142,-500,True,37.5,36.5,38.6,0.95,0.05,0.0,0.7,0.03,2,1784210581.6754224,True,False,True,False,1784210435.1517854,False,1,0,0,False
1783947642.4476278,20,1784210591.6552484,37.51583123521782,0.6629915312428473,-500,True,37.5,36.5,38.6,0.95,0.05,0.0,0.7,0.03,2,1784210601.6812534,True,False,True,False,1784210435.1517854,False,1,0,0,False
1783947642.4476278,20,1784210611.661062,37.481116960402844,0.6632776379034104,-500,True,37.5,36.5,38.6,0.95,0.05,0.0,0.7,0.03,2,1784210621.687087,True,False,True,True,1784210615.1517901,False,True,1,0,False
1783947642.4476278,20,1784210631.666938,37.44373235675593,0.6630869001297017,-500,True,37.5,36.5,38.6,0.95,0.05,0.0,0.7,0.03,2,1784210641.692915,True,False,True,False,1784210615.1517901,False,True,1,0,False
1783947642.4476278,20,1784210651.6726754,37.44373235675593,0.662896162355993,-500,True,37.5,36.5,38.6,0.95,0.05,0.0,0.7,0.03,2,1784210661.6989305,True,False,True,False,1784210615.1517901,False,True,1,0,False
1783947642.4476278,20,1784210671.6785696,37.44907301441978,0.6631822690165561,-500,True,37.5,36.5,38.6,0.95,0.05,0.0,0.7,0.03,2,1784210681.704551,True,False,True,False,1784210615.1517901,False,True,1,0,False
1783947642.4476278,20,1784210691.6843543,37.441062027924005,0.6629724574654765,-500,True,37.5,36.5,38.6,0.95,0.05,0.0,0.7,0.03,2,1784210701.710469,True,False,True,False,1784210615.1517901,False,True,1,0,False
1783947642.4476278,20,1784210711.6902819,37.48645761806668,0.6632204165712977,-500,True,37.5,36.5,38.6,0.95,0.05,0.0,0.7,0.03,2,1784210721.7163012,True,False,True,False,1784210615.1517901,False,True,1,0,False
1783947642.4476278,20,1784210731.6960833,37.48645761806668,0.6630296787975891,-500,True,37.5,36.5,38.6,0.95,0.05,0.0,0.7,0.03,2,1784210741.7221472,True,False,True,False,1784210615.1517901,False,True,1,0,False
1783947642.4476278,20,1784210751.701937,37.49713893339437,0.66304875257496,-500,True,37.5,36.5,38.6,0.95,0.05,0.0,0.7,0.03,2,1784210761.727936,True,False,True,False,1784210615.1517901,False,True,1,0,False
1783947642.4476278,20,1784210771.707743,37.507820248722055,0.6632585641260396,-500,True,37.5,36.5,38.6,0.95,0.05,0.0,0.7,0.03,2,1784210781.733848,True,False,True,False,1784210615.1517901,False,1,0,0,False
1783947642.4476278,20,1784210791.7137072,37.53719386587319,0.6629152361333638,-500,True,37.5,36.5,38.6,0.95,0.05,0.0,0.7,0.03,2,1784210801.7399383,True,False,True,True,1784210795.151809,False,1,0,0,False
1783947642.4476278,20,1784210811.7196283,37.45975432974747,0.6631250476844435,-500,True,37.5,36.5,38.6,0.95,0.05,0.0,0.7,0.03,2,1784210821.7457798,True,False,True,False,1784210795.151809,False,True,1,0,False
1783947642.4476278,20,1784210831.7254314,37.44373235675593,0.663201342793927,-500,True,37.5,36.5,38.6,0.95,0.05,0.0,0.7,0.03,2,1784210841.7514987,True,False,True,False,1784210795.151809,False,True,1,0,False
1783947642.4476278,20,1784210851.7312436,37.470435645075156,0.6631441214618142,-500,True,37.5,36.5,38.6,0.95,0.05,0.0,0.7,0.03,2,1784210861.7573802,True,False,True,False,1784210795.151809,False,True,1,0,False
1783947642.4476278,20,1784210871.7373261,37.45975432974747,0.6630869001297017,-500,True,37.5,36.5,38.6,0.95,0.05,0.0,0.7,0.03,2,1784210881.7633731,True,False,True,False,1784210795.151809,False,True,1,0,False
1783947642.4476278,20,1784210891.7431858,37.489127946898606,0.6630869001297017,-500,True,37.5,36.5,38.6,0.95,0.05,0.0,0.7,0.03,2,1784210901.7692451,True,False,True,False,1784210795.151809,False,True,1,0,False
1783947642.4476278,20,1784210911.7490132,37.49713893339437,0.663201342793927,-500,True,37.5,36.5,38.6,0.95,0.05,0.0,0.7,0.03,2,1784210921.7750626,True,False,True,False,1784210795.151809,False,True,1,0,False
1783947642.4476278,20,1784210931.7549064,37.51850156404974,0.6631250476844435,-500,True,37.5,36.5,38.6,0.95,0.05,0.0,0.7,0.03,2,1784210941.7811966,True,False,True,False,1784210795.151809,False,1,0,0,False
1783947642.4476278,20,1784210951.7608693,37.507820248722055,0.6631631952391852,-500,True,37.5,36.5,38.6,0.95,0.05,0.0,0.7,0.03,2,1784210961.7869272,True,False,True,False,1784210795.151809,False,1,0,0,False
1783947642.4476278,20,1784210971.7667637,37.49713893339437,0.6631441214618142,-500,True,37.5,36.5,38.6,0.95,0.05,0.0,0.7,0.03,2,1784210981.792823,True,False,True,True,1784210975.1518352,False,True,1,0,False
1783947642.4476278,20,1784210991.7725968,37.489127946898606,0.6629724574654765,-500,True,37.5,36.5,38.6,0.95,0.05,0.0,0.7,0.03,2,1784211001.7986352,True,False,True,False,1784210975.1518352,False,True,1,0,False
1783947642.4476278,20,1784211011.7784543,37.45975432974747,0.6629724574654765,-500,True,37.5,36.5,38.6,0.95,0.05,0.0,0.7,0.03,2,1784211021.8044605,True,False,True,False,1784210975.1518352,False,True,1,0,False
1783947642.4476278,20,1784211031.784239,37.470435645075156,0.6630296787975891,-500,True,37.5,36.5,38.6,0.95,0.05,0.0,0.7,0.03,2,1784211041.8105285,True,False,True,False,1784210975.1518352,False,True,1,0,False
1783947642.4476278,20,1784211051.790179,37.48645761806668,0.6629724574654765,-500,True,37.5,36.5,38.6,0.95,0.05,0.0,0.7,0.03,2,1784211061.8162072,True,False,True,False,1784210975.1518352,False,True,1,0,False
1783947642.4476278,20,1784211071.7961006,37.49713893339437,0.6629724574654765,-500,True,37.5,36.5,38.6,0.95,0.05,0.0,0.7,0.03,2,1784211081.822272,True,False,True,False,1784210975.1518352,False,True,1,0,False
1783947642.4476278,20,1784211091.8020892,37.526512550545505,0.6630869001297017,-500,True,37.5,36.5,38.6,0.95,0.05,0.0,0.7,0.03,2,1784211101.8281095,True,False,True,False,1784210975.1518352,False,1,0,0,False
1783947642.4476278,20,1784211111.8079455,37.50247959105822,0.6630106050202182,-500,True,37.5,36.5,38.6,0.95,0.05,0.0,0.7,0.03,2,1784211121.834011,True,False,True,False,1784210975.1518352,False,1,0,0,False
1783947642.4476278,20,1784211131.813795,37.51850156404974,0.6628770885786222,-500,True,37.5,36.5,38.6,0.95,0.05,0.0,0.7,0.03,2,1784211141.8399885,True,False,True,False,1784210975.1518352,False,1,0,0,False
1783947642.4476278,20,1784211151.8197248,37.470435645075156,0.6627626459143968,-500,True,37.5,36.5,38.6,0.95,0.05,0.0,0.7,0.03,2,1784211161.8457894,True,False,True,True,1784211155.151843,False,True,1,0,False
1783947642.4476278,20,1784211171.8255858,37.465094987411305,0.6631059739070726,-500,True,37.5,36.5,38.6,0.95,0.05,0.0,0.7,0.03,2,1784211181.8516052,True,False,True,False,1784211155.151843,False,True,1,0,False
1783947642.4476278,20,1784211191.8314388,37.441062027924005,0.6629152361333638,-500,True,37.5,36.5,38.6,0.95,0.05,0.0,0.7,0.03,2,1784211201.8574915,True,False,True,False,1784211155.151843,False,True,1,0,False
1783947642.4476278,20,1784211211.8372781,37.45975432974747,0.6630869001297017,-500,True,37.5,36.5,38.6,0.95,0.05,0.0,0.7,0.03,2,1784211221.8633845,True,False,True,False,1784211155.151843,False,True,1,0,False
1783947642.4476278,20,1784211231.8431854,37.465094987411305,0.6628580148012513,-500,True,37.5,36.5,38.6,0.95,0.05,0.0,0.7,0.03,2,1784211241.8692129,True,False,True,False,1784211155.151843,False,True,1,0,False
1783947642.4476278,20,1784211251.8489876,37.48645761806668,0.6626863508049133,-500,True,37.5,36.5,38.6,0.95,0.05,0.0,0.7,0.03,2,1784211261.8750114,True,False,True,False,1784211155.151843,False,True,1,0,False
1783947642.4476278,20,1784211271.8548248,37.507820248722055,0.662896162355993,-500,True,37.5,36.5,38.6,0.95,0.05,0.0,0.7,0.03,2,1784211281.880832,True,False,True,False,1784211155.151843,False,1,0,0,False
1783947642.4476278,20,1784211291.8607306,37.50514991989013,0.6630106050202182,-500,True,37.5,36.5,38.6,0.95,0.05,0.0,0.7,0.03,2,1784211301.8867433,True,False,True,False,1784211155.151843,False,1,0,0,False
1783947642.4476278,20,1784211311.8665898,37.507820248722055,0.662896162355993,-500,True,37.5,36.5,38.6,0.95,0.05,0.0,0.7,0.03,2,1784211321.892539,True,False,True,False,1784211155.151843,False,1,0,0,False
1783947642.4476278,20,1784211331.8723433,37.465094987411305,0.6627435721370261,-500,True,37.5,36.5,38.6,0.95,0.05,0.0,0.7,0.03,2,1784211341.898404,True,False,True,True,1784211335.151874,False,True,1,0,False
1783947642.4476278,20,1784211351.8781574,37.47577630273899,0.6628770885786222,-500,True,37.5,36.5,38.6,0.95,0.05,0.0,0.7,0.03,2,1784211361.904341,True,False,True,False,1784211335.151874,False,True,1,0,False
1783947642.4476278,20,1784211371.8842022,37.465094987411305,0.6629915312428473,-500,True,37.5,36.5,38.6,0.95,0.05,0.0,0.7,0.03,2,1784211381.9103646,True,False,True,False,1784211335.151874,False,True,1,0,False
1783947642.4476278,20,1784211391.8901637,37.47310597390707,0.6629915312428473,-500,True,37.5,36.5,38.6,0.95,0.05,0.0,0.7,0.03,2,1784211401.9161675,True,False,True,False,1784211335.151874,False,True,1,0,False
1783947642.4476278,20,1784211411.8959339,37.465094987411305,0.6628580148012513,-500,True,37.5,36.5,38.6,0.95,0.05,0.0,0.7,0.03,2,1784211421.9221797,True,False,True,False,1784211335.151874,False,True,1,0,False
1783947642.4476278,20,1784211431.9018314,37.470435645075156,0.6630296787975891,-500,True,37.5,36.5,38.6,0.95,0.05,0.0,0.7,0.03,2,1784211441.9279187,True,False,True,False,1784211335.151874,False,True,1,0,False
1783947642.4476278,20,1784211451.9077063,37.49179827573053,0.6628389410238803,-500,True,37.5,36.5,38.6,0.95,0.05,0.0,0.7,0.03,2,1784211461.933744,True,False,True,False,1784211335.151874,False,True,1,0,False
1783947642.4476278,20,1784211471.913509,37.507820248722055,0.6631059739070726,-500,True,37.5,36.5,38.6,0.95,0.05,0.0,0.7,0.03,2,1784211481.9395452,True,False,True,False,1784211335.151874,False,1,0,0,False
1783947642.4476278,20,1784211491.919422,37.51049057755398,0.6629724574654765,-500,True,37.5,36.5,38.6,0.95,0.05,0.0,0.7,0.03,2,1784211501.9455447,True,False,True,False,1784211335.151874,False,1,0,0,False
1783947642.4476278,20,1784211511.9253404,37.513160906385906,0.6626863508049133,-500,True,37.5,36.5,38.6,0.95,0.05,0.0,0.7,0.03,2,1784211521.9514987,True,False,True,True,1784211515.1519063,False,1,0,0,False
1783947642.4476278,20,1784211531.9311802,37.47577630273899,0.6627054245822843,-500,True,37.5,36.5,38.6,0.95,0.05,0.0,0.7,0.03,2,1784211541.957253,True,False,True,False,1784211515.1519063,False,True,1,0,False
1783947642.4476278,20,1784211551.937009,37.44373235675593,0.6625909819180591,-500,True,37.5,36.5,38.6,0.95,0.05,0.0,0.7,0.03,2,1784211561.96306,True,False,True,False,1784211515.1519063,False,True,1,0,False
1783947642.4476278,20,1784211571.942881,37.44373235675593,0.6629724574654765,-500,True,37.5,36.5,38.6,0.95,0.05,0.0,0.7,0.03,2,1784211581.9689398,True,False,True,False,1784211515.1519063,False,True,1,0,False
1783947642.4476278,20,1784211591.9486947,37.46242465857938,0.6627244983596552,-500,True,37.5,36.5,38.6,0.95,0.05,0.0,0.7,0.03,2,1784211601.9747064,True,False,True,False,1784211515.1519063,False,True,1,0,False
1783947642.4476278,20,1784211611.9545178,37.470435645075156,0.6629152361333638,-500,True,37.5,36.5,38.6,0.95,0.05,0.0,0.7,0.03,2,1784211621.980697,True,False,True,False,1784211515.1519063,False,True,1,0,False
1783947642.4476278,20,1784211631.9602902,37.49713893339437,0.6628389410238803,-500,True,37.5,36.5,38.6,0.95,0.05,0.0,0.7,0.03,2,1784211641.986482,True,False,True,False,1784211515.1519063,False,True,1,0,False
1783947642.4476278,20,1784211651.9662626,37.48645761806668,0.6629724574654765,-500,True,37.5,36.5,38.6,0.95,0.05,0.0,0.7,0.03,2,1784211661.9922585,True,False,True,False,1784211515.1519063,False,True,1,0,False
1783947642.4476278,20,1784211671.9720297,37.507820248722055,0.66304875257496,-500,True,37.5,36.5,38.6,0.95,0.05,0.0,0.7,0.03,2,1784211681.9981823,True,False,True,False,1784211515.1519063,False,1,0,0,False
1783947642.4476278,20,1784211691.9779685,37.50514991989013,0.6628389410238803,-500,True,37.5,36.5,38.6,0.95,0.05,0.0,0.7,0.03,2,1784211702.0039694,True,False,True,True,1784211695.1519136,False,1,0,0,False
1783947642.4476278,20,1784211711.983802,37.48645761806668,0.6627817196917678,-500,True,37.5,36.5,38.6,0.95,0.05,0.0,0.7,0.03,2,1784211722.010378,True,False,True,False,1784211695.1519136,False,True,1,0,False
1783947642.4476278,20,1784211731.9900367,37.45441367208362,0.6627626459143968,-500,True,37.5,36.5,38.6,0.95,0.05,0.0,0.7,0.03,2,1784211742.0161078,True,False,True,False,1784211695.1519136,False,True,1,0,False
1783947642.4476278,20,1784211751.9958227,37.44373235675593,0.6626672770275426,-500,True,37.5,36.5,38.6,0.95,0.05,0.0,0.7,0.03,2,1784211762.0218787,True,False,True,False,1784211695.1519136,False,True,1,0,False
1783947642.4476278,20,1784211772.0016448,37.470435645075156,0.6628770885786222,-500,True,37.5,36.5,38.6,0.95,0.05,0.0,0.7,0.03,2,1784211782.0276687,True,False,True,False,1784211695.1519136,False,True,1,0,False
1783947642.4476278,20,1784211792.0074847,37.47844663157092,0.6626863508049133,-500,True,37.5,36.5,38.6,0.95,0.05,0.0,0.7,0.03,2,1784211802.0335426,True,False,True,False,1784211695.1519136,False,True,1,0,False
1783947642.4476278,20,1784211812.013323,37.481116960402844,0.6628007934691387,-500,True,37.5,36.5,38.6,0.95,0.05,0.0,0.7,0.03,2,1784211822.0393062,True,False,True,False,1784211695.1519136,False,True,1,0,False
1783947642.4476278,20,1784211832.019146,37.507820248722055,0.6629724574654765,-500,True,37.5,36.5,38.6,0.95,0.05,0.0,0.7,0.03,2,1784211842.0451484,True,False,True,False,1784211695.1519136,False,1,0,0,False
1783947642.4476278,20,1784211852.0249662,37.507820248722055,0.6623620965896087,-500,True,37.5,36.5,38.6,0.95,0.05,0.0,0.7,0.03,2,1784211862.0509868,True,False,True,False,1784211695.1519136,False,1,0,0,False
1783947642.4476278,20,1784211872.0308242,37.47577630273899,0.6628198672465095,-500,True,37.5,36.5,38.6,0.95,0.05,0.0,0.7,0.03,2,1784211882.056811,True,False,True,True,1784211875.1519425,False,True,1,0,False
1783947642.4476278,20,1784211892.0365949,37.47844663157092,0.6628770885786222,-500,True,37.5,36.5,38.6,0.95,0.05,0.0,0.7,0.03,2,1784211902.0628364,True,False,True,False,1784211875.1519425,False,True,1,0,False
1783947642.4476278,20,1784211912.0425022,37.465094987411305,0.6627435721370261,-500,True,37.5,36.5,38.6,0.95,0.05,0.0,0.7,0.03,2,1784211922.0684671,True,False,True,False,1784211875.1519425,False,True,1,0,False
1783947642.4476278,20,1784211932.04823,37.45975432974747,0.6626863508049133,-500,True,37.5,36.5,38.6,0.95,0.05,0.0,0.7,0.03,2,1784211942.0742989,True,False,True,False,1784211875.1519425,False,True,1,0,False
1783947642.4476278,20,1784211952.0541005,37.470435645075156,0.6625528343633174,-500,True,37.5,36.5,38.6,0.95,0.05,0.0,0.7,0.03,2,1784211962.0800602,True,False,True,False,1784211875.1519425,False,True,1,0,False
1783947642.4476278,20,1784211972.0598705,37.49713893339437,0.6629533836881056,-500,True,37.5,36.5,38.6,0.95,0.05,0.0,0.7,0.03,2,1784211982.0859408,True,False,True,False,1784211875.1519425,False,True,1,0,False
1783947642.4476278,20,1784211992.0656989,37.489127946898606,0.6627244983596552,-500,True,37.5,36.5,38.6,0.95,0.05,0.0,0.7,0.03,2,1784212002.091916,True,False,True,False,1784211875.1519425,False,True,1,0,False
1783947642.4476278,20,1784212012.071586,37.507820248722055,0.6627435721370261,-500,True,37.5,36.5,38.6,0.95,0.05,0.0,0.7,0.03,2,1784212022.097618,True,False,True,False,1784211875.1519425,False,1,0,0,False
1783947642.4476278,20,1784212032.0774121,37.51850156404974,0.6624765392538339,-500,True,37.5,36.5,38.6,0.95,0.05,0.0,0.7,0.03,2,1784212042.1034155,True,False,True,False,1784211875.1519425,False,1,0,0,False
1783947642.4476278,20,1784212052.0832648,37.481116960402844,0.6627435721370261,-500,True,37.5,36.5,38.6,0.95,0.05,0.0,0.7,0.03,2,1784212062.1093836,True,False,True,True,1784212055.1519608,False,True,1,0,False
1783947642.4476278,20,1784212072.0892568,37.470435645075156,0.6631441214618142,-500,True,37.5,36.5,38.6,0.95,0.05,0.0,0.7,0.03,2,1784212082.1153114,True,False,True,False,1784212055.1519608,False,True,1,0,False
1783947642.4476278,20,1784212092.0951045,37.446402685587856,0.6628580148012513,-500,True,37.5,36.5,38.6,0.95,0.05,0.0,0.7,0.03,2,1784212102.1212893,True,False,True,False,1784212055.1519608,False,True,1,0,False
1783947642.4476278,20,1784212112.1009068,37.470435645075156,0.6628007934691387,-500,True,37.5,36.5,38.6,0.95,0.05,0.0,0.7,0.03,2,1784212122.1269722,True,False,True,False,1784212055.1519608,False,True,1,0,False
1783947642.4476278,20,1784212132.1068316,37.45975432974747,0.6626100556954299,-500,True,37.5,36.5,38.6,0.95,0.05,0.0,0.7,0.03,2,1784212142.1328442,True,False,True,False,1784212055.1519608,False,True,1,0,False
1783947642.4476278,20,1784212152.1125946,37.47577630273899,0.6628770885786222,-500,True,37.5,36.5,38.6,0.95,0.05,0.0,0.7,0.03,2,1784212162.1386225,True,False,True,False,1784212055.1519608,False,True,1,0,False
1783947642.4476278,20,1784212172.1184459,37.50247959105822,0.6626482032501717,-500,True,37.5,36.5,38.6,0.95,0.05,0.0,0.7,0.03,2,1784212182.1444092,True,False,True,False,1784212055.1519608,False,1,0,0,False
1783947642.4476278,20,1784212192.1241956,37.51049057755398,0.66304875257496,-500,True,37.5,36.5,38.6,0.95,0.05,0.0,0.7,0.03,2,1784212202.1503057,True,False,True,False,1784212055.1519608,False,1,0,0,False
1783947642.4476278,20,1784212212.1301103,37.50247959105822,0.6627244983596552,-500,True,37.5,36.5,38.6,0.95,0.05,0.0,0.7,0.03,2,1784212222.1561298,True,False,True,False,1784212055.1519608,False,1,0,0,False
1783947642.4476278,20,1784212232.1359377,37.48645761806668,0.6627054245822843,-500,True,37.5,36.5,38.6,0.95,0.05,0.0,0.7,0.03,2,1784212242.1619778,True,False,True,True,1784212235.151991,False,True,1,0,False
1783947642.4476278,20,1784212252.1417296,37.49713893339437,0.6625337605859464,-500,True,37.5,36.5,38.6,0.95,0.05,0.0,0.7,0.03,2,1784212262.1677475,True,False,True,False,1784212235.151991,False,True,1,0,False
1783947642.4476278,20,1784212272.1475716,37.465094987411305,0.6626672770275426,-500,True,37.5,36.5,38.6,0.95,0.05,0.0,0.7,0.03,2,1784212282.1736283,True,False,True,False,1784212235.151991,False,True,1,0,False
1783947642.4476278,20,1784212292.1534274,37.483787289234755,0.6627054245822843,-500,True,37.5,36.5,38.6,0.95,0.05,0.0,0.7,0.03,2,1784212302.179511,True,False,True,False,1784212235.151991,False,True,1,0,False
1783947642.4476278,20,1784212312.1593106,37.49179827573053,0.6625528343633174,-500,True,37.5,36.5,38.6,0.95,0.05,0.0,0.7,0.03,2,1784212322.1854217,True,False,True,False,1784212235.151991,False,True,1,0,False
1783947642.4476278,20,1784212332.1652012,37.49713893339437,0.6628389410238803,-500,True,37.5,36.5,38.6,0.95,0.05,0.0,0.7,0.03,2,1784212342.191266,True,False,True,False,1784212235.151991,False,True,1,0,False
1783947642.4476278,20,1784212352.171084,37.507820248722055,0.6629343099107348,-500,True,37.5,36.5,38.6,0.95,0.05,0.0,0.7,0.03,2,1784212362.1971009,True,False,True,False,1784212235.151991,False,1,0,0,False
1783947642.4476278,20,1784212372.176881,37.53452353704128,0.6629915312428473,-500,True,37.5,36.5,38.6,0.95,0.05,0.0,0.7,0.03,2,1784212382.2030292,True,False,True,False,1784212235.151991,False,1,0,0,False
1783947642.4476278,20,1784212392.1827328,37.50514991989013,0.6627054245822843,-500,True,37.5,36.5,38.6,0.95,0.05,0.0,0.7,0.03,2,1784212402.2088017,True,False,True,False,1784212235.151991,False,1,0,0,False
1783947642.4476278,20,1784212412.1886554,37.470435645075156,0.6625528343633174,-500,True,37.5,36.5,38.6,0.95,0.05,0.0,0.7,0.03,2,1784212422.2147198,True,False,True,True,1784212415.1520174,False,True,1,0,False
1783947642.4476278,20,1784212432.1945808,37.45975432974747,0.6624574654764629,-500,True,37.5,36.5,38.6,0.95,0.05,0.0,0.7,0.03,2,1784212442.2206106,True,False,True,False,1784212415.1520174,False,True,1,0,False
1783947642.4476278,20,1784212452.200369,37.44907301441978,0.6628007934691387,-500,True,37.5,36.5,38.6,0.95,0.05,0.0,0.7,0.03,2,1784212462.2264009,True,False,True,False,1784212415.1520174,False,True,1,0,False
1783947642.4476278,20,1784212472.2062078,37.41702906843672,0.6624002441443504,-500,True,37.5,36.5,38.6,0.95,0.05,0.0,0.7,0.03,2,1784212482.2323453,True,False,True,False,1784212415.1520174,False,True,1,0,False
1783947642.4476278,20,1784212492.2119668,37.47310597390707,0.6625146868085756,-500,True,37.5,36.5,38.6,0.95,0.05,0.0,0.7,0.03,2,1784212502.238027,True,False,True,False,1784212415.1520174,False,True,1,0,False
1783947642.4476278,20,1784212512.217753,37.507820248722055,0.6625909819180591,-500,True,37.5,36.5,38.6,0.95,0.05,0.0,0.7,0.03,2,1784212522.2437823,True,False,True,False,1784212415.1520174,False,1,0,0,False
1783947642.4476278,20,1784212532.2236156,37.470435645075156,0.6626291294728008,-500,True,37.5,36.5,38.6,0.95,0.05,0.0,0.7,0.03,2,1784212542.2496183,True,False,True,False,1784212415.1520174,False,True,1,0,False
1783947642.4476278,20,1784212552.2294347,37.481116960402844,0.6625337605859464,-500,True,37.5,36.5,38.6,0.95,0.05,0.0,0.7,0.03,2,1784212562.255444,True,False,True,False,1784212415.1520174,False,True,1,0,False
1783947642.4476278,20,1784212572.2353055,37.507820248722055,0.6627817196917678,-500,True,37.5,36.5,38.6,0.95,0.05,0.0,0.7,0.03,2,1784212582.2614992,True,False,True,False,1784212415.1520174,False,1,0,0,False
1783947642.4476278,20,1784212592.2411265,37.50514991989013,0.6627817196917678,-500,True,37.5,36.5,38.6,0.95,0.05,0.0,0.7,0.03,2,1784212602.2671301,True,False,True,True,1784212595.1520255,False,1,0,0,False
1783947642.4476278,20,1784212612.2469735,37.48645761806668,0.6626100556954299,-500,True,37.5,36.5,38.6,0.95,0.05,0.0,0.7,0.03,2,1784212622.2730484,True,False,True,False,1784212595.1520255,False,True,1,0,False
1783947642.4476278,20,1784212632.2528007,37.45975432974747,0.6626482032501717,-500,True,37.5,36.5,38.6,0.95,0.05,0.0,0.7,0.03,2,1784212642.278853,True,False,True,False,1784212595.1520255,False,True,1,0,False
1783947642.4476278,20,1784212652.258675,37.45441367208362,0.6622858014801252,-500,True,37.5,36.5,38.6,0.95,0.05,0.0,0.7,0.03,2,1784212662.284697,True,False,True,False,1784212595.1520255,False,True,1,0,False
1783947642.4476278,20,1784212672.2644749,37.48645761806668,0.6624956130312047,-500,True,37.5,36.5,38.6,0.95,0.05,0.0,0.7,0.03,2,1784212682.2905467,True,False,True,False,1784212595.1520255,False,True,1,0,False
1783947642.4476278,20,1784212692.2703447,37.47310597390707,0.6624383916990921,-500,True,37.5,36.5,38.6,0.95,0.05,0.0,0.7,0.03,2,1784212702.2963738,True,False,True,False,1784212595.1520255,False,True,1,0,False
1783947642.4476278,20,1784212712.27616,37.507820248722055,0.6624193179217213,-500,True,37.5,36.5,38.6,0.95,0.05,0.0,0.7,0.03,2,1784212722.3022873,True,False,True,False,1784212595.1520255,False,1,0,0,False
1783947642.4476278,20,1784212732.2821069,37.49179827573053,0.6624002441443504,-500,True,37.5,36.5,38.6,0.95,0.05,0.0,0.7,0.03,2,1784212742.3082309,True,False,True,False,1784212595.1520255,False,True,1,0,False
1783947642.4476278,20,1784212752.2880983,37.49713893339437,0.6625146868085756,-500,True,37.5,36.5,38.6,0.95,0.05,0.0,0.7,0.03,2,1784212762.3142507,True,False,True,False,1784212595.1520255,False,True,1,0,False
1783947642.4476278,20,1784212772.2942634,37.48645761806668,0.6622476539253834,-500,True,37.5,36.5,38.6,0.95,0.05,0.0,0.7,0.03,2,1784212782.3203385,True,False,True,True,1784212775.152047,False,True,1,0,False
1783947642.4476278,20,1784212792.3000455,37.47844663157092,0.6624002441443504,-500,True,37.5,36.5,38.6,0.95,0.05,0.0,0.7,0.03,2,1784212802.3261633,True,False,True,False,1784212775.152047,False,True,1,0,False
1783947642.4476278,20,1784212812.3058662,37.470435645075156,0.6624002441443504,-500,True,37.5,36.5,38.6,0.95,0.05,0.0,0.7,0.03,2,1784212822.3319407,True,False,True,False,1784212775.152047,False,True,1,0,False
1783947642.4476278,20,1784212832.3117077,37.48645761806668,0.6624193179217213,-500,True,37.5,36.5,38.6,0.95,0.05,0.0,0.7,0.03,2,1784212842.337853,True,False,True,False,1784212775.152047,False,True,1,0,False
1783947642.4476278,20,1784212852.3174963,37.48645761806668,0.6622285801480124,-500,True,37.5,36.5,38.6,0.95,0.05,0.0,0.7,0.03,2,1784212862.3436854,True,False,True,False,1784212775.152047,False,True,1,0,False
1783947642.4476278,20,1784212872.3233743,37.49179827573053,0.6625337605859464,-500,True,37.5,36.5,38.6,0.95,0.05,0.0,0.7,0.03,2,1784212882.3493721,True,False,True,False,1784212775.152047,False,True,1,0,False
1783947642.4476278,20,1784212892.3291907,37.52117189288167,0.6624383916990921,-500,True,37.5,36.5,38.6,0.95,0.05,0.0,0.7,0.03,2,1784212902.3552248,True,False,True,False,1784212775.152047,False,1,0,0,False
1783947642.4476278,20,1784212912.3350303,37.49179827573053,0.6627817196917678,-500,True,37.5,36.5,38.6,0.95,0.05,0.0,0.7,0.03,2,1784212922.3610055,True,False,True,False,1784212775.152047,False,True,1,0,False
1783947642.4476278,20,1784212932.340771,37.50247959105822,0.6622285801480124,-500,True,37.5,36.5,38.6,0.95,0.05,0.0,0.7,0.03,2,1784212942.366753,True,False,True,False,1784212775.152047,False,1,0,0,False
1783947642.4476278,20,1784212952.3465726,37.48645761806668,0.6624956130312047,-500,True,37.5,36.5,38.6,0.95,0.05,0.0,0.7,0.03,2,1784212962.372672,True,False,True,True,1784212955.1520627,False,True,1,0,False
1783947642.4476278,20,1784212972.3522866,37.45441367208362,0.6628389410238803,-500,True,37.5,36.5,38.6,0.95,0.05,0.0,0.7,0.03,2,1784212982.378339,True,False,True,False,1784212955.1520627,False,True,1,0,False
1783947642.4476278,20,1784212992.3581414,37.45174334325169,0.6622476539253834,-500,True,37.5,36.5,38.6,0.95,0.05,0.0,0.7,0.03,2,1784213002.3842268,True,False,True,False,1784212955.1520627,False,True,1,0,False
1783947642.4476278,20,1784213012.3640249,37.44907301441978,0.6624383916990921,-500,True,37.5,36.5,38.6,0.95,0.05,0.0,0.7,0.03,2,1784213022.3900828,True,False,True,False,1784212955.1520627,False,True,1,0,False
1783947642.4476278,20,1784213032.3698668,37.45441367208362,0.662152285038529,-500,True,37.5,36.5,38.6,0.95,0.05,0.0,0.7,0.03,2,1784213042.3958986,True,False,True,False,1784212955.1520627,False,True,1,0,False
1783947642.4476278,20,1784213052.3756897,37.47577630273899,0.6624956130312047,-500,True,37.5,36.5,38.6,0.95,0.05,0.0,0.7,0.03,2,1784213062.4019163,True,False,True,False,1784212955.1520627,False,True,1,0,False
1783947642.4476278,20,1784213072.381499,37.507820248722055,0.6623811703669794,-500,True,37.5,36.5,38.6,0.95,0.05,0.0,0.7,0.03,2,1784213082.4076679,True,False,True,False,1784212955.1520627,False,1,0,0,False
1783947642.4476278,20,1784213092.3875065,37.51049057755398,0.6624574654764629,-500,True,37.5,36.5,38.6,0.95,0.05,0.0,0.7,0.03,2,1784213102.418032,True,False,True,False,1784212955.1520627,False,1,0,0,False
1783947642.4476278,20,1784213112.3978703,37.49713893339437,0.6622285801480124,-500,True,37.5,36.5,38.6,0.95,0.05,0.0,0.7,0.03,2,1784213122.42386,True,False,True,False,1784212955.1520627,False,True,1,0,False
1783947642.4476278,20,1784213132.4036634,37.49179827573053,0.6626291294728008,-500,True,37.5,36.5,38.6,0.95,0.05,0.0,0.7,0.03,2,1784213142.4296997,True,False,True,True,1784213135.1520834,False,True,1,0,False
1783947642.4476278,20,1784213152.409479,37.465094987411305,0.6624765392538339,-500,True,37.5,36.5,38.6,0.95,0.05,0.0,0.7,0.03,2,1784213162.4354699,True,False,True,False,1784213135.1520834,False,True,1,0,False
1783947642.4476278,20,1784213172.4153214,37.47577630273899,0.6623048752574959,-500,True,37.5,36.5,38.6,0.95,0.05,0.0,0.7,0.03,2,1784213182.4413536,True,False,True,False,1784213135.1520834,False,True,1,0,False
1783947642.4476278,20,1784213192.421164,37.47310597390707,0.6622858014801252,-500,True,37.5,36.5,38.6,0.95,0.05,0.0,0.7,0.03,2,1784213202.447205,True,False,True,False,1784213135.1520834,False,True,1,0,False
1783947642.4476278,20,1784213212.4270136,37.470435645075156,0.662152285038529,-500,True,37.5,36.5,38.6,0.95,0.05,0.0,0.7,0.03,2,1784213222.453036,True,False,True,False,1784213135.1520834,False,True,1,0,False
1783947642.4476278,20,1784213232.4328072,37.48645761806668,0.6626672770275426,-500,True,37.5,36.5,38.6,0.95,0.05,0.0,0.7,0.03,2,1784213242.4588258,True,False,True,False,1784213135.1520834,False,True,1,0,False
1783947642.4476278,20,1784213252.4386644,37.507820248722055,0.6622476539253834,-500,True,37.5,36.5,38.6,0.95,0.05,0.0,0.7,0.03,2,1784213262.464669,True,False,True,False,1784213135.1520834,False,1,0,0,False
1783947642.4476278,20,1784213272.4444458,37.49179827573053,0.6625337605859464,-500,True,37.5,36.5,38.6,0.95,0.05,0.0,0.7,0.03,2,1784213282.4705725,True,False,True,False,1784213135.1520834,False,True,1,0,False
1783947642.4476278,20,1784213292.4503303,37.50514991989013,0.6623430228122378,-500,True,37.5,36.5,38.6,0.95,0.05,0.0,0.7,0.03,2,1784213302.476334,True,False,True,False,1784213135.1520834,False,1,0,0,False
1783947642.4476278,20,1784213312.456156,37.45975432974747,0.662018768596933,-500,True,37.5,36.5,38.6,0.95,0.05,0.0,0.7,0.03,2,1784213322.4822278,True,False,True,True,1784213315.1520944,False,True,1,0,False
1783947642.4476278,20,1784213332.4620516,37.45975432974747,0.6620569161516747,-500,True,37.5,36.5,38.6,0.95,0.05,0.0,0.7,0.03,2,1784213342.4880586,True,False,True,False,1784213315.1520944,False,True,1,0,False
1783947642.4476278,20,1784213352.4678712,37.438391699092094,0.6625528343633174,-500,True,37.5,36.5,38.6,0.95,0.05,0.0,0.7,0.03,2,1784213362.494048,True,False,True,False,1784213315.1520944,False,True,1,0,False
1783947642.4476278,20,1784213372.4737892,37.45975432974747,0.6623620965896087,-500,True,37.5,36.5,38.6,0.95,0.05,0.0,0.7,0.03,2,1784213382.4998257,True,False,True,False,1784213315.1520944,False,True,1,0,False
1783947642.4476278,20,1784213392.4796538,37.483787289234755,0.6621904325932708,-500,True,37.5,36.5,38.6,0.95,0.05,0.0,0.7,0.03,2,1784213402.5056694,True,False,True,False,1784213315.1520944,False,True,1,0,False
1783947642.4476278,20,1784213412.4854894,37.48645761806668,0.6623239490348669,-500,True,37.5,36.5,38.6,0.95,0.05,0.0,0.7,0.03,2,1784213422.5115314,True,False,True,False,1784213315.1520944,False,True,1,0,False
1783947642.4476278,20,1784213432.4913619,37.507820248722055,0.6625528343633174,-500,True,37.5,36.5,38.6,0.95,0.05,0.0,0.7,0.03,2,1784213442.5174842,True,False,True,False,1784213315.1520944,False,1,0,0,False
1783947642.4476278,20,1784213452.4971573,37.513160906385906,0.6623239490348669,-500,True,37.5,36.5,38.6,0.95,0.05,0.0,0.7,0.03,2,1784213462.5232227,True,False,True,False,1784213315.1520944,False,1,0,0,False
1783947642.4476278,20,1784213472.5030751,37.48645761806668,0.6621904325932708,-500,True,37.5,36.5,38.6,0.95,0.05,0.0,0.7,0.03,2,1784213482.5291855,True,False,True,False,1784213315.1520944,False,True,1,0,False
1783947642.4476278,20,1784213492.5089831,37.49980926222629,0.6623430228122378,-500,True,37.5,36.5,38.6,0.95,0.05,0.0,0.7,0.03,2,1784213502.5350413,True,False,True,True,1784213495.1521,False,True,1,0,False
1783947642.4476278,20,1784213512.5148594,37.45975432974747,0.6626100556954299,-500,True,37.5,36.5,38.6,0.95,0.05,0.0,0.7,0.03,2,1784213522.5408533,True,False,True,False,1784213495.1521,False,True,1,0,False
1783947642.4476278,20,1784213532.5206816,37.470435645075156,0.6625146868085756,-500,True,37.5,36.5,38.6,0.95,0.05,0.0,0.7,0.03,2,1784213542.5469506,True,False,True,False,1784213495.1521,False,True,1,0,False
1783947642.4476278,20,1784213552.5265965,37.470435645075156,0.6623811703669794,-500,True,37.5,36.5,38.6,0.95,0.05,0.0,0.7,0.03,2,1784213562.5525897,True,False,True,False,1784213495.1521,False,True,1,0,False
1783947642.4476278,20,1784213572.5323477,37.48645761806668,0.6623239490348669,-500,True,37.5,36.5,38.6,0.95,0.05,0.0,0.7,0.03,2,1784213582.5584378,True,False,True,False,1784213495.1521,False,True,1,0,False
1783947642.4476278,20,1784213592.538264,37.489127946898606,0.6621904325932708,-500,True,37.5,36.5,38.6,0.95,0.05,0.0,0.7,0.03,2,1784213602.564287,True,False,True,False,1784213495.1521,False,True,1,0,False
1783947642.4476278,20,1784213612.5440917,37.52918287937743,0.6624193179217213,-500,True,37.5,36.5,38.6,0.95,0.05,0.0,0.7,0.03,2,1784213622.5701504,True,False,True,False,1784213495.1521,False,1,0,0,False
1783947642.4476278,20,1784213632.5499694,37.507820248722055,0.6624002441443504,-500,True,37.5,36.5,38.6,0.95,0.05,0.0,0.7,0.03,2,1784213642.575917,True,False,True,False,1784213495.1521,False,1,0,0,False
1783947642.4476278,20,1784213652.5557513,37.47577630273899,0.662018768596933,-500,True,37.5,36.5,38.6,0.95,0.05,0.0,0.7,0.03,2,1784213662.5818007,True,False,True,False,1784213495.1521,False,True,1,0,False
1783947642.4476278,20,1784213672.5615463,37.45975432974747,0.6625719081406882,-500,True,37.5,36.5,38.6,0.95,0.05,0.0,0.7,0.03,2,1784213682.5875635,True,False,True,True,1784213675.1521268,False,True,1,0,False
1783947642.4476278,20,1784213692.5673382,37.45174334325169,0.6622858014801252,-500,True,37.5,36.5,38.6,0.95,0.05,0.0,0.7,0.03,2,1784213702.5933526,True,False,True,False,1784213675.1521268,False,True,1,0,False
1783947642.4476278,20,1784213712.5731301,37.44373235675593,0.6621141374837873,-500,True,37.5,36.5,38.6,0.95,0.05,0.0,0.7,0.03,2,1784213722.5992267,True,False,True,False,1784213675.1521268,False,True,1,0,False
1783947642.4476278,20,1784213732.578989,37.48645761806668,0.6620759899290455,-500,True,37.5,36.5,38.6,0.95,0.05,0.0,0.7,0.03,2,1784213742.6050568,True,False,True,False,1784213675.1521268,False,True,1,0,False
1783947642.4476278,20,1784213752.5848672,37.470435645075156,0.6620378423743039,-500,True,37.5,36.5,38.6,0.95,0.05,0.0,0.7,0.03,2,1784213762.6109242,True,False,True,False,1784213675.1521268,False,True,1,0,False
1783947642.4476278,20,1784213772.5907557,37.49713893339437,0.6625337605859464,-500,True,37.5,36.5,38.6,0.95,0.05,0.0,0.7,0.03,2,1784213782.6167824,True,False,True,False,1784213675.1521268,False,True,1,0,False
1783947642.4476278,20,1784213792.5965834,37.52117189288167,0.6623811703669794,-500,True,37.5,36.5,38.6,0.95,0.05,0.0,0.7,0.03,2,1784213802.622647,True,False,True,False,1784213675.1521268,False,1,0,0,False
1783947642.4476278,20,1784213812.6024637,37.49179827573053,0.6623239490348669,-500,True,37.5,36.5,38.6,0.95,0.05,0.0,0.7,0.03,2,1784213822.6284447,True,False,True,False,1784213675.1521268,False,True,1,0,False
1783947642.4476278,20,1784213832.6082253,37.50247959105822,0.6621332112611582,-500,True,37.5,36.5,38.6,0.95,0.05,0.0,0.7,0.03,2,1784213842.634238,True,False,True,False,1784213675.1521268,False,1,0,0,False
1783947642.4476278,20,1784213852.6140614,37.48645761806668,0.6622476539253834,-500,True,37.5,36.5,38.6,0.95,0.05,0.0,0.7,0.03,2,1784213862.640072,True,False,True,True,1784213855.1521344,False,True,1,0,False
1783947642.4476278,20,1784213872.619942,37.470435645075156,0.6620950637064165,-500,True,37.5,36.5,38.6,0.95,0.05,0.0,0.7,0.03,2,1784213882.6461906,True,False,True,False,1784213855.1521344,False,True,1,0,False
1783947642.4476278,20,1784213892.6260238,37.47844663157092,0.6623048752574959,-500,True,37.5,36.5,38.6,0.95,0.05,0.0,0.7,0.03,2,1784213902.6520474,True,False,True,False,1784213855.1521344,False,True,1,0,False
1783947642.4476278,20,1784213912.6318395,37.49179827573053,0.6624002441443504,-500,True,37.5,36.5,38.6,0.95,0.05,0.0,0.7,0.03,2,1784213922.6580596,True,False,True,False,1784213855.1521344,False,True,1,0,False
1783947642.4476278,20,1784213932.6376686,37.49713893339437,0.6622285801480124,-500,True,37.5,36.5,38.6,0.95,0.05,0.0,0.7,0.03,2,1784213942.6637275,True,False,True,False,1784213855.1521344,False,True,1,0,False
1783947642.4476278,20,1784213952.6435528,37.49713893339437,0.6620950637064165,-500,True,37.5,36.5,38.6,0.95,0.05,0.0,0.7,0.03,2,1784213962.6695952,True,False,True,False,1784213855.1521344,False,True,1,0,False
1783947642.4476278,20,1784213972.6493647,37.50247959105822,0.662018768596933,-500,True,37.5,36.5,38.6,0.95,0.05,0.0,0.7,0.03,2,1784213982.6753926,True,False,True,False,1784213855.1521344,False,1,0,0,False
1783947642.4476278,20,1784213992.655242,37.51049057755398,0.6619615472648204,-500,True,37.5,36.5,38.6,0.95,0.05,0.0,0.7,0.03,2,1784214002.6812766,True,False,True,False,1784213855.1521344,False,1,0,0,False
1783947642.4476278,20,1784214012.6610982,37.48645761806668,0.6619615472648204,-500,True,37.5,36.5,38.6,0.95,0.05,0.0,0.7,0.03,2,1784214022.6878662,False,True,True,False,1784213855.1521344,False,True,1,0,False
1783947642.4476278,20,1784214032.6674125,37.422369726100555,0.6620378423743039,-500,True,37.5,36.5,38.6,0.95,0.05,0.0,0.7,0.03,2,1784214042.6935713,False,True,True,True,1784214035.1521633,False,True,1,0,False
1783947642.4476278,20,1784214052.673239,37.395666437781344,0.6619424734874495,-500,True,37.5,36.5,38.6,0.95,0.05,0.0,0.7,0.03,2,1784214062.6992652,False,True,True,False,1784214035.1521633,False,True,1,0,False
1783947642.4476278,20,1784214072.6790833,37.37430380712597,0.6620950637064165,-500,True,37.5,36.5,38.6,0.95,0.05,0.0,0.7,0.03,2,1784214082.7051263,False,True,True,False,1784214035.1521633,False,True,1,0,False
1783947642.4476278,20,1784214092.6850367,37.38765545128557,0.6617517357137408,-500,True,37.5,36.5,38.6,0.95,0.05,0.0,0.7,0.03,2,1784214102.711082,False,True,True,False,1784214035.1521633,False,True,1,0,False
1783947642.4476278,20,1784214112.6909025,37.422369726100555,0.6620378423743039,-500,True,37.5,36.5,38.6,0.95,0.05,0.0,0.7,0.03,2,1784214122.7170138,False,True,True,False,1784214035.1521633,False,True,1,0,False
1783947642.4476278,20,1784214132.696789,37.44373235675593,0.6622476539253834,-500,True,37.5,36.5,38.6,0.95,0.05,0.0,0.7,0.03,2,1784214142.7228708,False,True,True,False,1784214035.1521633,False,True,1,0,False
1783947642.4476278,20,1784214152.7026827,37.44373235675593,0.6622667277027543,-500,True,37.5,36.5,38.6,0.95,0.05,0.0,0.7,0.03,2,1784214162.7287865,False,True,True,False,1784214035.1521633,False,True,1,0,False
1783947642.4476278,20,1784214172.7087178,37.45441367208362,0.6621713588159,-500,True,37.5,36.5,38.6,0.95,0.05,0.0,0.7,0.03,2,1784214182.735014,False,True,True,False,1784214035.1521633,False,True,1,0,False
1783947642.4476278,20,1784214192.7148876,37.489127946898606,0.6623239490348669,-500,True,37.5,36.5,38.6,0.95,0.05,0.0,0.7,0.03,2,1784214202.7409768,False,True,True,False,1784214035.1521633,False,True,1,0,False
1783947642.4476278,20,1784214212.7206383,37.48645761806668,0.6620759899290455,-500,True,37.5,36.5,38.6,0.95,0.05,0.0,0.7,0.03,2,1784214222.7467918,False,True,True,True,1784214215.1522002,False,True,1,0,False
1783947642.4476278,20,1784214232.726558,37.47577630273899,0.6619806210421912,-500,True,37.5,36.5,38.6,0.95,0.05,0.0,0.7,0.03,2,1784214242.7525995,False,True,True,False,1784214215.1522002,False,True,1,0,False
1783947642.4476278,20,1784214252.732269,37.470435645075156,0.6619233997100785,-500,True,37.5,36.5,38.6,0.95,0.05,0.0,0.7,0.03,2,1784214262.7586467,False,True,True,False,1784214215.1522002,False,True,1,0,False
1783947642.4476278,20,1784214272.7384377,37.48645761806668,0.6621332112611582,-500,True,37.5,36.5,38.6,0.95,0.05,0.0,0.7,0.03,2,1784214282.764412,False,True,True,False,1784214215.1522002,False,True,1,0,False
1783947642.4476278,20,1784214292.7441864,37.49980926222629,0.6622285801480124,-500,True,37.5,36.5,38.6,0.95,0.05,0.0,0.7,0.03,2,1784214302.770253,False,True,True,False,1784214215.1522002,False,True,1,0,False
1783947642.4476278,20,1784214312.7500186,37.52384222171359,0.6621332112611582,-500,True,37.5,36.5,38.6,0.95,0.05,0.0,0.7,0.03,2,1784214322.776007,False,True,True,False,1784214215.1522002,False,1,0,0,False
1783947642.4476278,20,1784214332.7558625,37.507820248722055,0.6621141374837873,-500,True,37.5,36.5,38.6,0.95,0.05,0.0,0.7,0.03,2,1784214342.781972,False,True,True,False,1784214215.1522002,False,1,0,0,False
1783947642.4476278,20,1784214352.7617419,37.507820248722055,0.6621141374837873,-500,True,37.5,36.5,38.6,0.95,0.05,0.0,0.7,0.03,2,1784214362.7877495,False,True,True,False,1784214215.1522002,False,1,0,0,False
1783947642.4476278,20,1784214372.7675803,37.49713893339437,0.661999694819562,-500,True,37.5,36.5,38.6,0.95,0.05,0.0,0.7,0.03,2,1784214382.793652,False,True,True,False,1784214215.1522002,False,True,1,0,False
1783947642.4476278,20,1784214392.77342,37.47310597390707,0.6619806210421912,-500,True,37.5,36.5,38.6,0.95,0.05,0.0,0.7,0.03,2,1784214402.7997031,False,True,True,True,1784214395.1522255,False,True,1,0,False
1783947642.4476278,20,1784214412.7792614,37.43305104142824,0.662018768596933,-500,True,37.5,36.5,38.6,0.95,0.05,0.0,0.7,0.03,2,1784214422.8053079,False,True,True,False,1784214395.1522255,False,True,1,0,False
1783947642.4476278,20,1784214432.7851162,37.43305104142824,0.662018768596933,-500,True,37.5,36.5,38.6,0.95,0.05,0.0,0.7,0.03,2,1784214442.8111386,False,True,True,False,1784214395.1522255,False,True,1,0,False
1783947642.4476278,20,1784214452.7910287,37.44907301441978,0.6620569161516747,-500,True,37.5,36.5,38.6,0.95,0.05,0.0,0.7,0.03,2,1784214462.8172355,False,True,True,False,1784214395.1522255,False,True,1,0,False
1783947642.4476278,20,1784214472.7969248,37.45975432974747,0.6619615472648204,-500,True,37.5,36.5,38.6,0.95,0.05,0.0,0.7,0.03,2,1784214482.8230224,False,True,True,False,1784214395.1522255,False,True,1,0,False
1783947642.4476278,20,1784214492.8028853,37.483787289234755,0.661999694819562,-500,True,37.5,36.5,38.6,0.95,0.05,0.0,0.7,0.03,2,1784214502.8292577,False,True,True,False,1784214395.1522255,False,True,1,0,False
1783947642.4476278,20,1784214512.8088753,37.49713893339437,0.6617708094911116,-500,True,37.5,36.5,38.6,0.95,0.05,0.0,0.7,0.03,2,1784214522.8349347,False,True,True,False,1784214395.1522255,False,True,1,0,False
1783947642.4476278,20,1784214532.8147619,37.50247959105822,0.6620950637064165,-500,True,37.5,36.5,38.6,0.95,0.05,0.0,0.7,0.03,2,1784214542.8408244,False,True,True,False,1784214395.1522255,False,1,0,0,False
1783947642.4476278,20,1784214552.8206146,37.52384222171359,0.6617517357137408,-500,True,37.5,36.5,38.6,0.95,0.05,0.0,0.7,0.03,2,1784214562.8466067,False,True,True,False,1784214395.1522255,False,1,0,0,False
1783947642.4476278,20,1784214572.8264372,37.49713893339437,0.6620569161516747,-500,True,37.5,36.5,38.6,0.95,0.05,0.0,0.7,0.03,2,1784214582.852396,False,True,True,True,1784214575.1522462,False,True,1,0,False
1783947642.4476278,20,1784214592.832217,37.46242465857938,0.6619615472648204,-500,True,37.5,36.5,38.6,0.95,0.05,0.0,0.7,0.03,2,1784214602.8583198,False,True,True,False,1784214575.1522462,False,True,1,0,False
1783947642.4476278,20,1784214612.8381486,37.43305104142824,0.6622285801480124,-500,True,37.5,36.5,38.6,0.95,0.05,0.0,0.7,0.03,2,1784214622.8641813,False,True,True,False,1784214575.1522462,False,True,1,0,False
1783947642.4476278,20,1784214632.8439713,37.44373235675593,0.6618852521553369,-500,True,37.5,36.5,38.6,0.95,0.05,0.0,0.7,0.03,2,1784214642.870028,False,True,True,False,1784214575.1522462,False,True,1,0,False
1783947642.4476278,20,1784214652.8497949,37.49713893339437,0.6620569161516747,-500,True,37.5,36.5,38.6,0.95,0.05,0.0,0.7,0.03,2,1784214662.875859,False,True,True,False,1784214575.1522462,False,True,1,0,False
1783947642.4476278,20,1784214672.8556838,37.481116960402844,0.6617898832684825,-500,True,37.5,36.5,38.6,0.95,0.05,0.0,0.7,0.03,2,1784214682.8817072,False,True,True,False,1784214575.1522462,False,True,1,0,False
1783947642.4476278,20,1784214692.8614614,37.489127946898606,0.6619043259327078,-500,True,37.5,36.5,38.6,0.95,0.05,0.0,0.7,0.03,2,1784214702.8874507,False,True,True,False,1784214575.1522462,False,True,1,0,False
1783947642.4476278,20,1784214712.8672438,37.513160906385906,0.662152285038529,-500,True,37.5,36.5,38.6,0.95,0.05,0.0,0.7,0.03,2,1784214722.893238,False,True,True,False,1784214575.1522462,False,1,0,0,False
1783947642.4476278,20,1784214732.8730764,37.513160906385906,0.6620378423743039,-500,True,37.5,36.5,38.6,0.95,0.05,0.0,0.7,0.03,2,1784214742.899185,False,True,True,False,1784214575.1522462,False,1,0,0,False
1783947642.4476278,20,1784214752.879043,37.48645761806668,0.6619043259327078,-500,True,37.5,36.5,38.6,0.95,0.05,0.0,0.7,0.03,2,1784214762.9051054,False,True,True,True,1784214755.1522524,False,True,1,0,False
1783947642.4476278,20,1784214772.8849223,37.44373235675593,0.6619615472648204,-500,True,37.5,36.5,38.6,0.95,0.05,0.0,0.7,0.03,2,1784214782.9109147,False,True,True,False,1784214755.1522524,False,True,1,0,False
1783947642.4476278,20,1784214792.8907573,37.43572137026017,0.6619424734874495,-500,True,37.5,36.5,38.6,0.95,0.05,0.0,0.7,0.03,2,1784214802.9168315,False,True,True,False,1784214755.1522524,False,True,1,0,False
1783947642.4476278,20,1784214812.8965921,37.43305104142824,0.6617898832684825,-500,True,37.5,36.5,38.6,0.95,0.05,0.0,0.7,0.03,2,1784214822.9226568,False,True,True,False,1784214755.1522524,False,True,1,0,False
1783947642.4476278,20,1784214832.9025185,37.470435645075156,0.6615228503852904,-500,True,37.5,36.5,38.6,0.95,0.05,0.0,0.7,0.03,2,1784214842.9284973,False,True,True,False,1784214755.1522524,False,True,1,0,False
1783947642.4476278,20,1784214852.9082832,37.470435645075156,0.6619615472648204,-500,True,37.5,36.5,38.6,0.95,0.05,0.0,0.7,0.03,2,1784214862.9343061,False,True,True,False,1784214755.1522524,False,True,1,0,False
1783947642.4476278,20,1784214872.9141538,37.48645761806668,0.6617898832684825,-500,True,37.5,36.5,38.6,0.95,0.05,0.0,0.7,0.03,2,1784214882.9402955,False,True,True,False,1784214755.1522524,False,True,1,0,False
1783947642.4476278,20,1784214892.9199548,37.52117189288167,0.6620569161516747,-500,True,37.5,36.5,38.6,0.95,0.05,0.0,0.7,0.03,2,1784214902.9460006,False,True,True,False,1784214755.1522524,False,1,0,0,False
1783947642.4476278,20,1784214912.9257731,37.507820248722055,0.6622476539253834,-500,True,37.5,36.5,38.6,0.95,0.05,0.0,0.7,0.03,2,1784214922.951811,False,True,True,False,1784214755.1522524,False,1,0,0,False
1783947642.4476278,20,1784214932.9316356,37.48645761806668,0.6616754406042573,-500,True,37.5,36.5,38.6,0.95,0.05,0.0,0.7,0.03,2,1784214942.9576404,False,True,True,True,1784214935.152263,False,True,1,0,False
1783947642.4476278,20,1784214952.9374492,37.470435645075156,0.6621713588159,-500,True,37.5,36.5,38.6,0.95,0.05,0.0,0.7,0.03,2,1784214962.9635253,False,True,True,False,1784214935.152263,False,True,1,0,False
1783947642.4476278,20,1784214972.943333,37.438391699092094,0.6616372930495156,-500,True,37.5,36.5,38.6,0.95,0.05,0.0,0.7,0.03,2,1784214982.9695008,False,True,True,False,1784214935.152263,False,True,1,0,False
1783947642.4476278,20,1784214992.949131,37.45708400091554,0.6617517357137408,-500,True,37.5,36.5,38.6,0.95,0.05,0.0,0.7,0.03,2,1784215002.9751894,False,True,True,False,1784214935.152263,False,True,1,0,False
1783947642.4476278,20,1784215012.9550354,37.44907301441978,0.661866178377966,-500,True,37.5,36.5,38.6,0.95,0.05,0.0,0.7,0.03,2,1784215022.9812016,False,True,True,False,1784214935.152263,False,True,1,0,False
1783947642.4476278,20,1784215032.9609625,37.45441367208362,0.6619043259327078,-500,True,37.5,36.5,38.6,0.95,0.05,0.0,0.7,0.03,2,1784215042.9870749,False,True,True,False,1784214935.152263,False,True,1,0,False
1783947642.4476278,20,1784215052.9669883,37.49179827573053,0.6618089570458534,-500,True,37.5,36.5,38.6,0.95,0.05,0.0,0.7,0.03,2,1784215062.993053,False,True,True,False,1784214935.152263,False,True,1,0,False
1783947642.4476278,20,1784215072.9727952,37.52384222171359,0.6621141374837873,-500,True,37.5,36.5,38.6,0.95,0.05,0.0,0.7,0.03,2,1784215082.998891,False,True,True,False,1784214935.152263,False,1,0,0,False
1783947642.4476278,20,1784215092.9786804,37.47844663157092,0.6620950637064165,-500,True,37.5,36.5,38.6,0.95,0.05,0.0,0.7,0.03,2,1784215103.0047705,False,True,True,False,1784214935.152263,False,True,1,0,False
1783947642.4476278,20,1784215112.9845407,37.470435645075156,0.6614465552758069,-500,True,37.5,36.5,38.6,0.95,0.05,0.0,0.7,0.03,2,1784215123.0107558,False,True,True,True,1784215115.1522791,False,True,1,0,False
1783947642.4476278,20,1784215132.9905038,37.470435645075156,0.6616563668268864,-500,True,37.5,36.5,38.6,0.95,0.05,0.0,0.7,0.03,2,1784215143.0166457,False,True,True,False,1784215115.1522791,False,True,1,0,False
1783947642.4476278,20,1784215152.9963233,37.49713893339437,0.6619043259327078,-500,True,37.5,36.5,38.6,0.95,0.05,0.0,0.7,0.03,2,1784215163.0225646,False,True,True,False,1784215115.1522791,False,True,1,0,False
1783947642.4476278,20,1784215173.002303,37.49713893339437,0.6617517357137408,-500,True,37.5,36.5,38.6,0.95,0.05,0.0,0.7,0.03,2,1784215183.0283413,False,True,True,False,1784215115.1522791,False,True,1,0,False
1783947642.4476278,20,1784215193.0080926,37.52117189288167,0.6619615472648204,-500,True,37.5,36.5,38.6,0.95,0.05,0.0,0.7,0.03,2,1784215203.034149,False,True,True,False,1784215115.1522791,False,1,0,0,False
1783947642.4476278,20,1784215213.0139453,37.513160906385906,0.6615419241626611,-500,True,37.5,36.5,38.6,0.95,0.05,0.0,0.7,0.03,2,1784215223.0399177,False,True,True,False,1784215115.1522791,False,1,0,0,False
1783947642.4476278,20,1784215233.0197675,37.48645761806668,0.6617326619363699,-500,True,37.5,36.5,38.6,0.95,0.05,0.0,0.7,0.03,2,1784215243.04589,False,True,True,False,1784215115.1522791,False,True,1,0,False
1783947642.4476278,20,1784215253.0256152,37.48645761806668,0.6617517357137408,-500,True,37.5,36.5,38.6,0.95,0.05,0.0,0.7,0.03,2,1784215263.0516572,False,True,True,False,1784215115.1522791,False,True,1,0,False
1783947642.4476278,20,1784215273.0314398,37.48645761806668,0.6616754406042573,-500,True,37.5,36.5,38.6,0.95,0.05,0.0,0.7,0.03,2,1784215283.057445,False,True,True,False,1784215115.1522791,False,True,1,0,False
1783947642.4476278,20,1784215293.0372677,37.46242465857938,0.661866178377966,-500,True,37.5,36.5,38.6,0.95,0.05,0.0,0.7,0.03,2,1784215303.063347,False,True,True,True,1784215295.152315,False,True,1,0,False
1783947642.4476278,20,1784215313.043235,37.45975432974747,0.661866178377966,-500,True,37.5,36.5,38.6,0.95,0.05,0.0,0.7,0.03,2,1784215323.0692482,False,True,True,False,1784215295.152315,False,True,1,0,False
1783947642.4476278,20,1784215333.0490375,37.470435645075156,0.6618852521553369,-500,True,37.5,36.5,38.6,0.95,0.05,0.0,0.7,0.03,2,1784215343.0750165,False,True,True,False,1784215295.152315,False,True,1,0,False
1783947642.4476278,20,1784215353.0548787,37.48645761806668,0.661847104600595,-500,True,37.5,36.5,38.6,0.95,0.05,0.0,0.7,0.03,2,1784215363.0810604,False,True,True,False,1784215295.152315,False,True,1,0,False
1783947642.4476278,20,1784215373.0607536,37.507820248722055,0.6616563668268864,-500,True,37.5,36.5,38.6,0.95,0.05,0.0,0.7,0.03,2,1784215383.0867958,False,True,True,False,1784215295.152315,False,1,0,0,False
1783947642.4476278,20,1784215393.0665994,37.51049057755398,0.6616945143816281,-500,True,37.5,36.5,38.6,0.95,0.05,0.0,0.7,0.03,2,1784215403.092565,False,True,True,False,1784215295.152315,False,1,0,0,False
1783947642.4476278,20,1784215413.072353,37.52384222171359,0.6617898832684825,-500,True,37.5,36.5,38.6,0.95,0.05,0.0,0.7,0.03,2,1784215423.0983608,False,True,True,False,1784215295.152315,False,1,0,0,False
1783947642.4476278,20,1784215433.0782125,37.52384222171359,0.6617517357137408,-500,True,37.5,36.5,38.6,0.95,0.05,0.0,0.7,0.03,2,1784215443.1042473,False,True,True,False,1784215295.152315,False,1,0,0,False
1783947642.4476278,20,1784215453.0841408,37.48645761806668,0.6617708094911116,-500,True,37.5,36.5,38.6,0.95,0.05,0.0,0.7,0.03,2,1784215463.110423,False,True,True,False,1784215295.152315,False,True,1,0,False
1783947642.4476278,20,1784215473.0900807,37.48645761806668,0.6616754406042573,-500,True,37.5,36.5,38.6,0.95,0.05,0.0,0.7,0.03,2,1784215483.1160936,False,True,True,True,1784215475.152321,False,True,1,0,False
1783947642.4476278,20,1784215493.0959466,37.41435873960479,0.6614656290531776,-500,True,37.5,36.5,38.6,0.95,0.05,0.0,0.7,0.03,2,1784215503.1220107,False,True,True,False,1784215475.152321,False,True,1,0,False
1783947642.4476278,20,1784215513.1018429,37.422369726100555,0.661580071717403,-500,True,37.5,36.5,38.6,0.95,0.05,0.0,0.7,0.03,2,1784215523.1278474,False,True,True,False,1784215475.152321,False,True,1,0,False
1783947642.4476278,20,1784215533.1076407,37.44373235675593,0.6616563668268864,-500,True,37.5,36.5,38.6,0.95,0.05,0.0,0.7,0.03,2,1784215543.133641,False,True,True,False,1784215475.152321,False,True,1,0,False
1783947642.4476278,20,1784215553.1134224,37.481116960402844,0.6619043259327078,-500,True,37.5,36.5,38.6,0.95,0.05,0.0,0.7,0.03,2,1784215563.1394238,False,True,True,False,1784215475.152321,False,True,1,0,False
1783947642.4476278,20,1784215573.119265,37.49713893339437,0.6616945143816281,-500,True,37.5,36.5,38.6,0.95,0.05,0.0,0.7,0.03,2,1784215583.1452966,False,True,True,False,1784215475.152321,False,True,1,0,False
1783947642.4476278,20,1784215593.1251235,37.49980926222629,0.6618280308232243,-500,True,37.5,36.5,38.6,0.95,0.05,0.0,0.7,0.03,2,1784215603.151218,False,True,True,False,1784215475.152321,False,True,1,0,False
1783947642.4476278,20,1784215613.1310182,37.52384222171359,0.6614847028305486,-500,True,37.5,36.5,38.6,0.95,0.05,0.0,0.7,0.03,2,1784215623.1569998,False,True,True,False,1784215475.152321,False,1,0,0,False
1783947642.4476278,20,1784215633.1367943,37.507820248722055,0.6617326619363699,-500,True,37.5,36.5,38.6,0.95,0.05,0.0,0.7,0.03,2,1784215643.1628063,False,True,True,False,1784215475.152321,False,1,0,0,False
1783947642.4476278,20,1784215653.1426497,37.49713893339437,0.661713588158999,-500,True,37.5,36.5,38.6,0.95,0.05,0.0,0.7,0.03,2,1784215663.1686454,False,True,True,True,1784215655.152344,False,True,1,0,False
1783947642.4476278,20,1784215673.1484015,37.45975432974747,0.6619424734874495,-500,True,37.5,36.5,38.6,0.95,0.05,0.0,0.7,0.03,2,1784215683.1744537,False,True,True,False,1784215655.152344,False,True,1,0,False
1783947642.4476278,20,1784215693.1542642,37.446402685587856,0.6616182192721446,-500,True,37.5,36.5,38.6,0.95,0.05,0.0,0.7,0.03,2,1784215703.1802537,False,True,True,False,1784215655.152344,False,True,1,0,False
1783947642.4476278,20,1784215713.160089,37.470435645075156,0.6615228503852904,-500,True,37.5,36.5,38.6,0.95,0.05,0.0,0.7,0.03,2,1784215723.186243,False,True,True,False,1784215655.152344,False,True,1,0,False
1783947642.4476278,20,1784215733.16608,37.470435645075156,0.6617708094911116,-500,True,37.5,36.5,38.6,0.95,0.05,0.0,0.7,0.03,2,1784215743.1920707,False,True,True,False,1784215655.152344,False,True,1,0,False
1783947642.4476278,20,1784215753.1718624,37.465094987411305,0.661713588158999,-500,True,37.5,36.5,38.6,0.95,0.05,0.0,0.7,0.03,2,1784215763.197904,False,True,True,False,1784215655.152344,False,True,1,0,False
1783947642.4476278,20,1784215773.17768,37.470435645075156,0.6614465552758069,-500,True,37.5,36.5,38.6,0.95,0.05,0.0,0.7,0.03,2,1784215783.203718,False,True,True,False,1784215655.152344,False,True,1,0,False
1783947642.4476278,20,1784215793.1835253,37.489127946898606,0.6616754406042573,-500,True,37.5,36.5,38.6,0.95,0.05,0.0,0.7,0.03,2,1784215803.2096398,False,True,True,False,1784215655.152344,False,True,1,0,False
1783947642.4476278,20,1784215813.189426,37.50247959105822,0.6616754406042573,-500,True,37.5,36.5,38.6,0.95,0.05,0.0,0.7,0.03,2,1784215823.2154365,False,True,True,False,1784215655.152344,False,1,0,0,False
1783947642.4476278,20,1784215833.1952884,37.49179827573053,0.661427481498436,-500,True,37.5,36.5,38.6,0.95,0.05,0.0,0.7,0.03,2,1784215843.2214723,False,True,True,True,1784215835.15235,False,True,1,0,False
1783947642.4476278,20,1784215853.2011528,37.481116960402844,0.6614656290531776,-500,True,37.5,36.5,38.6,0.95,0.05,0.0,0.7,0.03,2,1784215863.2272842,False,True,True,False,1784215835.15235,False,True,1,0,False
1783947642.4476278,20,1784215873.2071335,37.45975432974747,0.6612558175020982,-500,True,37.5,36.5,38.6,0.95,0.05,0.0,0.7,0.03,2,1784215883.2331567,False,True,True,False,1784215835.15235,False,True,1,0,False
1783947642.4476278,20,1784215893.2129526,37.46242465857938,0.6615419241626611,-500,True,37.5,36.5,38.6,0.95,0.05,0.0,0.7,0.03,2,1784215903.2389853,False,True,True,False,1784215835.15235,False,True,1,0,False
1783947642.4476278,20,1784215913.2188091,37.481116960402844,0.6614656290531776,-500,True,37.5,36.5,38.6,0.95,0.05,0.0,0.7,0.03,2,1784215923.2449117,False,True,True,False,1784215835.15235,False,True,1,0,False
1783947642.4476278,20,1784215933.2246668,37.470435645075156,0.6615037766079195,-500,True,37.5,36.5,38.6,0.95,0.05,0.0,0.7,0.03,2,1784215943.250977,False,True,True,False,1784215835.15235,False,True,1,0,False
1783947642.4476278,20,1784215953.2305965,37.48645761806668,0.6612939650568399,-500,True,37.5,36.5,38.6,0.95,0.05,0.0,0.7,0.03,2,1784215963.2566316,False,True,True,False,1784215835.15235,False,True,1,0,False
1783947642.4476278,20,1784215973.2364047,37.52918287937743,0.6615609979400321,-500,True,37.5,36.5,38.6,0.95,0.05,0.0,0.7,0.03,2,1784215983.262432,False,True,True,False,1784215835.15235,False,1,0,0,False
1783947642.4476278,20,1784215993.2422795,37.51583123521782,0.6616563668268864,-500,True,37.5,36.5,38.6,0.95,0.05,0.0,0.7,0.03,2,1784216003.2683296,False,True,True,False,1784215835.15235,False,1,0,0,False
1783947642.4476278,20,1784216013.2481275,37.49713893339437,0.6615609979400321,-500,True,37.5,36.5,38.6,0.95,0.05,0.0,0.7,0.03,2,1784216023.2741485,False,True,True,True,1784216015.1523657,False,True,1,0,False
1783947642.4476278,20,1784216033.2538977,37.45975432974747,0.6617326619363699,-500,True,37.5,36.5,38.6,0.95,0.05,0.0,0.7,0.03,2,1784216043.2800477,False,True,True,False,1784216015.1523657,False,True,1,0,False
1783947642.4476278,20,1784216053.2596843,37.470435645075156,0.6616182192721446,-500,True,37.5,36.5,38.6,0.95,0.05,0.0,0.7,0.03,2,1784216063.2857685,False,True,True,False,1784216015.1523657,False,True,1,0,False
1783947642.4476278,20,1784216073.2655125,37.48645761806668,0.6615991454947738,-500,True,37.5,36.5,38.6,0.95,0.05,0.0,0.7,0.03,2,1784216083.291648,False,True,True,False,1784216015.1523657,False,True,1,0,False
1783947642.4476278,20,1784216093.271461,37.49980926222629,0.6613893339436941,-500,True,37.5,36.5,38.6,0.95,0.05,0.0,0.7,0.03,2,1784216103.2975209,False,True,True,False,1784216015.1523657,False,True,1,0,False
1783947642.4476278,20,1784216113.2772808,37.52384222171359,0.6615228503852904,-500,True,37.5,36.5,38.6,0.95,0.05,0.0,0.7,0.03,2,1784216123.3033347,False,True,True,False,1784216015.1523657,False,1,0,0,False
1783947642.4476278,20,1784216133.2831867,37.49713893339437,0.6615228503852904,-500,True,37.5,36.5,38.6,0.95,0.05,0.0,0.7,0.03,2,1784216143.3126552,False,True,True,False,1784216015.1523657,False,True,1,0,False
1783947642.4476278,20,1784216153.292413,37.52384222171359,0.6615228503852904,-500,True,37.5,36.5,38.6,0.95,0.05,0.0,0.7,0.03,2,1784216163.3184748,False,True,True,False,1784216015.1523657,False,1,0,0,False
1783947642.4476278,20,1784216173.2983057,37.507820248722055,0.6612558175020982,-500,True,37.5,36.5,38.6,0.95,0.05,0.0,0.7,0.03,2,1784216183.3243258,False,True,True,False,1784216015.1523657,False,1,0,0,False
1783947642.4476278,20,1784216193.3041315,37.46776531624323,0.6612558175020982,-500,True,37.5,36.5,38.6,0.95,0.05,0.0,0.7,0.03,2,1784216203.3302462,False,True,True,True,1784216195.1523705,False,True,1,0,False
1783947642.4476278,20,1784216213.3102753,37.438391699092094,0.6615037766079195,-500,True,37.5,36.5,38.6,0.95,0.05,0.0,0.7,0.03,2,1784216223.336299,False,True,True,False,1784216195.1523705,False,True,1,0,False
1783947642.4476278,20,1784216233.316131,37.41702906843672,0.6611985961699856,-500,True,37.5,36.5,38.6,0.95,0.05,0.0,0.7,0.03,2,1784216243.3425756,False,True,True,False,1784216195.1523705,False,True,1,0,False
1783947642.4476278,20,1784216253.3222754,37.45441367208362,0.6615037766079195,-500,True,37.5,36.5,38.6,0.95,0.05,0.0,0.7,0.03,2,1784216263.3483546,False,True,True,False,1784216195.1523705,False,True,1,0,False
1783947642.4476278,20,1784216273.3281024,37.44373235675593,0.6614084077210651,-500,True,37.5,36.5,38.6,0.95,0.05,0.0,0.7,0.03,2,1784216283.3544028,False,True,True,False,1784216195.1523705,False,True,1,0,False
1783947642.4476278,20,1784216293.3341005,37.47310597390707,0.6612939650568399,-500,True,37.5,36.5,38.6,0.95,0.05,0.0,0.7,0.03,2,1784216303.3601694,False,True,True,False,1784216195.1523705,False,True,1,0,False
1783947642.4476278,20,1784216313.3398862,37.49713893339437,0.6616372930495156,-500,True,37.5,36.5,38.6,0.95,0.05,0.0,0.7,0.03,2,1784216323.3661065,False,True,True,False,1784216195.1523705,False,True,1,0,False
1783947642.4476278,20,1784216333.3457222,37.49713893339437,0.6615228503852904,-500,True,37.5,36.5,38.6,0.95,0.05,0.0,0.7,0.03,2,1784216343.3717704,False,True,True,False,1784216195.1523705,False,True,1,0,False
1783947642.4476278,20,1784216353.3515968,37.513160906385906,0.661427481498436,-500,True,37.5,36.5,38.6,0.95,0.05,0.0,0.7,0.03,2,1784216363.377677,False,True,True,False,1784216195.1523705,False,1,0,0,False
1783947642.4476278,20,1784216373.3574865,37.507820248722055,0.6614847028305486,-500,True,37.5,36.5,38.6,0.95,0.05,0.0,0.7,0.03,2,1784216383.3835058,False,True,True,True,1784216375.1523843,False,1,0,0,False
1783947642.4476278,20,1784216393.3633182,37.47310597390707,0.661274891279469,-500,True,37.5,36.5,38.6,0.95,0.05,0.0,0.7,0.03,2,1784216403.3893723,False,True,True,False,1784216375.1523843,False,True,1,0,False
1783947642.4476278,20,1784216413.3691971,37.43305104142824,0.6611795223926147,-500,True,37.5,36.5,38.6,0.95,0.05,0.0,0.7,0.03,2,1784216423.3953981,False,True,True,False,1784216375.1523843,False,True,1,0,False
1783947642.4476278,20,1784216433.3750348,37.45975432974747,0.6614465552758069,-500,True,37.5,36.5,38.6,0.95,0.05,0.0,0.7,0.03,2,1784216443.4010665,False,True,True,False,1784216375.1523843,False,True,1,0,False
1783947642.4476278,20,1784216453.380822,37.45975432974747,0.661427481498436,-500,True,37.5,36.5,38.6,0.95,0.05,0.0,0.7,0.03,2,1784216463.407023,False,True,True,False,1784216375.1523843,False,True,1,0,False
1783947642.4476278,20,1784216473.386844,37.45975432974747,0.661427481498436,-500,True,37.5,36.5,38.6,0.95,0.05,0.0,0.7,0.03,2,1784216483.4128876,False,True,True,False,1784216375.1523843,False,True,1,0,False
1783947642.4476278,20,1784216493.3926735,37.49446860456244,0.6613702601663234,-500,True,37.5,36.5,38.6,0.95,0.05,0.0,0.7,0.03,2,1784216503.4187346,False,True,True,False,1784216375.1523843,False,True,1,0,False
1783947642.4476278,20,1784216513.3985453,37.513160906385906,0.6617517357137408,-500,True,37.5,36.5,38.6,0.95,0.05,0.0,0.7,0.03,2,1784216523.424705,False,True,True,False,1784216375.1523843,False,1,0,0,False
1783947642.4476278,20,1784216533.4043117,37.52384222171359,0.6613702601663234,-500,True,37.5,36.5,38.6,0.95,0.05,0.0,0.7,0.03,2,1784216543.4303372,False,True,True,False,1784216375.1523843,False,1,0,0,False
1783947642.4476278,20,1784216553.4101965,37.48645761806668,0.6617708094911116,-500,True,37.5,36.5,38.6,0.95,0.05,0.0,0.7,0.03,2,1784216563.4362526,False,True,True,True,1784216555.152393,False,True,1,0,False
1783947642.4476278,20,1784216573.4161062,37.43305104142824,0.6611223010605021,-500,True,37.5,36.5,38.6,0.95,0.05,0.0,0.7,0.03,2,1784216583.4421716,False,True,True,False,1784216555.152393,False,True,1,0,False
1783947642.4476278,20,1784216593.4219477,37.41435873960479,0.6612558175020982,-500,True,37.5,36.5,38.6,0.95,0.05,0.0,0.7,0.03,2,1784216603.4479296,False,True,True,False,1784216555.152393,False,True,1,0,False
1783947642.4476278,20,1784216613.4277234,37.43305104142824,0.6615991454947738,-500,True,37.5,36.5,38.6,0.95,0.05,0.0,0.7,0.03,2,1784216623.4537382,False,True,True,False,1784216555.152393,False,True,1,0,False
1783947642.4476278,20,1784216633.4334764,37.45441367208362,0.661427481498436,-500,True,37.5,36.5,38.6,0.95,0.05,0.0,0.7,0.03,2,1784216643.459552,False,True,True,False,1784216555.152393,False,True,1,0,False
1783947642.4476278,20,1784216653.43936,37.470435645075156,0.6615419241626611,-500,True,37.5,36.5,38.6,0.95,0.05,0.0,0.7,0.03,2,1784216663.4654157,False,True,True,False,1784216555.152393,False,True,1,0,False
1783947642.4476278,20,1784216673.445127,37.48645761806668,0.6615991454947738,-500,True,37.5,36.5,38.6,0.95,0.05,0.0,0.7,0.03,2,1784216683.4712374,False,True,True,False,1784216555.152393,False,True,1,0,False
1783947642.4476278,20,1784216693.4510736,37.526512550545505,0.6611604486152437,-500,True,37.5,36.5,38.6,0.95,0.05,0.0,0.7,0.03,2,1784216703.47708,False,True,True,False,1784216555.152393,False,1,0,0,False
1783947642.4476278,20,1784216713.4569712,37.53452353704128,0.6613893339436941,-500,True,37.5,36.5,38.6,0.95,0.05,0.0,0.7,0.03,2,1784216723.4829855,False,True,True,False,1784216555.152393,False,1,0,0,False
1783947642.4476278,20,1784216733.462822,37.49713893339437,0.6611985961699856,-500,True,37.5,36.5,38.6,0.95,0.05,0.0,0.7,0.03,2,1784216743.4888592,False,True,True,True,1784216735.1523957,False,True,1,0,False
1783947642.4476278,20,1784216753.468632,37.45441367208362,0.661274891279469,-500,True,37.5,36.5,38.6,0.95,0.05,0.0,0.7,0.03,2,1784216763.494722,False,True,True,False,1784216735.1523957,False,True,1,0,False
1783947642.4476278,20,1784216773.4745317,37.40634775310903,0.6613893339436941,-500,True,37.5,36.5,38.6,0.95,0.05,0.0,0.7,0.03,2,1784216783.5005426,False,True,True,False,1784216735.1523957,False,True,1,0,False
1783947642.4476278,20,1784216793.4802794,37.46242465857938,0.6613702601663234,-500,True,37.5,36.5,38.6,0.95,0.05,0.0,0.7,0.03,2,1784216803.5064983,False,True,True,False,1784216735.1523957,False,True,1,0,False
1783947642.4476278,20,1784216813.486189,37.465094987411305,0.6612939650568399,-500,True,37.5,36.5,38.6,0.95,0.05,0.0,0.7,0.03,2,1784216823.512197,False,True,True,False,1784216735.1523957,False,True,1,0,False
1783947642.4476278,20,1784216833.492016,37.48645761806668,0.6614084077210651,-500,True,37.5,36.5,38.6,0.95,0.05,0.0,0.7,0.03,2,1784216843.518189,False,True,True,False,1784216735.1523957,False,True,1,0,False
1783947642.4476278,20,1784216853.4980104,37.48645761806668,0.6612176699473564,-500,True,37.5,36.5,38.6,0.95,0.05,0.0,0.7,0.03,2,1784216863.5240633,False,True,True,False,1784216735.1523957,False,True,1,0,False
1783947642.4476278,20,1784216873.5038767,37.507820248722055,0.6614847028305486,-500,True,37.5,36.5,38.6,0.95,0.05,0.0,0.7,0.03,2,1784216883.5299332,False,True,True,False,1784216735.1523957,False,1,0,0,False
1783947642.4476278,20,1784216893.5096982,37.49980926222629,0.6617898832684825,-500,True,37.5,36.5,38.6,0.95,0.05,0.0,0.7,0.03,2,1784216903.535913,False,True,True,False,1784216735.1523957,False,True,1,0,False
1783947642.4476278,20,1784216913.5155573,37.49713893339437,0.661274891279469,-500,True,37.5,36.5,38.6,0.95,0.05,0.0,0.7,0.03,2,1784216923.5415993,False,True,True,True,1784216915.1524322,False,True,1,0,False
1783947642.4476278,20,1784216933.5214036,37.470435645075156,0.6614656290531776,-500,True,37.5,36.5,38.6,0.95,0.05,0.0,0.7,0.03,2,1784216943.5474708,False,True,True,False,1784216915.1524322,False,True,1,0,False
1783947642.4476278,20,1784216953.5273201,37.48645761806668,0.6611413748378729,-500,True,37.5,36.5,38.6,0.95,0.05,0.0,0.7,0.03,2,1784216963.5533624,False,True,True,False,1784216915.1524322,False,True,1,0,False
1783947642.4476278,20,1784216973.5332463,37.48645761806668,0.6616563668268864,-500,True,37.5,36.5,38.6,0.95,0.05,0.0,0.7,0.03,2,1784216983.5595307,False,True,True,False,1784216915.1524322,False,True,1,0,False
1783947642.4476278,20,1784216993.5393374,37.49980926222629,0.6613130388342107,-500,True,37.5,36.5,38.6,0.95,0.05,0.0,0.7,0.03,2,1784217003.565648,False,True,True,False,1784216915.1524322,False,True,1,0,False
1783947642.4476278,20,1784217013.5452588,37.513160906385906,0.6613321126115816,-500,True,37.5,36.5,38.6,0.95,0.05,0.0,0.7,0.03,2,1784217023.571336,False,True,True,False,1784216915.1524322,False,1,0,0,False
1783947642.4476278,20,1784217033.551195,37.52384222171359,0.661713588158999,-500,True,37.5,36.5,38.6,0.95,0.05,0.0,0.7,0.03,2,1784217043.5772588,False,True,True,False,1784216915.1524322,False,1,0,0,False
1783947642.4476278,20,1784217053.55704,37.49713893339437,0.6611985961699856,-500,True,37.5,36.5,38.6,0.95,0.05,0.0,0.7,0.03,2,1784217063.5831776,False,True,True,False,1784216915.1524322,False,True,1,0,False
1783947642.4476278,20,1784217073.562946,37.507820248722055,0.6614847028305486,-500,True,37.5,36.5,38.6,0.95,0.05,0.0,0.7,0.03,2,1784217083.5889494,False,True,True,False,1784216915.1524322,False,1,0,0,False
1783947642.4476278,20,1784217093.5687337,37.49980926222629,0.661427481498436,-500,True,37.5,36.5,38.6,0.95,0.05,0.0,0.7,0.03,2,1784217103.5947602,False,True,True,True,1784217095.15246,False,True,1,0,False
1783947642.4476278,20,1784217113.5745428,37.422369726100555,0.6609315632867933,-500,True,37.5,36.5,38.6,0.95,0.05,0.0,0.7,0.03,2,1784217123.6005907,False,True,True,False,1784217095.15246,False,True,1,0,False
1783947642.4476278,20,1784217133.580442,37.44907301441978,0.6613130388342107,-500,True,37.5,36.5,38.6,0.95,0.05,0.0,0.7,0.03,2,1784217143.6066036,False,True,True,False,1784217095.15246,False,True,1,0,False
1783947642.4476278,20,1784217153.5864341,37.44907301441978,0.6611795223926147,-500,True,37.5,36.5,38.6,0.95,0.05,0.0,0.7,0.03,2,1784217163.6125867,False,True,True,False,1784217095.15246,False,True,1,0,False
1783947642.4476278,20,1784217173.5923893,37.470435645075156,0.6613130388342107,-500,True,37.5,36.5,38.6,0.95,0.05,0.0,0.7,0.03,2,1784217183.6185057,False,True,True,False,1784217095.15246,False,True,1,0,False
1783947642.4476278,20,1784217193.5983412,37.489127946898606,0.6613321126115816,-500,True,37.5,36.5,38.6,0.95,0.05,0.0,0.7,0.03,2,1784217203.6246436,False,True,True,False,1784217095.15246,False,True,1,0,False
1783947642.4476278,20,1784217213.6044333,37.49179827573053,0.6611985961699856,-500,True,37.5,36.5,38.6,0.95,0.05,0.0,0.7,0.03,2,1784217223.6305885,False,True,True,False,1784217095.15246,False,True,1,0,False
1783947642.4476278,20,1784217233.6103668,37.49179827573053,0.6610841535057602,-500,True,37.5,36.5,38.6,0.95,0.05,0.0,0.7,0.03,2,1784217243.6366055,False,True,True,False,1784217095.15246,False,True,1,0,False
1783947642.4476278,20,1784217253.6163285,37.513160906385906,0.6615228503852904,-500,True,37.5,36.5,38.6,0.95,0.05,0.0,0.7,0.03,2,1784217263.6424391,False,True,True,False,1784217095.15246,False,1,0,0,False
1783947642.4476278,20,1784217273.6221972,37.49179827573053,0.6608552681773098,-500,True,37.5,36.5,38.6,0.95,0.05,0.0,0.7,0.03,2,1784217283.6484318,False,True,True,True,1784217275.152493,False,True,1,0,False
1783947642.4476278,20,1784217293.62803,37.47310597390707,0.6611032272831312,-500,True,37.5,36.5,38.6,0.95,0.05,0.0,0.7,0.03,2,1784217303.654224,False,True,True,False,1784217275.152493,False,True,1,0,False
1783947642.4476278,20,1784217313.6339462,37.470435645075156,0.6611604486152437,-500,True,37.5,36.5,38.6,0.95,0.05,0.0,0.7,0.03,2,1784217323.6600199,False,True,True,False,1784217275.152493,False,True,1,0,False
1783947642.4476278,20,1784217333.6397715,37.49179827573053,0.6612939650568399,-500,True,37.5,36.5,38.6,0.95,0.05,0.0,0.7,0.03,2,1784217343.6664348,False,True,True,False,1784217275.152493,False,True,1,0,False
1783947642.4476278,20,1784217353.6460197,37.49713893339437,0.6614656290531776,-500,True,37.5,36.5,38.6,0.95,0.05,0.0,0.7,0.03,2,1784217363.6721776,False,True,True,False,1784217275.152493,False,True,1,0,False
1783947642.4476278,20,1784217373.6518555,37.51850156404974,0.6611985961699856,-500,True,37.5,36.5,38.6,0.95,0.05,0.0,0.7,0.03,2,1784217383.6781485,False,True,True,False,1784217275.152493,False,1,0,0,False
1783947642.4476278,20,1784217393.657646,37.51049057755398,0.6611223010605021,-500,True,37.5,36.5,38.6,0.95,0.05,0.0,0.7,0.03,2,1784217403.6837227,False,True,True,False,1784217275.152493,False,1,0,0,False
1783947642.4476278,20,1784217413.6635087,37.48645761806668,0.6611795223926147,-500,True,37.5,36.5,38.6,0.95,0.05,0.0,0.7,0.03,2,1784217423.6896486,False,True,True,False,1784217275.152493,False,True,1,0,False
1783947642.4476278,20,1784217433.6694014,37.49179827573053,0.6611032272831312,-500,True,37.5,36.5,38.6,0.95,0.05,0.0,0.7,0.03,2,1784217443.6954832,False,True,True,False,1784217275.152493,False,True,1,0,False
1783947642.4476278,20,1784217453.6752748,37.470435645075156,0.6612558175020982,-500,True,37.5,36.5,38.6,0.95,0.05,0.0,0.7,0.03,2,1784217463.7013366,False,True,True,True,1784217455.1525126,False,True,1,0,False
1783947642.4476278,20,1784217473.6810982,37.45975432974747,0.6611223010605021,-500,True,37.5,36.5,38.6,0.95,0.05,0.0,0.7,0.03,2,1784217483.7074654,False,True,True,False,1784217455.1525126,False,True,1,0,False
1783947642.4476278,20,1784217493.6871803,37.46242465857938,0.6607789730678263,-500,True,37.5,36.5,38.6,0.95,0.05,0.0,0.7,0.03,2,1784217503.7132883,False,True,True,False,1784217455.1525126,False,True,1,0,False
1783947642.4476278,20,1784217513.693032,37.49713893339437,0.6610841535057602,-500,True,37.5,36.5,38.6,0.95,0.05,0.0,0.7,0.03,2,1784217523.719073,False,True,True,False,1784217455.1525126,False,True,1,0,False
1783947642.4476278,20,1784217533.698868,37.507820248722055,0.6609697108415351,-500,True,37.5,36.5,38.6,0.95,0.05,0.0,0.7,0.03,2,1784217543.7249136,False,True,True,False,1784217455.1525126,False,1,0,0,False
1783947642.4476278,20,1784217553.7046561,37.507820248722055,0.6608552681773098,-500,True,37.5,36.5,38.6,0.95,0.05,0.0,0.7,0.03,2,1784217563.7307339,False,True,True,False,1784217455.1525126,False,1,0,0,False
1783947642.4476278,20,1784217573.7104926,37.51850156404974,0.660988784618906,-500,True,37.5,36.5,38.6,0.95,0.05,0.0,0.7,0.03,2,1784217583.7419765,False,True,True,False,1784217455.1525126,False,1,0,0,False
1783947642.4476278,20,1784217593.7216048,37.50514991989013,0.6609315632867933,-500,True,37.5,36.5,38.6,0.95,0.05,0.0,0.7,0.03,2,1784217603.74778,False,True,True,False,1784217455.1525126,False,1,0,0,False
1783947642.4476278,20,1784217613.7274644,37.481116960402844,0.6611223010605021,-500,True,37.5,36.5,38.6,0.95,0.05,0.0,0.7,0.03,2,1784217623.7536566,True,False,True,False,1784217455.1525126,False,True,1,0,False
1783947642.4476278,20,1784217633.7333078,37.49713893339437,0.6612367437247272,-500,True,37.5,36.5,38.6,0.95,0.05,0.0,0.7,0.03,2,1784217643.7598312,True,False,True,True,1784217635.1525395,False,True,1,0,False
1783947642.4476278,20,1784217653.7395775,37.49713893339437,0.6609315632867933,-500,True,37.5,36.5,38.6,0.95,0.05,0.0,0.7,0.03,2,1784217663.7656083,True,False,True,False,1784217635.1525395,False,True,1,0,False
1783947642.4476278,20,1784217673.7454715,37.52384222171359,0.6609697108415351,-500,True,37.5,36.5,38.6,0.95,0.05,0.0,0.7,0.03,2,1784217683.7715008,True,False,True,False,1784217635.1525395,False,1,0,0,False
1783947642.4476278,20,1784217693.7512958,37.51049057755398,0.6610078583962767,-500,True,37.5,36.5,38.6,0.95,0.05,0.0,0.7,0.03,2,1784217703.777353,True,False,True,False,1784217635.1525395,False,1,0,0,False
1783947642.4476278,20,1784217713.757135,37.48645761806668,0.6609697108415351,-500,True,37.5,36.5,38.6,0.95,0.05,0.0,0.7,0.03,2,1784217723.7832234,True,False,True,False,1784217635.1525395,False,True,1,0,False
1783947642.4476278,20,1784217733.7630155,37.53452353704128,0.661274891279469,-500,True,37.5,36.5,38.6,0.95,0.05,0.0,0.7,0.03,2,1784217743.7891595,True,False,True,False,1784217635.1525395,False,1,0,0,False
1783947642.4476278,20,1784217753.7689426,37.48645761806668,0.6610269321736477,-500,True,37.5,36.5,38.6,0.95,0.05,0.0,0.7,0.03,2,1784217763.7951279,True,False,True,False,1784217635.1525395,False,True,1,0,False
1783947642.4476278,20,1784217773.7747903,37.465094987411305,0.660836194399939,-500,True,37.5,36.5,38.6,0.95,0.05,0.0,0.7,0.03,2,1784217783.8008366,True,False,True,False,1784217635.1525395,False,True,1,0,False
1783947642.4476278,20,1784217793.7805765,37.47310597390707,0.6611032272831312,-500,True,37.5,36.5,38.6,0.95,0.05,0.0,0.7,0.03,2,1784217803.8066933,True,False,True,False,1784217635.1525395,False,True,1,0,False
1783947642.4476278,20,1784217813.7866006,37.45441367208362,0.6606073090714886,-500,True,37.5,36.5,38.6,0.95,0.05,0.0,0.7,0.03,2,1784217823.812711,True,False,True,True,1784217815.1525626,False,True,1,0,False
1783947642.4476278,20,1784217833.7924654,37.45441367208362,0.6610650797283895,-500,True,37.5,36.5,38.6,0.95,0.05,0.0,0.7,0.03,2,1784217843.8185058,True,False,True,False,1784217815.1525626,False,True,1,0,False
1783947642.4476278,20,1784217853.798324,37.48645761806668,0.6611795223926147,-500,True,37.5,36.5,38.6,0.95,0.05,0.0,0.7,0.03,2,1784217863.824496,True,False,True,False,1784217815.1525626,False,True,1,0,False
1783947642.4476278,20,1784217873.804139,37.49179827573053,0.6608743419546808,-500,True,37.5,36.5,38.6,0.95,0.05,0.0,0.7,0.03,2,1784217883.8302119,True,False,True,False,1784217815.1525626,False,True,1,0,False
1783947642.4476278,20,1784217893.8099835,37.51049057755398,0.6613321126115816,-500,True,37.5,36.5,38.6,0.95,0.05,0.0,0.7,0.03,2,1784217903.835997,True,False,True,False,1784217815.1525626,False,1,0,0,False
1783947642.4476278,20,1784217913.8158247,37.513160906385906,0.6609124895094225,-500,True,37.5,36.5,38.6,0.95,0.05,0.0,0.7,0.03,2,1784217923.8418748,True,False,True,False,1784217815.1525626,False,1,0,0,False
1783947642.4476278,20,1784217933.8216486,37.53452353704128,0.6610650797283895,-500,True,37.5,36.5,38.6,0.95,0.05,0.0,0.7,0.03,2,1784217943.847675,True,False,True,False,1784217815.1525626,False,1,0,0,False
1783947642.4476278,20,1784217953.8275766,37.49179827573053,0.6609506370641642,-500,True,37.5,36.5,38.6,0.95,0.05,0.0,0.7,0.03,2,1784217963.8537807,True,False,True,False,1784217815.1525626,False,True,1,0,False
1783947642.4476278,20,1784217973.8333857,37.47577630273899,0.6610460059510186,-500,True,37.5,36.5,38.6,0.95,0.05,0.0,0.7,0.03,2,1784217983.859424,True,False,True,False,1784217815.1525626,False,True,1,0,False
1783947642.4476278,20,1784217993.839253,37.489127946898606,0.6607408255130847,-500,True,37.5,36.5,38.6,0.95,0.05,0.0,0.7,0.03,2,1784218003.8652778,True,False,True,True,1784217995.152598,False,True,1,0,False
1783947642.4476278,20,1784218013.8450751,37.465094987411305,0.6610078583962767,-500,True,37.5,36.5,38.6,0.95,0.05,0.0,0.7,0.03,2,1784218023.8711338,True,False,True,False,1784217995.152598,False,True,1,0,False
1783947642.4476278,20,1784218033.8509576,37.470435645075156,0.6609124895094225,-500,True,37.5,36.5,38.6,0.95,0.05,0.0,0.7,0.03,2,1784218043.8770778,True,False,True,False,1784217995.152598,False,True,1,0,False
1783947642.4476278,20,1784218053.8568137,37.470435645075156,0.6611604486152437,-500,True,37.5,36.5,38.6,0.95,0.05,0.0,0.7,0.03,2,1784218063.8828895,True,False,True,False,1784217995.152598,False,True,1,0,False
1783947642.4476278,20,1784218073.8626895,37.50247959105822,0.6609124895094225,-500,True,37.5,36.5,38.6,0.95,0.05,0.0,0.7,0.03,2,1784218083.8887062,True,False,True,False,1784217995.152598,False,1,0,0,False
1783947642.4476278,20,1784218093.868485,37.51049057755398,0.6609506370641642,-500,True,37.5,36.5,38.6,0.95,0.05,0.0,0.7,0.03,2,1784218103.8945293,True,False,True,False,1784217995.152598,False,1,0,0,False
1783947642.4476278,20,1784218113.8743699,37.49713893339437,0.6611985961699856,-500,True,37.5,36.5,38.6,0.95,0.05,0.0,0.7,0.03,2,1784218123.9004505,True,False,True,False,1784217995.152598,False,True,1,0,False
1783947642.4476278,20,1784218133.8802311,37.470435645075156,0.6610650797283895,-500,True,37.5,36.5,38.6,0.95,0.05,0.0,0.7,0.03,2,1784218143.9062572,True,False,True,False,1784217995.152598,False,True,1,0,False
1783947642.4476278,20,1784218153.886039,37.45975432974747,0.6612939650568399,-500,True,37.5,36.5,38.6,0.95,0.05,0.0,0.7,0.03,2,1784218163.9120593,True,False,True,False,1784217995.152598,False,True,1,0,False
1783947642.4476278,20,1784218173.891856,37.49179827573053,0.6611032272831312,-500,True,37.5,36.5,38.6,0.95,0.05,0.0,0.7,0.03,2,1784218183.91795,True,False,True,True,1784218175.1526039,False,True,1,0,False
1783947642.4476278,20,1784218193.8977027,37.489127946898606,0.6608934157320516,-500,True,37.5,36.5,38.6,0.95,0.05,0.0,0.7,0.03,2,1784218203.9237347,True,False,True,False,1784218175.1526039,False,True,1,0,False
1783947642.4476278,20,1784218213.9035614,37.48645761806668,0.6609697108415351,-500,True,37.5,36.5,38.6,0.95,0.05,0.0,0.7,0.03,2,1784218223.929638,True,False,True,False,1784218175.1526039,False,True,1,0,False
1783947642.4476278,20,1784218233.909422,37.513160906385906,0.6610269321736477,-500,True,37.5,36.5,38.6,0.95,0.05,0.0,0.7,0.03,2,1784218243.935442,True,False,True,False,1784218175.1526039,False,1,0,0,False
1783947642.4476278,20,1784218253.9152951,37.507820248722055,0.6609315632867933,-500,True,37.5,36.5,38.6,0.95,0.05,0.0,0.7,0.03,2,1784218263.9414372,True,False,True,False,1784218175.1526039,False,1,0,0,False
1783947642.4476278,20,1784218273.921225,37.51850156404974,0.660988784618906,-500,True,37.5,36.5,38.6,0.95,0.05,0.0,0.7,0.03,2,1784218283.9472537,True,False,True,False,1784218175.1526039,False,1,0,0,False
1783947642.4476278,20,1784218293.927195,37.49446860456244,0.6607980468451973,-500,True,37.5,36.5,38.6,0.95,0.05,0.0,0.7,0.03,2,1784218303.9532516,True,False,True,False,1784218175.1526039,False,True,1,0,False
1783947642.4476278,20,1784218313.933081,37.49179827573053,0.6607789730678263,-500,True,37.5,36.5,38.6,0.95,0.05,0.0,0.7,0.03,2,1784218323.9591742,True,False,True,False,1784218175.1526039,False,True,1,0,False
1783947642.4476278,20,1784218333.9389637,37.49713893339437,0.6611985961699856,-500,True,37.5,36.5,38.6,0.95,0.05,0.0,0.7,0.03,2,1784218343.9651613,True,False,True,False,1784218175.1526039,False,True,1,0,False
1783947642.4476278,20,1784218353.9447803,37.47577630273899,0.6608552681773098,-500,True,37.5,36.5,38.6,0.95,0.05,0.0,0.7,0.03,2,1784218363.9708188,True,False,True,True,1784218355.1526265,False,True,1,0,False
1783947642.4476278,20,1784218373.9506125,37.49179827573053,0.660836194399939,-500,True,37.5,36.5,38.6,0.95,0.05,0.0,0.7,0.03,2,1784218383.9765935,True,False,True,False,1784218355.1526265,False,True,1,0,False
1783947642.4476278,20,1784218393.9563909,37.483787289234755,0.6608552681773098,-500,True,37.5,36.5,38.6,0.95,0.05,0.0,0.7,0.03,2,1784218403.9824364,True,False,True,False,1784218355.1526265,False,True,1,0,False
1783947642.4476278,20,1784218413.9622176,37.50247959105822,0.6608552681773098,-500,True,37.5,36.5,38.6,0.95,0.05,0.0,0.7,0.03,2,1784218423.988186,True,False,True,False,1784218355.1526265,False,1,0,0,False
1783947642.4476278,20,1784218433.9679992,37.507820248722055,0.6610650797283895,-500,True,37.5,36.5,38.6,0.95,0.05,0.0,0.7,0.03,2,1784218443.994199,True,False,True,False,1784218355.1526265,False,1,0,0,False
1783947642.4476278,20,1784218453.9738593,37.507820248722055,0.6609697108415351,-500,True,37.5,36.5,38.6,0.95,0.05,0.0,0.7,0.03,2,1784218463.9999802,True,False,True,False,1784218355.1526265,False,1,0,0,False
1783947642.4476278,20,1784218473.9797857,37.470435645075156,0.6609315632867933,-500,True,37.5,36.5,38.6,0.95,0.05,0.0,0.7,0.03,2,1784218484.0058634,True,False,True,False,1784218355.1526265,False,True,1,0,False
1783947642.4476278,20,1784218493.985836,37.46776531624323,0.6608171206225681,-500,True,37.5,36.5,38.6,0.95,0.05,0.0,0.7,0.03,2,1784218504.011822,True,False,True,False,1784218355.1526265,False,True,1,0,False
1783947642.4476278,20,1784218513.9916384,37.470435645075156,0.6605310139620051,-500,True,37.5,36.5,38.6,0.95,0.05,0.0,0.7,0.03,2,1784218524.0176842,True,False,True,False,1784218355.1526265,False,True,1,0,False
1783947642.4476278,20,1784218533.9974504,37.470435645075156,0.6609506370641642,-500,True,37.5,36.5,38.6,0.95,0.05,0.0,0.7,0.03,2,1784218544.0236022,True,False,True,True,1784218535.1526356,False,True,1,0,False
1783947642.4476278,20,1784218554.003383,37.465094987411305,0.6606645304036012,-500,True,37.5,36.5,38.6,0.95,0.05,0.0,0.7,0.03,2,1784218564.0294085,True,False,True,False,1784218535.1526356,False,True,1,0,False
1783947642.4476278,20,1784218574.0091963,37.48645761806668,0.6610841535057602,-500,True,37.5,36.5,38.6,0.95,0.05,0.0,0.7,0.03,2,1784218584.0352733,True,False,True,False,1784218535.1526356,False,True,1,0,False
1783947642.4476278,20,1784218594.0150805,37.49446860456244,0.6607980468451973,-500,True,37.5,36.5,38.6,0.95,0.05,0.0,0.7,0.03,2,1784218604.0412521,True,False,True,False,1784218535.1526356,False,True,1,0,False
1783947642.4476278,20,1784218614.021039,37.51850156404974,0.6610841535057602,-500,True,37.5,36.5,38.6,0.95,0.05,0.0,0.7,0.03,2,1784218624.0470517,True,False,True,False,1784218535.1526356,False,1,0,0,False
1783947642.4476278,20,1784218634.0268903,37.52918287937743,0.6609315632867933,-500,True,37.5,36.5,38.6,0.95,0.05,0.0,0.7,0.03,2,1784218644.0529072,True,False,True,False,1784218535.1526356,False,1,0,0,False
1783947642.4476278,20,1784218654.0327783,37.53986419470512,0.6607789730678263,-500,True,37.5,36.5,38.6,0.95,0.05,0.0,0.7,0.03,2,1784218664.0591104,True,False,True,False,1784218535.1526356,False,1,0,0,False
1783947642.4476278,20,1784218674.0388954,37.50247959105822,0.6606263828488593,-500,True,37.5,36.5,38.6,0.95,0.05,0.0,0.7,0.03,2,1784218684.0650258,True,False,True,False,1784218535.1526356,False,1,0,0,False
1783947642.4476278,20,1784218694.0447385,37.47310597390707,0.6608743419546808,-500,True,37.5,36.5,38.6,0.95,0.05,0.0,0.7,0.03,2,1784218704.0707512,True,False,True,False,1784218535.1526356,False,True,1,0,False
1783947642.4476278,20,1784218714.05055,37.44907301441978,0.6608743419546808,-500,True,37.5,36.5,38.6,0.95,0.05,0.0,0.7,0.03,2,1784218724.076491,True,False,True,True,1784218715.1526566,False,True,1,0,False
1783947642.4476278,20,1784218734.05631,37.44373235675593,0.6606263828488593,-500,True,37.5,36.5,38.6,0.95,0.05,0.0,0.7,0.03,2,1784218744.0825045,True,False,True,False,1784218715.1526566,False,True,1,0,False
1783947642.4476278,20,1784218754.0622897,37.45441367208362,0.6610269321736477,-500,True,37.5,36.5,38.6,0.95,0.05,0.0,0.7,0.03,2,1784218764.0882454,True,False,True,False,1784218715.1526566,False,True,1,0,False
1783947642.4476278,20,1784218774.0680416,37.47577630273899,0.6607598992904555,-500,True,37.5,36.5,38.6,0.95,0.05,0.0,0.7,0.03,2,1784218784.0941012,True,False,True,False,1784218715.1526566,False,True,1,0,False
1783947642.4476278,20,1784218794.073871,37.49980926222629,0.6609506370641642,-500,True,37.5,36.5,38.6,0.95,0.05,0.0,0.7,0.03,2,1784218804.099816,True,False,True,False,1784218715.1526566,False,True,1,0,False
1783947642.4476278,20,1784218814.079654,37.49713893339437,0.6608934157320516,-500,True,37.5,36.5,38.6,0.95,0.05,0.0,0.7,0.03,2,1784218824.105913,True,False,True,False,1784218715.1526566,False,True,1,0,False
1783947642.4476278,20,1784218834.0854974,37.50247959105822,0.6606263828488593,-500,True,37.5,36.5,38.6,0.95,0.05,0.0,0.7,0.03,2,1784218844.1115146,True,False,True,False,1784218715.1526566,False,1,0,0,False
1783947642.4476278,20,1784218854.0913558,37.52918287937743,0.6609315632867933,-500,True,37.5,36.5,38.6,0.95,0.05,0.0,0.7,0.03,2,1784218864.117368,True,False,True,False,1784218715.1526566,False,1,0,0,False
1783947642.4476278,20,1784218874.0972123,37.507820248722055,0.660836194399939,-500,True,37.5,36.5,38.6,0.95,0.05,0.0,0.7,0.03,2,1784218884.1233,True,False,True,False,1784218715.1526566,False,1,0,0,False
1783947642.4476278,20,1784218894.103184,37.483787289234755,0.6606645304036012,-500,True,37.5,36.5,38.6,0.95,0.05,0.0,0.7,0.03,2,1784218904.129191,True,False,True,True,1784218895.152669,False,True,1,0,False
1783947642.4476278,20,1784218914.1089597,37.45975432974747,0.6607789730678263,-500,True,37.5,36.5,38.6,0.95,0.05,0.0,0.7,0.03,2,1784218924.1351678,True,False,True,False,1784218895.152669,False,True,1,0,False
1783947642.4476278,20,1784218934.1148336,37.43305104142824,0.660683604180972,-500,True,37.5,36.5,38.6,0.95,0.05,0.0,0.7,0.03,2,1784218944.1408455,True,False,True,False,1784218895.152669,False,True,1,0,False
1783947642.4476278,20,1784218954.1206381,37.45975432974747,0.6607408255130847,-500,True,37.5,36.5,38.6,0.95,0.05,0.0,0.7,0.03,2,1784218964.146688,True,False,True,False,1784218895.152669,False,True,1,0,False
1783947642.4476278,20,1784218974.1264946,37.45975432974747,0.6610078583962767,-500,True,37.5,36.5,38.6,0.95,0.05,0.0,0.7,0.03,2,1784218984.1524596,True,False,True,False,1784218895.152669,False,True,1,0,False
1783947642.4476278,20,1784218994.1322734,37.483787289234755,0.6607217517357138,-500,True,37.5,36.5,38.6,0.95,0.05,0.0,0.7,0.03,2,1784219004.1585302,True,False,True,False,1784218895.152669,False,True,1,0,False
1783947642.4476278,20,1784219014.1383746,37.49179827573053,0.6607789730678263,-500,True,37.5,36.5,38.6,0.95,0.05,0.0,0.7,0.03,2,1784219024.1644173,True,False,True,False,1784218895.152669,False,True,1,0,False
1783947642.4476278,20,1784219034.1442215,37.50247959105822,0.660683604180972,-500,True,37.5,36.5,38.6,0.95,0.05,0.0,0.7,0.03,2,1784219044.1702712,True,False,True,False,1784218895.152669,False,1,0,0,False
1783947642.4476278,20,1784219054.1501555,37.49713893339437,0.660836194399939,-500,True,37.5,36.5,38.6,0.95,0.05,0.0,0.7,0.03,2,1784219064.1761308,True,False,True,False,1784218895.152669,False,True,1,0,False
1783947642.4476278,20,1784219074.1559246,37.52384222171359,0.6604356450751507,-500,True,37.5,36.5,38.6,0.95,0.05,0.0,0.7,0.03,2,1784219084.182033,True,False,True,True,1784219075.1526866,False,1,0,0,False
1783947642.4476278,20,1784219094.161853,37.51049057755398,0.6605882352941177,-500,True,37.5,36.5,38.6,0.95,0.05,0.0,0.7,0.03,2,1784219104.1878576,True,False,True,False,1784219075.1526866,False,1,0,0,False
1783947642.4476278,20,1784219114.1676898,37.45441367208362,0.6604928664072633,-500,True,37.5,36.5,38.6,0.95,0.05,0.0,0.7,0.03,2,1784219124.1937058,True,False,True,False,1784219075.1526866,False,True,1,0,False
1783947642.4476278,20,1784219134.1734507,37.481116960402844,0.6605882352941177,-500,True,37.5,36.5,38.6,0.95,0.05,0.0,0.7,0.03,2,1784219144.1994739,True,False,True,False,1784219075.1526866,False,True,1,0,False
1783947642.4476278,20,1784219154.1793334,37.49179827573053,0.6604356450751507,-500,True,37.5,36.5,38.6,0.95,0.05,0.0,0.7,0.03,2,1784219164.2054417,True,False,True,False,1784219075.1526866,False,True,1,0,False
1783947642.4476278,20,1784219174.1852572,37.48645761806668,0.6605882352941177,-500,True,37.5,36.5,38.6,0.95,0.05,0.0,0.7,0.03,2,1784219184.2112892,True,False,True,False,1784219075.1526866,False,True,1,0,False
1783947642.4476278,20,1784219194.1911116,37.489127946898606,0.6605500877393758,-500,True,37.5,36.5,38.6,0.95,0.05,0.0,0.7,0.03,2,1784219204.2171073,True,False,True,False,1784219075.1526866,False,True,1,0,False
1783947642.4476278,20,1784219214.1968708,37.49713893339437,0.6606454566262303,-500,True,37.5,36.5,38.6,0.95,0.05,0.0,0.7,0.03,2,1784219224.2228794,True,False,True,False,1784219075.1526866,False,True,1,0,False
1783947642.4476278,20,1784219234.202692,37.507820248722055,0.6607408255130847,-500,True,37.5,36.5,38.6,0.95,0.05,0.0,0.7,0.03,2,1784219244.2287204,True,False,True,False,1784219075.1526866,False,1,0,0,False
1783947642.4476278,20,1784219254.2084942,37.51850156404974,0.6608552681773098,-500,True,37.5,36.5,38.6,0.95,0.05,0.0,0.7,0.03,2,1784219264.2344818,True,False,True,True,1784219255.1526983,False,1,0,0,False
1783947642.4476278,20,1784219274.2143095,37.48645761806668,0.6605500877393758,-500,True,37.5,36.5,38.6,0.95,0.05,0.0,0.7,0.03,2,1784219284.2402546,True,False,True,False,1784219255.1526983,False,True,1,0,False
1783947642.4476278,20,1784219294.22005,37.46776531624323,0.6607789730678263,-500,True,37.5,36.5,38.6,0.95,0.05,0.0,0.7,0.03,2,1784219304.246269,True,False,True,False,1784219255.1526983,False,True,1,0,False
1783947642.4476278,20,1784219314.2259626,37.481116960402844,0.6605310139620051,-500,True,37.5,36.5,38.6,0.95,0.05,0.0,0.7,0.03,2,1784219324.252055,True,False,True,False,1784219255.1526983,False,True,1,0,False
1783947642.4476278,20,1784219334.2317755,37.48645761806668,0.6608171206225681,-500,True,37.5,36.5,38.6,0.95,0.05,0.0,0.7,0.03,2,1784219344.2577767,True,False,True,False,1784219255.1526983,False,True,1,0,False
1783947642.4476278,20,1784219354.2376144,37.51850156404974,0.6609697108415351,-500,True,37.5,36.5,38.6,0.95,0.05,0.0,0.7,0.03,2,1784219364.263645,True,False,True,False,1784219255.1526983,False,1,0,0,False
1783947642.4476278,20,1784219374.243572,37.507820248722055,0.6605882352941177,-500,True,37.5,36.5,38.6,0.95,0.05,0.0,0.7,0.03,2,1784219384.2697506,True,False,True,False,1784219255.1526983,False,1,0,0,False
1783947642.4476278,20,1784219394.2495537,37.51049057755398,0.6607026779583428,-500,True,37.5,36.5,38.6,0.95,0.05,0.0,0.7,0.03,2,1784219404.2757804,True,False,True,False,1784219255.1526983,False,1,0,0,False
1783947642.4476278,20,1784219414.2554533,37.48645761806668,0.6608171206225681,-500,True,37.5,36.5,38.6,0.95,0.05,0.0,0.7,0.03,2,1784219424.2814462,True,False,True,False,1784219255.1526983,False,True,1,0,False
1783947642.4476278,20,1784219434.2612276,37.47577630273899,0.6603021286335546,-500,True,37.5,36.5,38.6,0.95,0.05,0.0,0.7,0.03,2,1784219444.287247,True,False,True,True,1784219435.152709,False,True,1,0,False
1783947642.4476278,20,1784219454.267073,37.45975432974747,0.6607408255130847,-500,True,37.5,36.5,38.6,0.95,0.05,0.0,0.7,0.03,2,1784219464.2931533,True,False,True,False,1784219435.152709,False,True,1,0,False
1783947642.4476278,20,1784219474.2729197,37.470435645075156,0.6605691615167468,-500,True,37.5,36.5,38.6,0.95,0.05,0.0,0.7,0.03,2,1784219484.2989368,True,False,True,False,1784219435.152709,False,True,1,0,False
1783947642.4476278,20,1784219494.2787418,37.47844663157092,0.6604356450751507,-500,True,37.5,36.5,38.6,0.95,0.05,0.0,0.7,0.03,2,1784219504.3047833,True,False,True,False,1784219435.152709,False,True,1,0,False
1783947642.4476278,20,1784219514.2845817,37.48645761806668,0.6608743419546808,-500,True,37.5,36.5,38.6,0.95,0.05,0.0,0.7,0.03,2,1784219524.310722,True,False,True,False,1784219435.152709,False,True,1,0,False
1783947642.4476278,20,1784219534.290514,37.49713893339437,0.6602449073014419,-500,True,37.5,36.5,38.6,0.95,0.05,0.0,0.7,0.03,2,1784219544.3164592,True,False,True,False,1784219435.152709,False,True,1,0,False
1783947642.4476278,20,1784219554.2963262,37.48645761806668,0.6604547188525216,-500,True,37.5,36.5,38.6,0.95,0.05,0.0,0.7,0.03,2,1784219564.3224082,True,False,True,False,1784219435.152709,False,True,1,0,False
1783947642.4476278,20,1784219574.302227,37.507820248722055,0.6605500877393758,-500,True,37.5,36.5,38.6,0.95,0.05,0.0,0.7,0.03,2,1784219584.328202,True,False,True,False,1784219435.152709,False,1,0,0,False
1783947642.4476278,20,1784219594.3079932,37.52117189288167,0.6605691615167468,-500,True,37.5,36.5,38.6,0.95,0.05,0.0,0.7,0.03,2,1784219604.334089,True,False,True,False,1784219435.152709,False,1,0,0,False
1783947642.4476278,20,1784219614.3139026,37.50247959105822,0.6604547188525216,-500,True,37.5,36.5,38.6,0.95,0.05,0.0,0.7,0.03,2,1784219624.3398945,True,False,True,True,1784219615.1527445,False,1,0,0,False
1783947642.4476278,20,1784219634.3197505,37.47577630273899,0.6604547188525216,-500,True,37.5,36.5,38.6,0.95,0.05,0.0,0.7,0.03,2,1784219644.345831,True,False,True,False,1784219615.1527445,False,True,1,0,False
1783947642.4476278,20,1784219654.325667,37.43305104142824,0.6606454566262303,-500,True,37.5,36.5,38.6,0.95,0.05,0.0,0.7,0.03,2,1784219664.351719,True,False,True,False,1784219615.1527445,False,True,1,0,False
1783947642.4476278,20,1784219674.3317096,37.438391699092094,0.6603402761882964,-500,True,37.5,36.5,38.6,0.95,0.05,0.0,0.7,0.03,2,1784219684.3578413,True,False,True,False,1784219615.1527445,False,True,1,0,False
1783947642.4476278,20,1784219694.3375576,37.46776531624323,0.6604928664072633,-500,True,37.5,36.5,38.6,0.95,0.05,0.0,0.7,0.03,2,1784219704.3636744,True,False,True,False,1784219615.1527445,False,True,1,0,False
1783947642.4476278,20,1784219714.3434122,37.45441367208362,0.6604737926298924,-500,True,37.5,36.5,38.6,0.95,0.05,0.0,0.7,0.03,2,1784219724.3695376,True,False,True,False,1784219615.1527445,False,True,1,0,False
1783947642.4476278,20,1784219734.349177,37.481116960402844,0.6603784237430381,-500,True,37.5,36.5,38.6,0.95,0.05,0.0,0.7,0.03,2,1784219744.3753119,True,False,True,False,1784219615.1527445,False,True,1,0,False
1783947642.4476278,20,1784219754.355027,37.470435645075156,0.6605691615167468,-500,True,37.5,36.5,38.6,0.95,0.05,0.0,0.7,0.03,2,1784219764.3811264,True,False,True,False,1784219615.1527445,False,True,1,0,False
1783947642.4476278,20,1784219774.3608148,37.465094987411305,0.6605500877393758,-500,True,37.5,36.5,38.6,0.95,0.05,0.0,0.7,0.03,2,1784219784.386997,True,False,True,False,1784219615.1527445,False,True,1,0,False
1783947642.4476278,20,1784219794.3666625,37.52117189288167,0.6602449073014419,-500,True,37.5,36.5,38.6,0.95,0.05,0.0,0.7,0.03,2,1784219804.392799,True,False,True,True,1784219795.1527746,False,1,0,0,False
1783947642.4476278,20,1784219814.3726387,37.50247959105822,0.6603974975204089,-500,True,37.5,36.5,38.6,0.95,0.05,0.0,0.7,0.03,2,1784219824.3987553,True,False,True,False,1784219795.1527746,False,1,0,0,False
1783947642.4476278,20,1784219834.3785882,37.49713893339437,0.6603402761882964,-500,True,37.5,36.5,38.6,0.95,0.05,0.0,0.7,0.03,2,1784219844.4046235,True,False,True,False,1784219795.1527746,False,True,1,0,False
1783947642.4476278,20,1784219854.3844166,37.48645761806668,0.6604165712977799,-500,True,37.5,36.5,38.6,0.95,0.05,0.0,0.7,0.03,2,1784219864.4104705,True,False,True,False,1784219795.1527746,False,True,1,0,False
1783947642.4476278,20,1784219874.3902605,37.47577630273899,0.6605500877393758,-500,True,37.5,36.5,38.6,0.95,0.05,0.0,0.7,0.03,2,1784219884.4164076,True,False,True,False,1784219795.1527746,False,True,1,0,False
1783947642.4476278,20,1784219894.3960552,37.49980926222629,0.6604165712977799,-500,True,37.5,36.5,38.6,0.95,0.05,0.0,0.7,0.03,2,1784219904.4221177,True,False,True,False,1784219795.1527746,False,True,1,0,False
1783947642.4476278,20,1784219914.4019184,37.49713893339437,0.6604737926298924,-500,True,37.5,36.5,38.6,0.95,0.05,0.0,0.7,0.03,2,1784219924.4279075,True,False,True,False,1784219795.1527746,False,True,1,0,False
1783947642.4476278,20,1784219934.4077396,37.52384222171359,0.6604165712977799,-500,True,37.5,36.5,38.6,0.95,0.05,0.0,0.7,0.03,2,1784219944.4337678,True,False,True,False,1784219795.1527746,False,1,0,0,False
1783947642.4476278,20,1784219954.413559,37.513160906385906,0.6606454566262303,-500,True,37.5,36.5,38.6,0.95,0.05,0.0,0.7,0.03,2,1784219964.439537,True,False,True,False,1784219795.1527746,False,1,0,0,False
1783947642.4476278,20,1784219974.4194176,37.507820248722055,0.6604356450751507,-500,True,37.5,36.5,38.6,0.95,0.05,0.0,0.7,0.03,2,1784219984.4454856,True,False,True,True,1784219975.1528137,False,1,0,0,False
1783947642.4476278,20,1784219994.425279,37.46776531624323,0.6602449073014419,-500,True,37.5,36.5,38.6,0.95,0.05,0.0,0.7,0.03,2,1784220004.451353,True,False,True,False,1784219975.1528137,False,True,1,0,False
1783947642.4476278,20,1784220014.4311516,37.470435645075156,0.6605691615167468,-500,True,37.5,36.5,38.6,0.95,0.05,0.0,0.7,0.03,2,1784220024.457179,True,False,True,False,1784219975.1528137,False,True,1,0,False
1783947642.4476278,20,1784220034.4369497,37.48645761806668,0.6604737926298924,-500,True,37.5,36.5,38.6,0.95,0.05,0.0,0.7,0.03,2,1784220044.4629648,True,False,True,False,1784219975.1528137,False,True,1,0,False
1783947642.4476278,20,1784220054.442774,37.49713893339437,0.6603402761882964,-500,True,37.5,36.5,38.6,0.95,0.05,0.0,0.7,0.03,2,1784220064.4687798,True,False,True,False,1784219975.1528137,False,True,1,0,False
1783947642.4476278,20,1784220074.4485552,37.48645761806668,0.6605119401846342,-500,True,37.5,36.5,38.6,0.95,0.05,0.0,0.7,0.03,2,1784220084.4745712,True,False,True,False,1784219975.1528137,False,True,1,0,False
1783947642.4476278,20,1784220094.454385,37.489127946898606,0.6603402761882964,-500,True,37.5,36.5,38.6,0.95,0.05,0.0,0.7,0.03,2,1784220104.4803493,True,False,True,False,1784219975.1528137,False,True,1,0,False
1783947642.4476278,20,1784220114.460141,37.52918287937743,0.6605500877393758,-500,True,37.5,36.5,38.6,0.95,0.05,0.0,0.7,0.03,2,1784220124.4862936,True,False,True,False,1784219975.1528137,False,1,0,0,False
1783947642.4476278,20,1784220134.4661767,37.513160906385906,0.6601686121919584,-500,True,37.5,36.5,38.6,0.95,0.05,0.0,0.7,0.03,2,1784220144.4921515,True,False,True,False,1784219975.1528137,False,1,0,0,False
1783947642.4476278,20,1784220154.4719307,37.52384222171359,0.660683604180972,-500,True,37.5,36.5,38.6,0.95,0.05,0.0,0.7,0.03,2,1784220164.4979527,True,False,True,True,1784220155.1528375,False,1,0,0,False
1783947642.4476278,20,1784220174.477693,37.470435645075156,0.6604547188525216,-500,True,37.5,36.5,38.6,0.95,0.05,0.0,0.7,0.03,2,1784220184.5037603,True,False,True,False,1784220155.1528375,False,True,1,0,False
1783947642.4476278,20,1784220194.483599,37.446402685587856,0.6603974975204089,-500,True,37.5,36.5,38.6,0.95,0.05,0.0,0.7,0.03,2,1784220204.5097167,True,False,True,False,1784220155.1528375,False,True,1,0,False
1783947642.4476278,20,1784220214.4894867,37.45975432974747,0.6601113908598459,-500,True,37.5,36.5,38.6,0.95,0.05,0.0,0.7,0.03,2,1784220224.5154788,True,False,True,False,1784220155.1528375,False,True,1,0,False
1783947642.4476278,20,1784220234.4952784,37.45441367208362,0.6604737926298924,-500,True,37.5,36.5,38.6,0.95,0.05,0.0,0.7,0.03,2,1784220244.5212774,True,False,True,False,1784220155.1528375,False,True,1,0,False
1783947642.4476278,20,1784220254.501088,37.48645761806668,0.6603021286335546,-500,True,37.5,36.5,38.6,0.95,0.05,0.0,0.7,0.03,2,1784220264.527285,True,False,True,False,1784220155.1528375,False,True,1,0,False
1783947642.4476278,20,1784220274.5069442,37.47577630273899,0.6603021286335546,-500,True,37.5,36.5,38.6,0.95,0.05,0.0,0.7,0.03,2,1784220284.5330124,True,False,True,False,1784220155.1528375,False,True,1,0,False
1783947642.4476278,20,1784220294.5127966,37.51583123521782,0.6602258335240712,-500,True,37.5,36.5,38.6,0.95,0.05,0.0,0.7,0.03,2,1784220304.5387883,True,False,True,False,1784220155.1528375,False,1,0,0,False
1783947642.4476278,20,1784220314.51865,37.49179827573053,0.6604928664072633,-500,True,37.5,36.5,38.6,0.95,0.05,0.0,0.7,0.03,2,1784220324.5446672,True,False,True,False,1784220155.1528375,False,True,1,0,False
1783947642.4476278,20,1784220334.5244462,37.507820248722055,0.6605119401846342,-500,True,37.5,36.5,38.6,0.95,0.05,0.0,0.7,0.03,2,1784220344.5504422,True,False,True,True,1784220335.1528487,False,1,0,0,False
1783947642.4476278,20,1784220354.5302668,37.48645761806668,0.6605500877393758,-500,True,37.5,36.5,38.6,0.95,0.05,0.0,0.7,0.03,2,1784220364.5564127,True,False,True,False,1784220335.1528487,False,True,1,0,False
1783947642.4476278,20,1784220374.5360615,37.47577630273899,0.6603402761882964,-500,True,37.5,36.5,38.6,0.95,0.05,0.0,0.7,0.03,2,1784220384.562111,True,False,True,False,1784220335.1528487,False,True,1,0,False
1783947642.4476278,20,1784220394.5418952,37.489127946898606,0.6605119401846342,-500,True,37.5,36.5,38.6,0.95,0.05,0.0,0.7,0.03,2,1784220404.567927,True,False,True,False,1784220335.1528487,False,True,1,0,False
1783947642.4476278,20,1784220414.5477118,37.48645761806668,0.6601113908598459,-500,True,37.5,36.5,38.6,0.95,0.05,0.0,0.7,0.03,2,1784220424.5737166,True,False,True,False,1784220335.1528487,False,True,1,0,False
1783947642.4476278,20,1784220434.5534904,37.51850156404974,0.6603593499656673,-500,True,37.5,36.5,38.6,0.95,0.05,0.0,0.7,0.03,2,1784220444.5794876,True,False,True,False,1784220335.1528487,False,1,0,0,False
1783947642.4476278,20,1784220454.559307,37.52384222171359,0.6601495384145877,-500,True,37.5,36.5,38.6,0.95,0.05,0.0,0.7,0.03,2,1784220464.5852916,True,False,True,False,1784220335.1528487,False,1,0,0,False
1783947642.4476278,20,1784220474.565078,37.50247959105822,0.6598443579766538,-500,True,37.5,36.5,38.6,0.95,0.05,0.0,0.7,0.03,2,1784220484.591095,True,False,True,False,1784220335.1528487,False,1,0,0,False
1783947642.4476278,20,1784220494.5709496,37.49446860456244,0.6603212024109254,-500,True,37.5,36.5,38.6,0.95,0.05,0.0,0.7,0.03,2,1784220504.596976,True,False,True,False,1784220335.1528487,False,True,1,0,False
1783947642.4476278,20,1784220514.5767462,37.470435645075156,0.6604737926298924,-500,True,37.5,36.5,38.6,0.95,0.05,0.0,0.7,0.03,2,1784220524.6027842,True,False,True,True,1784220515.1528633,False,True,1,0,False
1783947642.4476278,20,1784220534.5826316,37.470435645075156,0.6602830548561838,-500,True,37.5,36.5,38.6,0.95,0.05,0.0,0.7,0.03,2,1784220544.6087298,True,False,True,False,1784220515.1528633,False,True,1,0,False
1783947642.4476278,20,1784220554.5885117,37.44907301441978,0.6602830548561838,-500,True,37.5,36.5,38.6,0.95,0.05,0.0,0.7,0.03,2,1784220564.6145267,True,False,True,False,1784220515.1528633,False,True,1,0,False
1783947642.4476278,20,1784220574.594347,37.44907301441978,0.6598825055313954,-500,True,37.5,36.5,38.6,0.95,0.05,0.0,0.7,0.03,2,1784220584.620344,True,False,True,False,1784220515.1528633,False,True,1,0,False
1783947642.4476278,20,1784220594.6001303,37.46242465857938,0.6603212024109254,-500,True,37.5,36.5,38.6,0.95,0.05,0.0,0.7,0.03,2,1784220604.6263072,True,False,True,False,1784220515.1528633,False,True,1,0,False
1783947642.4476278,20,1784220614.6060905,37.47577630273899,0.6603021286335546,-500,True,37.5,36.5,38.6,0.95,0.05,0.0,0.7,0.03,2,1784220624.6321132,True,False,True,False,1784220515.1528633,False,True,1,0,False
1783947642.4476278,20,1784220634.611862,37.49713893339437,0.6602067597467003,-500,True,37.5,36.5,38.6,0.95,0.05,0.0,0.7,0.03,2,1784220644.6412063,True,False,True,False,1784220515.1528633,False,True,1,0,False
1783947642.4476278,20,1784220654.6209743,37.52384222171359,0.6604165712977799,-500,True,37.5,36.5,38.6,0.95,0.05,0.0,0.7,0.03,2,1784220664.6469667,True,False,True,False,1784220515.1528633,False,1,0,0,False
1783947642.4476278,20,1784220674.6267993,37.51850156404974,0.6603212024109254,-500,True,37.5,36.5,38.6,0.95,0.05,0.0,0.7,0.03,2,1784220684.6527827,True,False,True,False,1784220515.1528633,False,1,0,0,False
1783947642.4476278,20,1784220694.6325736,37.49446860456244,0.6602639810788129,-500,True,37.5,36.5,38.6,0.95,0.05,0.0,0.7,0.03,2,1784220704.6586187,True,False,True,True,1784220695.1528695,False,True,1,0,False
1783947642.4476278,20,1784220714.6385148,37.47577630273899,0.6603402761882964,-500,True,37.5,36.5,38.6,0.95,0.05,0.0,0.7,0.03,2,1784220724.6645372,True,False,True,False,1784220695.1528695,False,True,1,0,False
1783947642.4476278,20,1784220734.6442888,37.45975432974747,0.6600732433051042,-500,True,37.5,36.5,38.6,0.95,0.05,0.0,0.7,0.03,2,1784220744.6705372,True,False,True,False,1784220695.1528695,False,True,1,0,False
1783947642.4476278,20,1784220754.6501865,37.44373235675593,0.6601495384145877,-500,True,37.5,36.5,38.6,0.95,0.05,0.0,0.7,0.03,2,1784220764.6762319,True,False,True,False,1784220695.1528695,False,True,1,0,False
1783947642.4476278,20,1784220774.6562374,37.470435645075156,0.6602449073014419,-500,True,37.5,36.5,38.6,0.95,0.05,0.0,0.7,0.03,2,1784220784.6823947,True,False,True,False,1784220695.1528695,False,True,1,0,False
1783947642.4476278,20,1784220794.6620986,37.47310597390707,0.6602067597467003,-500,True,37.5,36.5,38.6,0.95,0.05,0.0,0.7,0.03,2,1784220804.688198,True,False,True,False,1784220695.1528695,False,True,1,0,False
1783947642.4476278,20,1784220814.6678855,37.49713893339437,0.6603593499656673,-500,True,37.5,36.5,38.6,0.95,0.05,0.0,0.7,0.03,2,1784220824.693923,True,False,True,False,1784220695.1528695,False,True,1,0,False
1783947642.4476278,20,1784220834.6736622,37.48645761806668,0.6602639810788129,-500,True,37.5,36.5,38.6,0.95,0.05,0.0,0.7,0.03,2,1784220844.6998503,True,False,True,False,1784220695.1528695,False,True,1,0,False
1783947642.4476278,20,1784220854.6795914,37.52918287937743,0.6602449073014419,-500,True,37.5,36.5,38.6,0.95,0.05,0.0,0.7,0.03,2,1784220864.7057009,True,False,True,False,1784220695.1528695,False,1,0,0,False
1783947642.4476278,20,1784220874.6855428,37.51850156404974,0.6602830548561838,-500,True,37.5,36.5,38.6,0.95,0.05,0.0,0.7,0.03,2,1784220884.7115936,True,False,True,True,1784220875.1528995,False,1,0,0,False
1783947642.4476278,20,1784220894.6913977,37.45174334325169,0.6599015793087664,-500,True,37.5,36.5,38.6,0.95,0.05,0.0,0.7,0.03,2,1784220904.7175248,True,False,True,False,1784220875.1528995,False,True,1,0,False
1783947642.4476278,20,1784220914.6972907,37.427710383764406,0.6600541695277333,-500,True,37.5,36.5,38.6,0.95,0.05,0.0,0.7,0.03,2,1784220924.723327,True,False,True,False,1784220875.1528995,False,True,1,0,False
1783947642.4476278,20,1784220934.703133,37.438391699092094,0.6602258335240712,-500,True,37.5,36.5,38.6,0.95,0.05,0.0,0.7,0.03,2,1784220944.7291603,True,False,True,False,1784220875.1528995,False,True,1,0,False
1783947642.4476278,20,1784220954.708943,37.44907301441978,0.6602067597467003,-500,True,37.5,36.5,38.6,0.95,0.05,0.0,0.7,0.03,2,1784220964.7349944,True,False,True,False,1784220875.1528995,False,True,1,0,False
1783947642.4476278,20,1784220974.7147918,37.45975432974747,0.6599969481956207,-500,True,37.5,36.5,38.6,0.95,0.05,0.0,0.7,0.03,2,1784220984.740991,True,False,True,False,1784220875.1528995,False,True,1,0,False
1783947642.4476278,20,1784220994.7207396,37.46776531624323,0.6601304646372168,-500,True,37.5,36.5,38.6,0.95,0.05,0.0,0.7,0.03,2,1784221004.7469213,True,False,True,False,1784220875.1528995,False,True,1,0,False
1783947642.4476278,20,1784221014.7266026,37.50247959105822,0.6603021286335546,-500,True,37.5,36.5,38.6,0.95,0.05,0.0,0.7,0.03,2,1784221024.7528129,True,False,True,False,1784220875.1528995,False,1,0,0,False
1783947642.4476278,20,1784221034.7324781,37.481116960402844,0.6600350957503625,-500,True,37.5,36.5,38.6,0.95,0.05,0.0,0.7,0.03,2,1784221044.7587929,True,False,True,False,1784220875.1528995,False,True,1,0,False
1783947642.4476278,20,1784221054.7386043,37.49713893339437,0.6602258335240712,-500,True,37.5,36.5,38.6,0.95,0.05,0.0,0.7,0.03,2,1784221064.7646213,True,False,True,True,1784221055.1529062,False,True,1,0,False
1783947642.4476278,20,1784221074.7443895,37.49713893339437,0.6600160219729915,-500,True,37.5,36.5,38.6,0.95,0.05,0.0,0.7,0.03,2,1784221084.7704706,True,False,True,False,1784221055.1529062,False,True,1,0,False
1783947642.4476278,20,1784221094.7502527,37.489127946898606,0.6601686121919584,-500,True,37.5,36.5,38.6,0.95,0.05,0.0,0.7,0.03,2,1784221104.776255,True,False,True,False,1784221055.1529062,False,True,1,0,False
1783947642.4476278,20,1784221114.7560716,37.50247959105822,0.6600350957503625,-500,True,37.5,36.5,38.6,0.95,0.05,0.0,0.7,0.03,2,1784221124.7821043,True,False,True,False,1784221055.1529062,False,1,0,0,False
1783947642.4476278,20,1784221134.7620087,37.50247959105822,0.6603402761882964,-500,True,37.5,36.5,38.6,0.95,0.05,0.0,0.7,0.03,2,1784221144.7879856,True,False,True,False,1784221055.1529062,False,1,0,0,False
1783947642.4476278,20,1784221154.7678118,37.48645761806668,0.660092317082475,-500,True,37.5,36.5,38.6,0.95,0.05,0.0,0.7,0.03,2,1784221164.7939134,True,False,True,False,1784221055.1529062,False,True,1,0,False
1783947642.4476278,20,1784221174.7736497,37.50247959105822,0.6601495384145877,-500,True,37.5,36.5,38.6,0.95,0.05,0.0,0.7,0.03,2,1784221184.799655,True,False,True,False,1784221055.1529062,False,1,0,0,False
1783947642.4476278,20,1784221194.7794778,37.51049057755398,0.6599588006408789,-500,True,37.5,36.5,38.6,0.95,0.05,0.0,0.7,0.03,2,1784221204.805498,True,False,True,False,1784221055.1529062,False,1,0,0,False
1783947642.4476278,20,1784221214.785273,37.465094987411305,0.6602449073014419,-500,True,37.5,36.5,38.6,0.95,0.05,0.0,0.7,0.03,2,1784221224.8116477,False,True,True,False,1784221055.1529062,False,True,1,0,False
1783947642.4476278,20,1784221234.7911425,37.44373235675593,0.6599969481956207,-500,True,37.5,36.5,38.6,0.95,0.05,0.0,0.7,0.03,2,1784221244.8171918,False,True,True,True,1784221235.1529114,False,True,1,0,False
1783947642.4476278,20,1784221254.7971408,37.395666437781344,0.6598825055313954,-500,True,37.5,36.5,38.6,0.95,0.05,0.0,0.7,0.03,2,1784221264.8234215,False,True,True,False,1784221235.1529114,False,True,1,0,False
1783947642.4476278,20,1784221274.8032606,37.37430380712597,0.6596917677576868,-500,True,37.5,36.5,38.6,0.95,0.05,0.0,0.7,0.03,2,1784221284.8293552,False,True,True,False,1784221235.1529114,False,True,1,0,False
1783947642.4476278,20,1784221294.809101,37.41969939726863,0.6599588006408789,-500,True,37.5,36.5,38.6,0.95,0.05,0.0,0.7,0.03,2,1784221304.8351212,False,True,True,False,1784221235.1529114,False,True,1,0,False
1783947642.4476278,20,1784221314.8149595,37.44373235675593,0.6599778744182498,-500,True,37.5,36.5,38.6,0.95,0.05,0.0,0.7,0.03,2,1784221324.841214,False,True,True,False,1784221235.1529114,False,True,1,0,False
1783947642.4476278,20,1784221334.820808,37.438391699092094,0.659939726863508,-500,True,37.5,36.5,38.6,0.95,0.05,0.0,0.7,0.03,2,1784221344.8468783,False,True,True,False,1784221235.1529114,False,True,1,0,False
1783947642.4476278,20,1784221354.8266928,37.48645761806668,0.6599588006408789,-500,True,37.5,36.5,38.6,0.95,0.05,0.0,0.7,0.03,2,1784221364.8527374,False,True,True,False,1784221235.1529114,False,True,1,0,False
1783947642.4476278,20,1784221374.8325577,37.49713893339437,0.659939726863508,-500,True,37.5,36.5,38.6,0.95,0.05,0.0,0.7,0.03,2,1784221384.858672,False,True,True,False,1784221235.1529114,False,True,1,0,False
1783947642.4476278,20,1784221394.8384898,37.53719386587319,0.6599778744182498,-500,True,37.5,36.5,38.6,0.95,0.05,0.0,0.7,0.03,2,1784221404.8644633,False,True,True,False,1784221235.1529114,False,1,0,0,False
1783947642.4476278,20,1784221414.8442955,37.507820248722055,0.6599015793087664,-500,True,37.5,36.5,38.6,0.95,0.05,0.0,0.7,0.03,2,1784221424.870305,False,True,True,True,1784221415.152938,False,1,0,0,False
1783947642.4476278,20,1784221434.8501265,37.44907301441978,0.6599015793087664,-500,True,37.5,36.5,38.6,0.95,0.05,0.0,0.7,0.03,2,1784221444.8760986,False,True,True,False,1784221415.152938,False,True,1,0,False
1783947642.4476278,20,1784221454.8558848,37.43305104142824,0.6601686121919584,-500,True,37.5,36.5,38.6,0.95,0.05,0.0,0.7,0.03,2,1784221464.8819656,False,True,True,False,1784221415.152938,False,True,1,0,False
1783947642.4476278,20,1784221474.861751,37.43305104142824,0.659939726863508,-500,True,37.5,36.5,38.6,0.95,0.05,0.0,0.7,0.03,2,1784221484.8878024,False,True,True,False,1784221415.152938,False,True,1,0,False
1783947642.4476278,20,1784221494.8675966,37.46776531624323,0.6598443579766538,-500,True,37.5,36.5,38.6,0.95,0.05,0.0,0.7,0.03,2,1784221504.893593,False,True,True,False,1784221415.152938,False,True,1,0,False
1783947642.4476278,20,1784221514.8733716,37.47577630273899,0.6602067597467003,-500,True,37.5,36.5,38.6,0.95,0.05,0.0,0.7,0.03,2,1784221524.8993847,False,True,True,False,1784221415.152938,False,True,1,0,False
1783947642.4476278,20,1784221534.8792348,37.47577630273899,0.659939726863508,-500,True,37.5,36.5,38.6,0.95,0.05,0.0,0.7,0.03,2,1784221544.9052734,False,True,True,False,1784221415.152938,False,True,1,0,False
1783947642.4476278,20,1784221554.885059,37.481116960402844,0.6597680628671703,-500,True,37.5,36.5,38.6,0.95,0.05,0.0,0.7,0.03,2,1784221564.9110734,False,True,True,False,1784221415.152938,False,True,1,0,False
1783947642.4476278,20,1784221574.8909025,37.53452353704128,0.6599778744182498,-500,True,37.5,36.5,38.6,0.95,0.05,0.0,0.7,0.03,2,1784221584.9168987,False,True,True,False,1784221415.152938,False,1,0,0,False
1783947642.4476278,20,1784221594.896696,37.51049057755398,0.6599015793087664,-500,True,37.5,36.5,38.6,0.95,0.05,0.0,0.7,0.03,2,1784221604.9227364,False,True,True,True,1784221595.1529753,False,1,0,0,False
1783947642.4476278,20,1784221614.9025848,37.43305104142824,0.6598634317540245,-500,True,37.5,36.5,38.6,0.95,0.05,0.0,0.7,0.03,2,1784221624.928621,False,True,True,False,1784221595.1529753,False,True,1,0,False
1783947642.4476278,20,1784221634.90839,37.45975432974747,0.6599206530861372,-500,True,37.5,36.5,38.6,0.95,0.05,0.0,0.7,0.03,2,1784221644.9344382,False,True,True,False,1784221595.1529753,False,True,1,0,False
1783947642.4476278,20,1784221654.9142523,37.45975432974747,0.6597299153124284,-500,True,37.5,36.5,38.6,0.95,0.05,0.0,0.7,0.03,2,1784221664.9402404,False,True,True,False,1784221595.1529753,False,True,1,0,False
1783947642.4476278,20,1784221674.9200788,37.45975432974747,0.6599588006408789,-500,True,37.5,36.5,38.6,0.95,0.05,0.0,0.7,0.03,2,1784221684.946136,False,True,True,False,1784221595.1529753,False,True,1,0,False
1783947642.4476278,20,1784221694.9259486,37.47844663157092,0.6598252841992829,-500,True,37.5,36.5,38.6,0.95,0.05,0.0,0.7,0.03,2,1784221704.952157,False,True,True,False,1784221595.1529753,False,True,1,0,False
1783947642.4476278,20,1784221714.9317904,37.49713893339437,0.6600160219729915,-500,True,37.5,36.5,38.6,0.95,0.05,0.0,0.7,0.03,2,1784221724.957878,False,True,True,False,1784221595.1529753,False,True,1,0,False
1783947642.4476278,20,1784221734.937616,37.507820248722055,0.6599588006408789,-500,True,37.5,36.5,38.6,0.95,0.05,0.0,0.7,0.03,2,1784221744.9636207,False,True,True,False,1784221595.1529753,False,1,0,0,False
1783947642.4476278,20,1784221754.9434566,37.513160906385906,0.6600160219729915,-500,True,37.5,36.5,38.6,0.95,0.05,0.0,0.7,0.03,2,1784221764.969552,False,True,True,False,1784221595.1529753,False,1,0,0,False
1783947642.4476278,20,1784221774.9493263,37.513160906385906,0.660092317082475,-500,True,37.5,36.5,38.6,0.95,0.05,0.0,0.7,0.03,2,1784221784.975356,False,True,True,True,1784221775.1529918,False,1,0,0,False
1783947642.4476278,20,1784221794.9551613,37.446402685587856,0.6597680628671703,-500,True,37.5,36.5,38.6,0.95,0.05,0.0,0.7,0.03,2,1784221804.9813483,False,True,True,False,1784221775.1529918,False,True,1,0,False
1783947642.4476278,20,1784221814.960976,37.422369726100555,0.6596536202029449,-500,True,37.5,36.5,38.6,0.95,0.05,0.0,0.7,0.03,2,1784221824.9871225,False,True,True,False,1784221775.1529918,False,True,1,0,False
1783947642.4476278,20,1784221834.9669063,37.44907301441978,0.6597680628671703,-500,True,37.5,36.5,38.6,0.95,0.05,0.0,0.7,0.03,2,1784221844.992978,False,True,True,False,1784221775.1529918,False,True,1,0,False
1783947642.4476278,20,1784221854.972753,37.45975432974747,0.6598634317540245,-500,True,37.5,36.5,38.6,0.95,0.05,0.0,0.7,0.03,2,1784221864.9988084,False,True,True,False,1784221775.1529918,False,True,1,0,False
1783947642.4476278,20,1784221874.978619,37.465094987411305,0.6598062104219119,-500,True,37.5,36.5,38.6,0.95,0.05,0.0,0.7,0.03,2,1784221885.004622,False,True,True,False,1784221775.1529918,False,True,1,0,False
1783947642.4476278,20,1784221894.9844217,37.489127946898606,0.6597680628671703,-500,True,37.5,36.5,38.6,0.95,0.05,0.0,0.7,0.03,2,1784221905.0105028,False,True,True,False,1784221775.1529918,False,True,1,0,False
1783947642.4476278,20,1784221914.9902513,37.513160906385906,0.6599015793087664,-500,True,37.5,36.5,38.6,0.95,0.05,0.0,0.7,0.03,2,1784221925.0162919,False,True,True,False,1784221775.1529918,False,1,0,0,False
1783947642.4476278,20,1784221934.9960966,37.49713893339437,0.6598252841992829,-500,True,37.5,36.5,38.6,0.95,0.05,0.0,0.7,0.03,2,1784221945.0222602,False,True,True,False,1784221775.1529918,False,True,1,0,False
1783947642.4476278,20,1784221955.0019767,37.50247959105822,0.6599588006408789,-500,True,37.5,36.5,38.6,0.95,0.05,0.0,0.7,0.03,2,1784221965.0280647,False,True,True,True,1784221955.1530106,False,1,0,0,False
1783947642.4476278,20,1784221975.0077548,37.44907301441978,0.6598443579766538,-500,True,37.5,36.5,38.6,0.95,0.05,0.0,0.7,0.03,2,1784221985.0337844,False,True,True,False,1784221955.1530106,False,True,1,0,False
1783947642.4476278,20,1784221995.013532,37.47310597390707,0.6598252841992829,-500,True,37.5,36.5,38.6,0.95,0.05,0.0,0.7,0.03,2,1784222005.039539,False,True,True,False,1784221955.1530106,False,True,1,0,False
1783947642.4476278,20,1784222015.0193427,37.470435645075156,0.6601304646372168,-500,True,37.5,36.5,38.6,0.95,0.05,0.0,0.7,0.03,2,1784222025.0453732,False,True,True,False,1784221955.1530106,False,True,1,0,False
1783947642.4476278,20,1784222035.025155,37.481116960402844,0.659939726863508,-500,True,37.5,36.5,38.6,0.95,0.05,0.0,0.7,0.03,2,1784222045.0511818,False,True,True,False,1784221955.1530106,False,True,1,0,False
1783947642.4476278,20,1784222055.0309908,37.507820248722055,0.6598443579766538,-500,True,37.5,36.5,38.6,0.95,0.05,0.0,0.7,0.03,2,1784222065.0570636,False,True,True,False,1784221955.1530106,False,1,0,0,False
1783947642.4476278,20,1784222075.0368888,37.51850156404974,0.6599015793087664,-500,True,37.5,36.5,38.6,0.95,0.05,0.0,0.7,0.03,2,1784222085.06288,False,True,True,False,1784221955.1530106,False,1,0,0,False
1783947642.4476278,20,1784222095.0427518,37.51583123521782,0.6599015793087664,-500,True,37.5,36.5,38.6,0.95,0.05,0.0,0.7,0.03,2,1784222105.0688334,False,True,True,False,1784221955.1530106,False,1,0,0,False
1783947642.4476278,20,1784222115.0486228,37.45975432974747,0.6598062104219119,-500,True,37.5,36.5,38.6,0.95,0.05,0.0,0.7,0.03,2,1784222125.0746531,False,True,True,False,1784221955.1530106,False,True,1,0,False
1783947642.4476278,20,1784222135.0544822,37.470435645075156,0.6595391775387198,-500,True,37.5,36.5,38.6,0.95,0.05,0.0,0.7,0.03,2,1784222145.0804431,False,True,True,True,1784222135.153025,False,True,1,0,False
1783947642.4476278,20,1784222155.0602393,37.422369726100555,0.6596917677576868,-500,True,37.5,36.5,38.6,0.95,0.05,0.0,0.7,0.03,2,1784222165.086339,False,True,True,False,1784222135.153025,False,True,1,0,False
1783947642.4476278,20,1784222175.066135,37.44373235675593,0.6597299153124284,-500,True,37.5,36.5,38.6,0.95,0.05,0.0,0.7,0.03,2,1784222185.0923204,False,True,True,False,1784222135.153025,False,True,1,0,False
1783947642.4476278,20,1784222195.0718884,37.446402685587856,0.6597299153124284,-500,True,37.5,36.5,38.6,0.95,0.05,0.0,0.7,0.03,2,1784222205.09794,False,True,True,False,1784222135.153025,False,True,1,0,False
1783947642.4476278,20,1784222215.0776863,37.45975432974747,0.6597299153124284,-500,True,37.5,36.5,38.6,0.95,0.05,0.0,0.7,0.03,2,1784222225.103738,False,True,True,False,1784222135.153025,False,True,1,0,False
1783947642.4476278,20,1784222235.0835474,37.465094987411305,0.6597108415350575,-500,True,37.5,36.5,38.6,0.95,0.05,0.0,0.7,0.03,2,1784222245.1097908,False,True,True,False,1784222135.153025,False,True,1,0,False
1783947642.4476278,20,1784222255.0895627,37.50247959105822,0.6594819562066071,-500,True,37.5,36.5,38.6,0.95,0.05,0.0,0.7,0.03,2,1784222265.1155915,False,True,True,False,1784222135.153025,False,1,0,0,False
1783947642.4476278,20,1784222275.0954416,37.507820248722055,0.6597299153124284,-500,True,37.5,36.5,38.6,0.95,0.05,0.0,0.7,0.03,2,1784222285.121709,False,True,True,False,1784222135.153025,False,1,0,0,False
1783947642.4476278,20,1784222295.101364,37.53719386587319,0.6598443579766538,-500,True,37.5,36.5,38.6,0.95,0.05,0.0,0.7,0.03,2,1784222305.1274037,False,True,True,False,1784222135.153025,False,1,0,0,False
1783947642.4476278,20,1784222315.1072788,37.49713893339437,0.6597489890897994,-500,True,37.5,36.5,38.6,0.95,0.05,0.0,0.7,0.03,2,1784222325.1333177,False,True,True,True,1784222315.1530366,False,True,1,0,False
1783947642.4476278,20,1784222335.1130779,37.44373235675593,0.659520103761349,-500,True,37.5,36.5,38.6,0.95,0.05,0.0,0.7,0.03,2,1784222345.1391118,False,True,True,False,1784222315.1530366,False,True,1,0,False
1783947642.4476278,20,1784222355.1189523,37.44373235675593,0.6597299153124284,-500,True,37.5,36.5,38.6,0.95,0.05,0.0,0.7,0.03,2,1784222365.1450062,False,True,True,False,1784222315.1530366,False,True,1,0,False
1783947642.4476278,20,1784222375.1248364,37.44373235675593,0.659367513542382,-500,True,37.5,36.5,38.6,0.95,0.05,0.0,0.7,0.03,2,1784222385.1508772,False,True,True,False,1784222315.1530366,False,True,1,0,False
1783947642.4476278,20,1784222395.1307137,37.45174334325169,0.659501029983978,-500,True,37.5,36.5,38.6,0.95,0.05,0.0,0.7,0.03,2,1784222405.156741,False,True,True,False,1784222315.1530366,False,True,1,0,False
1783947642.4476278,20,1784222415.1365428,37.48645761806668,0.6599206530861372,-500,True,37.5,36.5,38.6,0.95,0.05,0.0,0.7,0.03,2,1784222425.1625805,False,True,True,False,1784222315.1530366,False,True,1,0,False
1783947642.4476278,20,1784222435.1424015,37.49179827573053,0.6599778744182498,-500,True,37.5,36.5,38.6,0.95,0.05,0.0,0.7,0.03,2,1784222445.1683984,False,True,True,False,1784222315.1530366,False,True,1,0,False
1783947642.4476278,20,1784222455.1481793,37.49713893339437,0.6598252841992829,-500,True,37.5,36.5,38.6,0.95,0.05,0.0,0.7,0.03,2,1784222465.1741972,False,True,True,False,1784222315.1530366,False,True,1,0,False
1783947642.4476278,20,1784222475.1539915,37.513160906385906,0.6597680628671703,-500,True,37.5,36.5,38.6,0.95,0.05,0.0,0.7,0.03,2,1784222485.1799552,False,True,True,True,1784222495.1530404,False,1,0,0,False
1783947642.4476278,20,1784222495.1597805,37.49980926222629,0.6597108415350575,-500,True,37.5,36.5,38.6,0.95,0.05,0.0,0.7,0.03,2,1784222505.1858363,False,True,True,True,1784222495.1530404,False,True,1,0,False
1783947642.4476278,20,1784222515.1656437,37.44373235675593,0.6597680628671703,-500,True,37.5,36.5,38.6,0.95,0.05,0.0,0.7,0.03,2,1784222525.1917288,False,True,True,False,1784222495.1530404,False,True,1,0,False
1783947642.4476278,20,1784222535.1715295,37.438391699092094,0.6599206530861372,-500,True,37.5,36.5,38.6,0.95,0.05,0.0,0.7,0.03,2,1784222545.1975427,False,True,True,False,1784222495.1530404,False,True,1,0,False
1783947642.4476278,20,1784222555.177307,37.465094987411305,0.6596726939803159,-500,True,37.5,36.5,38.6,0.95,0.05,0.0,0.7,0.03,2,1784222565.203396,False,True,True,False,1784222495.1530404,False,True,1,0,False
1783947642.4476278,20,1784222575.1832058,37.50247959105822,0.6594056610971236,-500,True,37.5,36.5,38.6,0.95,0.05,0.0,0.7,0.03,2,1784222585.2092414,False,True,True,False,1784222495.1530404,False,1,0,0,False
1783947642.4476278,20,1784222595.189072,37.49980926222629,0.6595963988708324,-500,True,37.5,36.5,38.6,0.95,0.05,0.0,0.7,0.03,2,1784222605.2151494,False,True,True,False,1784222495.1530404,False,True,1,0,False
1783947642.4476278,20,1784222615.1949797,37.49713893339437,0.6595963988708324,-500,True,37.5,36.5,38.6,0.95,0.05,0.0,0.7,0.03,2,1784222625.2209892,False,True,True,False,1784222495.1530404,False,True,1,0,False
1783947642.4476278,20,1784222635.2007906,37.52384222171359,0.6596726939803159,-500,True,37.5,36.5,38.6,0.95,0.05,0.0,0.7,0.03,2,1784222645.226804,False,True,True,False,1784222495.1530404,False,1,0,0,False
1783947642.4476278,20,1784222655.2067149,37.507820248722055,0.6595773250934615,-500,True,37.5,36.5,38.6,0.95,0.05,0.0,0.7,0.03,2,1784222665.2328727,False,True,True,True,1784222675.1530743,False,1,0,0,False
1783947642.4476278,20,1784222675.212532,37.48645761806668,0.6595963988708324,-500,True,37.5,36.5,38.6,0.95,0.05,0.0,0.7,0.03,2,1784222685.2385886,False,True,True,True,1784222675.1530743,False,True,1,0,False
1783947642.4476278,20,1784222695.218399,37.45174334325169,0.6596917677576868,-500,True,37.5,36.5,38.6,0.95,0.05,0.0,0.7,0.03,2,1784222705.2444344,False,True,True,False,1784222675.1530743,False,True,1,0,False
1783947642.4476278,20,1784222715.2241936,37.470435645075156,0.6597680628671703,-500,True,37.5,36.5,38.6,0.95,0.05,0.0,0.7,0.03,2,1784222725.2502706,False,True,True,False,1784222675.1530743,False,True,1,0,False
1783947642.4476278,20,1784222735.2300615,37.48645761806668,0.6597489890897994,-500,True,37.5,36.5,38.6,0.95,0.05,0.0,0.7,0.03,2,1784222745.2560308,False,True,True,False,1784222675.1530743,False,True,1,0,False
1783947642.4476278,20,1784222755.2358258,37.48645761806668,0.6597489890897994,-500,True,37.5,36.5,38.6,0.95,0.05,0.0,0.7,0.03,2,1784222765.2620296,False,True,True,False,1784222675.1530743,False,True,1,0,False
1783947642.4476278,20,1784222775.2416103,37.49713893339437,0.6597489890897994,-500,True,37.5,36.5,38.6,0.95,0.05,0.0,0.7,0.03,2,1784222785.2676268,False,True,True,False,1784222675.1530743,False,True,1,0,False
1783947642.4476278,20,1784222795.2474868,37.49980926222629,0.6594247348744945,-500,True,37.5,36.5,38.6,0.95,0.05,0.0,0.7,0.03,2,1784222805.27355,False,True,True,False,1784222675.1530743,False,True,1,0,False
1783947642.4476278,20,1784222815.253335,37.51850156404974,0.6592339971007859,-500,True,37.5,36.5,38.6,0.95,0.05,0.0,0.7,0.03,2,1784222825.2793849,False,True,True,False,1784222675.1530743,False,1,0,0,False
1783947642.4476278,20,1784222835.2592354,37.49713893339437,0.6594247348744945,-500,True,37.5,36.5,38.6,0.95,0.05,0.0,0.7,0.03,2,1784222845.2852612,False,True,True,True,1784222855.1530898,False,True,1,0,False
1783947642.4476278,20,1784222855.2650332,37.45975432974747,0.659787136644541,-500,True,37.5,36.5,38.6,0.95,0.05,0.0,0.7,0.03,2,1784222865.2910748,False,True,True,True,1784222855.1530898,False,True,1,0,False
1783947642.4476278,20,1784222875.2708795,37.45975432974747,0.659520103761349,-500,True,37.5,36.5,38.6,0.95,0.05,0.0,0.7,0.03,2,1784222885.296962,False,True,True,False,1784222855.1530898,False,True,1,0,False
1783947642.4476278,20,1784222895.2767234,37.47844663157092,0.6594438086518655,-500,True,37.5,36.5,38.6,0.95,0.05,0.0,0.7,0.03,2,1784222905.3027961,False,True,True,False,1784222855.1530898,False,True,1,0,False
1783947642.4476278,20,1784222915.282606,37.481116960402844,0.6596345464255741,-500,True,37.5,36.5,38.6,0.95,0.05,0.0,0.7,0.03,2,1784222925.308766,False,True,True,False,1784222855.1530898,False,True,1,0,False
1783947642.4476278,20,1784222935.2887578,37.49713893339437,0.6596536202029449,-500,True,37.5,36.5,38.6,0.95,0.05,0.0,0.7,0.03,2,1784222945.3152025,False,True,True,False,1784222855.1530898,False,True,1,0,False
1783947642.4476278,20,1784222955.2948976,37.52384222171359,0.6598443579766538,-500,True,37.5,36.5,38.6,0.95,0.05,0.0,0.7,0.03,2,1784222965.3210342,False,True,True,False,1784222855.1530898,False,1,0,0,False
1783947642.4476278,20,1784222975.300736,37.507820248722055,0.6596917677576868,-500,True,37.5,36.5,38.6,0.95,0.05,0.0,0.7,0.03,2,1784222985.3268228,False,True,True,False,1784222855.1530898,False,1,0,0,False
1783947642.4476278,20,1784222995.3065636,37.49446860456244,0.659501029983978,-500,True,37.5,36.5,38.6,0.95,0.05,0.0,0.7,0.03,2,1784223005.3325584,False,True,True,False,1784222855.1530898,False,True,1,0,False
1783947642.4476278,20,1784223015.3123097,37.49179827573053,0.6599588006408789,-500,True,37.5,36.5,38.6,0.95,0.05,0.0,0.7,0.03,2,1784223025.3383353,False,True,True,True,1784223035.153122,False,True,1,0,False
1783947642.4476278,20,1784223035.318162,37.465094987411305,0.6594247348744945,-500,True,37.5,36.5,38.6,0.95,0.05,0.0,0.7,0.03,2,1784223045.34416,False,True,True,True,1784223035.153122,False,True,1,0,False
1783947642.4476278,20,1784223055.323977,37.44373235675593,0.6596154726482033,-500,True,37.5,36.5,38.6,0.95,0.05,0.0,0.7,0.03,2,1784223065.3500068,False,True,True,False,1784223035.153122,False,True,1,0,False
1783947642.4476278,20,1784223075.3298848,37.438391699092094,0.659520103761349,-500,True,37.5,36.5,38.6,0.95,0.05,0.0,0.7,0.03,2,1784223085.355882,False,True,True,False,1784223035.153122,False,True,1,0,False
1783947642.4476278,20,1784223095.3357005,37.46242465857938,0.6596726939803159,-500,True,37.5,36.5,38.6,0.95,0.05,0.0,0.7,0.03,2,1784223105.3617158,False,True,True,False,1784223035.153122,False,True,1,0,False
1783947642.4476278,20,1784223115.3414881,37.470435645075156,0.6596536202029449,-500,True,37.5,36.5,38.6,0.95,0.05,0.0,0.7,0.03,2,1784223125.3674958,False,True,True,False,1784223035.153122,False,True,1,0,False
1783947642.4476278,20,1784223135.3473246,37.507820248722055,0.6591577019913024,-500,True,37.5,36.5,38.6,0.95,0.05,0.0,0.7,0.03,2,1784223145.3734808,False,True,True,False,1784223035.153122,False,1,0,0,False
1783947642.4476278,20,1784223155.3531144,37.507820248722055,0.659520103761349,-500,True,37.5,36.5,38.6,0.95,0.05,0.0,0.7,0.03,2,1784223165.3791888,False,True,True,False,1784223035.153122,False,1,0,0,False
1783947642.4476278,20,1784223175.3590064,37.48645761806668,0.6594438086518655,-500,True,37.5,36.5,38.6,0.95,0.05,0.0,0.7,0.03,2,1784223185.3850253,False,True,True,False,1784223035.153122,False,True,1,0,False
1783947642.4476278,20,1784223195.3647776,37.489127946898606,0.6596345464255741,-500,True,37.5,36.5,38.6,0.95,0.05,0.0,0.7,0.03,2,1784223205.3908103,False,True,True,True,1784223215.153158,False,True,1,0,False
1783947642.4476278,20,1784223215.3705957,37.465094987411305,0.659367513542382,-500,True,37.5,36.5,38.6,0.95,0.05,0.0,0.7,0.03,2,1784223225.3965943,False,True,True,True,1784223215.153158,False,True,1,0,False
1783947642.4476278,20,1784223235.3763628,37.470435645075156,0.659501029983978,-500,True,37.5,36.5,38.6,0.95,0.05,0.0,0.7,0.03,2,1784223245.4025846,False,True,True,False,1784223215.153158,False,True,1,0,False
1783947642.4476278,20,1784223255.3822536,37.44907301441978,0.6592530708781567,-500,True,37.5,36.5,38.6,0.95,0.05,0.0,0.7,0.03,2,1784223265.4083111,False,True,True,False,1784223215.153158,False,True,1,0,False
1783947642.4476278,20,1784223275.3880804,37.48645761806668,0.6596154726482033,-500,True,37.5,36.5,38.6,0.95,0.05,0.0,0.7,0.03,2,1784223285.414119,False,True,True,False,1784223215.153158,False,True,1,0,False
1783947642.4476278,20,1784223295.3939204,37.47310597390707,0.6592912184328985,-500,True,37.5,36.5,38.6,0.95,0.05,0.0,0.7,0.03,2,1784223305.4199607,False,True,True,False,1784223215.153158,False,True,1,0,False
1783947642.4476278,20,1784223315.3997707,37.507820248722055,0.6593865873197529,-500,True,37.5,36.5,38.6,0.95,0.05,0.0,0.7,0.03,2,1784223325.4257617,False,True,True,False,1784223215.153158,False,1,0,0,False
1783947642.4476278,20,1784223335.4055676,37.513160906385906,0.6594628824292363,-500,True,37.5,36.5,38.6,0.95,0.05,0.0,0.7,0.03,2,1784223345.43179,False,True,True,False,1784223215.153158,False,1,0,0,False
1783947642.4476278,20,1784223355.4116354,37.507820248722055,0.6592912184328985,-500,True,37.5,36.5,38.6,0.95,0.05,0.0,0.7,0.03,2,1784223365.4376667,False,True,True,False,1784223215.153158,False,1,0,0,False
1783947642.4476278,20,1784223375.4174647,37.470435645075156,0.659501029983978,-500,True,37.5,36.5,38.6,0.95,0.05,0.0,0.7,0.03,2,1784223385.4434676,False,True,True,True,1784223395.153168,False,True,1,0,False
1783947642.4476278,20,1784223395.4232972,37.46242465857938,0.6592912184328985,-500,True,37.5,36.5,38.6,0.95,0.05,0.0,0.7,0.03,2,1784223405.449293,False,True,True,True,1784223395.153168,False,True,1,0,False
1783947642.4476278,20,1784223415.429065,37.43305104142824,0.6595391775387198,-500,True,37.5,36.5,38.6,0.95,0.05,0.0,0.7,0.03,2,1784223425.455165,False,True,True,False,1784223395.153168,False,True,1,0,False
1783947642.4476278,20,1784223435.4349508,37.40634775310903,0.6594247348744945,-500,True,37.5,36.5,38.6,0.95,0.05,0.0,0.7,0.03,2,1784223445.4610348,False,True,True,False,1784223395.153168,False,True,1,0,False
1783947642.4476278,20,1784223455.4407856,37.43305104142824,0.659195849546044,-500,True,37.5,36.5,38.6,0.95,0.05,0.0,0.7,0.03,2,1784223465.4668076,False,True,True,False,1784223395.153168,False,True,1,0,False
1783947642.4476278,20,1784223475.446648,37.45441367208362,0.6592339971007859,-500,True,37.5,36.5,38.6,0.95,0.05,0.0,0.7,0.03,2,1784223485.4726188,False,True,True,False,1784223395.153168,False,True,1,0,False
1783947642.4476278,20,1784223495.4524097,37.46242465857938,0.659367513542382,-500,True,37.5,36.5,38.6,0.95,0.05,0.0,0.7,0.03,2,1784223505.4784646,False,True,True,False,1784223395.153168,False,True,1,0,False
1783947642.4476278,20,1784223515.4582205,37.513160906385906,0.6596154726482033,-500,True,37.5,36.5,38.6,0.95,0.05,0.0,0.7,0.03,2,1784223525.4841564,False,True,True,False,1784223395.153168,False,1,0,0,False
1783947642.4476278,20,1784223535.4639802,37.481116960402844,0.6590051117723355,-500,True,37.5,36.5,38.6,0.95,0.05,0.0,0.7,0.03,2,1784223545.490072,False,True,True,False,1784223395.153168,False,True,1,0,False
1783947642.4476278,20,1784223555.4698021,37.507820248722055,0.6593865873197529,-500,True,37.5,36.5,38.6,0.95,0.05,0.0,0.7,0.03,2,1784223565.4958103,False,True,True,True,1784223575.153188,False,1,0,0,False
1783947642.4476278,20,1784223575.4756384,37.48645761806668,0.6593293659876401,-500,True,37.5,36.5,38.6,0.95,0.05,0.0,0.7,0.03,2,1784223585.501729,False,True,True,True,1784223575.153188,False,True,1,0,False
1783947642.4476278,20,1784223595.4815185,37.446402685587856,0.6593865873197529,-500,True,37.5,36.5,38.6,0.95,0.05,0.0,0.7,0.03,2,1784223605.5075867,False,True,True,False,1784223575.153188,False,True,1,0,False
1783947642.4476278,20,1784223615.487403,37.44373235675593,0.6592530708781567,-500,True,37.5,36.5,38.6,0.95,0.05,0.0,0.7,0.03,2,1784223625.5135622,False,True,True,False,1784223575.153188,False,True,1,0,False
1783947642.4476278,20,1784223635.493188,37.45441367208362,0.6592339971007859,-500,True,37.5,36.5,38.6,0.95,0.05,0.0,0.7,0.03,2,1784223645.5192618,False,True,True,False,1784223575.153188,False,True,1,0,False
1783947642.4476278,20,1784223655.4990509,37.49179827573053,0.6595391775387198,-500,True,37.5,36.5,38.6,0.95,0.05,0.0,0.7,0.03,2,1784223665.5250928,False,True,True,False,1784223575.153188,False,True,1,0,False
1783947642.4476278,20,1784223675.5048575,37.49713893339437,0.6591577019913024,-500,True,37.5,36.5,38.6,0.95,0.05,0.0,0.7,0.03,2,1784223685.5308917,False,True,True,False,1784223575.153188,False,True,1,0,False
1783947642.4476278,20,1784223695.5107734,37.526512550545505,0.659367513542382,-500,True,37.5,36.5,38.6,0.95,0.05,0.0,0.7,0.03,2,1784223705.5367844,False,True,True,False,1784223575.153188,False,1,0,0,False
1783947642.4476278,20,1784223715.516579,37.52384222171359,0.6597299153124284,-500,True,37.5,36.5,38.6,0.95,0.05,0.0,0.7,0.03,2,1784223725.5427659,False,True,True,False,1784223575.153188,False,1,0,0,False
1783947642.4476278,20,1784223735.5224442,37.50247959105822,0.6594819562066071,-500,True,37.5,36.5,38.6,0.95,0.05,0.0,0.7,0.03,2,1784223745.5484455,False,True,True,True,1784223755.1532116,False,1,0,0,False
1783947642.4476278,20,1784223755.528248,37.481116960402844,0.659195849546044,-500,True,37.5,36.5,38.6,0.95,0.05,0.0,0.7,0.03,2,1784223765.554322,False,True,True,True,1784223755.1532116,False,True,1,0,False
1783947642.4476278,20,1784223775.5341387,37.41168841077287,0.6592339971007859,-500,True,37.5,36.5,38.6,0.95,0.05,0.0,0.7,0.03,2,1784223785.5601125,False,True,True,False,1784223755.1532116,False,True,1,0,False
1783947642.4476278,20,1784223795.5399225,37.43572137026017,0.6590432593270771,-500,True,37.5,36.5,38.6,0.95,0.05,0.0,0.7,0.03,2,1784223805.5659819,False,True,True,False,1784223755.1532116,False,True,1,0,False
1783947642.4476278,20,1784223815.5457795,37.40634775310903,0.6593102922102694,-500,True,37.5,36.5,38.6,0.95,0.05,0.0,0.7,0.03,2,1784223825.5719504,False,True,True,False,1784223755.1532116,False,True,1,0,False
1783947642.4476278,20,1784223835.5515816,37.44907301441978,0.6593102922102694,-500,True,37.5,36.5,38.6,0.95,0.05,0.0,0.7,0.03,2,1784223845.5776982,False,True,True,False,1784223755.1532116,False,True,1,0,False
1783947642.4476278,20,1784223855.5574777,37.43305104142824,0.6594247348744945,-500,True,37.5,36.5,38.6,0.95,0.05,0.0,0.7,0.03,2,1784223865.5835338,False,True,True,False,1784223755.1532116,False,True,1,0,False
1783947642.4476278,20,1784223875.5633533,37.470435645075156,0.659348439765011,-500,True,37.5,36.5,38.6,0.95,0.05,0.0,0.7,0.03,2,1784223885.589452,False,True,True,False,1784223755.1532116,False,True,1,0,False
1783947642.4476278,20,1784223895.5691414,37.47310597390707,0.6590432593270771,-500,True,37.5,36.5,38.6,0.95,0.05,0.0,0.7,0.03,2,1784223905.5951476,False,True,True,False,1784223755.1532116,False,True,1,0,False
1783947642.4476278,20,1784223915.5749788,37.49179827573053,0.6594247348744945,-500,True,37.5,36.5,38.6,0.95,0.05,0.0,0.7,0.03,2,1784223925.6010382,False,True,True,True,1784223935.1532304,False,True,1,0,False
1783947642.4476278,20,1784223935.5807793,37.50247959105822,0.6594819562066071,-500,True,37.5,36.5,38.6,0.95,0.05,0.0,0.7,0.03,2,1784223945.606814,False,True,True,True,1784223935.1532304,False,1,0,0,False
1783947642.4476278,20,1784223955.5866597,37.49713893339437,0.6595963988708324,-500,True,37.5,36.5,38.6,0.95,0.05,0.0,0.7,0.03,2,1784223965.612669,False,True,True,False,1784223935.1532304,False,True,1,0,False
1783947642.4476278,20,1784223975.5924556,37.49713893339437,0.6594628824292363,-500,True,37.5,36.5,38.6,0.95,0.05,0.0,0.7,0.03,2,1784223985.6185498,False,True,True,False,1784223935.1532304,False,True,1,0,False
1783947642.4476278,20,1784223995.5983956,37.49446860456244,0.6593102922102694,-500,True,37.5,36.5,38.6,0.95,0.05,0.0,0.7,0.03,2,1784224005.6244671,False,True,True,False,1784223935.1532304,False,True,1,0,False
1783947642.4476278,20,1784224015.6042345,37.49713893339437,0.659348439765011,-500,True,37.5,36.5,38.6,0.95,0.05,0.0,0.7,0.03,2,1784224025.6303756,False,True,True,False,1784223935.1532304,False,True,1,0,False
1783947642.4476278,20,1784224035.6100733,37.507820248722055,0.6591386282139315,-500,True,37.5,36.5,38.6,0.95,0.05,0.0,0.7,0.03,2,1784224045.6360412,False,True,True,False,1784223935.1532304,False,1,0,0,False
1783947642.4476278,20,1784224055.6158576,37.49713893339437,0.6594628824292363,-500,True,37.5,36.5,38.6,0.95,0.05,0.0,0.7,0.03,2,1784224065.6418796,False,True,True,False,1784223935.1532304,False,True,1,0,False
1783947642.4476278,20,1784224075.6216612,37.48645761806668,0.6595391775387198,-500,True,37.5,36.5,38.6,0.95,0.05,0.0,0.7,0.03,2,1784224085.647698,False,True,True,False,1784223935.1532304,False,True,1,0,False
1783947642.4476278,20,1784224095.627519,37.46776531624323,0.6594056610971236,-500,True,37.5,36.5,38.6,0.95,0.05,0.0,0.7,0.03,2,1784224105.6536887,False,True,True,True,1784224115.1532555,False,True,1,0,False
1783947642.4476278,20,1784224115.6333354,37.45975432974747,0.6589669642175936,-500,True,37.5,36.5,38.6,0.95,0.05,0.0,0.7,0.03,2,1784224125.659376,False,True,True,True,1784224115.1532555,False,True,1,0,False
1783947642.4476278,20,1784224135.6391807,37.43305104142824,0.6591577019913024,-500,True,37.5,36.5,38.6,0.95,0.05,0.0,0.7,0.03,2,1784224145.665317,False,True,True,False,1784224115.1532555,False,True,1,0,False
1783947642.4476278,20,1784224155.6451068,37.465094987411305,0.6592912184328985,-500,True,37.5,36.5,38.6,0.95,0.05,0.0,0.7,0.03,2,1784224165.6711462,False,True,True,False,1784224115.1532555,False,True,1,0,False
1783947642.4476278,20,1784224175.650964,37.465094987411305,0.6590623331044481,-500,True,37.5,36.5,38.6,0.95,0.05,0.0,0.7,0.03,2,1784224185.6769555,False,True,True,False,1784224115.1532555,False,True,1,0,False
1783947642.4476278,20,1784224195.6568778,37.49980926222629,0.6590814068818189,-500,True,37.5,36.5,38.6,0.95,0.05,0.0,0.7,0.03,2,1784224205.683111,False,True,True,False,1784224115.1532555,False,True,1,0,False
1783947642.4476278,20,1784224215.6628442,37.51850156404974,0.6588906691081101,-500,True,37.5,36.5,38.6,0.95,0.05,0.0,0.7,0.03,2,1784224225.6888268,False,True,True,False,1784224115.1532555,False,1,0,0,False
1783947642.4476278,20,1784224235.66864,37.481116960402844,0.6591195544365606,-500,True,37.5,36.5,38.6,0.95,0.05,0.0,0.7,0.03,2,1784224245.6946828,False,True,True,False,1784224115.1532555,False,True,1,0,False
1783947642.4476278,20,1784224255.6744814,37.49713893339437,0.6594247348744945,-500,True,37.5,36.5,38.6,0.95,0.05,0.0,0.7,0.03,2,1784224265.7004359,False,True,True,False,1784224115.1532555,False,True,1,0,False
1783947642.4476278,20,1784224275.6802158,37.49713893339437,0.6590432593270771,-500,True,37.5,36.5,38.6,0.95,0.05,0.0,0.7,0.03,2,1784224285.7062821,False,True,True,True,1784224295.1532927,False,True,1,0,False
1783947642.4476278,20,1784224295.6861744,37.483787289234755,0.6591386282139315,-500,True,37.5,36.5,38.6,0.95,0.05,0.0,0.7,0.03,2,1784224305.7123313,False,True,True,True,1784224295.1532927,False,True,1,0,False
1783947642.4476278,20,1784224315.6919675,37.465094987411305,0.6592912184328985,-500,True,37.5,36.5,38.6,0.95,0.05,0.0,0.7,0.03,2,1784224325.7180076,False,True,True,False,1784224295.1532927,False,True,1,0,False
1783947642.4476278,20,1784224335.697774,37.45975432974747,0.6591767757686732,-500,True,37.5,36.5,38.6,0.95,0.05,0.0,0.7,0.03,2,1784224345.7238038,False,True,True,False,1784224295.1532927,False,True,1,0,False
1783947642.4476278,20,1784224355.7036593,37.48645761806668,0.6591386282139315,-500,True,37.5,36.5,38.6,0.95,0.05,0.0,0.7,0.03,2,1784224365.729784,False,True,True,False,1784224295.1532927,False,True,1,0,False
1783947642.4476278,20,1784224375.7095475,37.49713893339437,0.6592339971007859,-500,True,37.5,36.5,38.6,0.95,0.05,0.0,0.7,0.03,2,1784224385.7355986,False,True,True,False,1784224295.1532927,False,True,1,0,False
1783947642.4476278,20,1784224395.715339,37.51049057755398,0.6591767757686732,-500,True,37.5,36.5,38.6,0.95,0.05,0.0,0.7,0.03,2,1784224405.741487,False,True,True,False,1784224295.1532927,False,1,0,0,False
1783947642.4476278,20,1784224415.7211318,37.51850156404974,0.6593865873197529,-500,True,37.5,36.5,38.6,0.95,0.05,0.0,0.7,0.03,2,1784224425.7472692,False,True,True,False,1784224295.1532927,False,1,0,0,False
1783947642.4476278,20,1784224435.7269585,37.49179827573053,0.659214923323415,-500,True,37.5,36.5,38.6,0.95,0.05,0.0,0.7,0.03,2,1784224445.7531714,False,True,True,False,1784224295.1532927,False,True,1,0,False
1783947642.4476278,20,1784224455.7328546,37.481116960402844,0.6593102922102694,-500,True,37.5,36.5,38.6,0.95,0.05,0.0,0.7,0.03,2,1784224465.7592869,False,True,True,True,1784224475.1533165,False,True,1,0,False
1783947642.4476278,20,1784224475.739104,37.470435645075156,0.6591577019913024,-500,True,37.5,36.5,38.6,0.95,0.05,0.0,0.7,0.03,2,1784224485.7651799,False,True,True,True,1784224475.1533165,False,True,1,0,False
1783947642.4476278,20,1784224495.7450535,37.45174334325169,0.6590051117723355,-500,True,37.5,36.5,38.6,0.95,0.05,0.0,0.7,0.03,2,1784224505.7711375,False,True,True,False,1784224475.1533165,False,True,1,0,False
1783947642.4476278,20,1784224515.7510417,37.465094987411305,0.6590623331044481,-500,True,37.5,36.5,38.6,0.95,0.05,0.0,0.7,0.03,2,1784224525.7772872,False,True,True,False,1784224475.1533165,False,True,1,0,False
1783947642.4476278,20,1784224535.7570295,37.507820248722055,0.6588525215533685,-500,True,37.5,36.5,38.6,0.95,0.05,0.0,0.7,0.03,2,1784224545.7831028,False,True,True,False,1784224475.1533165,False,1,0,0,False
1783947642.4476278,20,1784224555.7629244,37.507820248722055,0.6591004806591897,-500,True,37.5,36.5,38.6,0.95,0.05,0.0,0.7,0.03,2,1784224565.7889457,False,True,True,False,1784224475.1533165,False,1,0,0,False
1783947642.4476278,20,1784224575.768731,37.507820248722055,0.6590623331044481,-500,True,37.5,36.5,38.6,0.95,0.05,0.0,0.7,0.03,2,1784224585.795,False,True,True,False,1784224475.1533165,False,1,0,0,False
1783947642.4476278,20,1784224595.774678,37.49980926222629,0.6588525215533685,-500,True,37.5,36.5,38.6,0.95,0.05,0.0,0.7,0.03,2,1784224605.800738,False,True,True,False,1784224475.1533165,False,True,1,0,False
1783947642.4476278,20,1784224615.780516,37.45975432974747,0.6589860379949646,-500,True,37.5,36.5,38.6,0.95,0.05,0.0,0.7,0.03,2,1784224625.8065817,False,True,True,False,1784224475.1533165,False,True,1,0,False
1783947642.4476278,20,1784224635.7864518,37.470435645075156,0.6591767757686732,-500,True,37.5,36.5,38.6,0.95,0.05,0.0,0.7,0.03,2,1784224645.81251,False,True,True,True,1784224655.1533535,False,True,1,0,False
1783947642.4476278,20,1784224655.7922773,37.44373235675593,0.6589478904402227,-500,True,37.5,36.5,38.6,0.95,0.05,0.0,0.7,0.03,2,1784224665.8183246,False,True,True,True,1784224655.1533535,False,True,1,0,False
1783947642.4476278,20,1784224675.798136,37.41168841077287,0.659214923323415,-500,True,37.5,36.5,38.6,0.95,0.05,0.0,0.7,0.03,2,1784224685.8242843,False,True,True,False,1784224655.1533535,False,True,1,0,False
1783947642.4476278,20,1784224695.8039522,37.441062027924005,0.6590432593270771,-500,True,37.5,36.5,38.6,0.95,0.05,0.0,0.7,0.03,2,1784224705.8300622,False,True,True,False,1784224655.1533535,False,True,1,0,False
1783947642.4476278,20,1784224715.8098853,37.45975432974747,0.6589669642175936,-500,True,37.5,36.5,38.6,0.95,0.05,0.0,0.7,0.03,2,1784224725.8359106,False,True,True,False,1784224655.1533535,False,True,1,0,False
1783947642.4476278,20,1784224735.8157244,37.48645761806668,0.6591004806591897,-500,True,37.5,36.5,38.6,0.95,0.05,0.0,0.7,0.03,2,1784224745.8417695,False,True,True,False,1784224655.1533535,False,True,1,0,False
1783947642.4476278,20,1784224755.82156,37.507820248722055,0.6588143739986266,-500,True,37.5,36.5,38.6,0.95,0.05,0.0,0.7,0.03,2,1784224765.8475635,False,True,True,False,1784224655.1533535,False,1,0,0,False
1783947642.4476278,20,1784224775.827433,37.49713893339437,0.659367513542382,-500,True,37.5,36.5,38.6,0.95,0.05,0.0,0.7,0.03,2,1784224785.853677,False,True,True,False,1784224655.1533535,False,True,1,0,False
1783947642.4476278,20,1784224795.833279,37.52117189288167,0.659348439765011,-500,True,37.5,36.5,38.6,0.95,0.05,0.0,0.7,0.03,2,1784224805.8592663,False,True,True,False,1784224655.1533535,False,1,0,0,False
1783947642.4476278,20,1784224815.839083,37.52384222171359,0.6588906691081101,-500,True,37.5,36.5,38.6,0.95,0.05,0.0,0.7,0.03,2,1784224825.8650908,True,False,True,True,1784224835.1533883,False,1,0,0,False
1783947642.4476278,20,1784224835.844909,37.507820248722055,0.6590432593270771,-500,True,37.5,36.5,38.6,0.95,0.05,0.0,0.7,0.03,2,1784224845.870913,True,False,True,True,1784224835.1533883,False,1,0,0,False
1783947642.4476278,20,1784224855.8507411,37.49713893339437,0.6592530708781567,-500,True,37.5,36.5,38.6,0.95,0.05,0.0,0.7,0.03,2,1784224865.8767338,True,False,True,False,1784224835.1533883,False,True,1,0,False
1783947642.4476278,20,1784224875.8565273,37.48645761806668,0.6587571526665141,-500,True,37.5,36.5,38.6,0.95,0.05,0.0,0.7,0.03,2,1784224885.882541,True,False,True,False,1784224835.1533883,False,True,1,0,False
1783947642.4476278,20,1784224895.8623402,37.49446860456244,0.659195849546044,-500,True,37.5,36.5,38.6,0.95,0.05,0.0,0.7,0.03,2,1784224905.8883357,True,False,True,False,1784224835.1533883,False,True,1,0,False
1783947642.4476278,20,1784224915.8681126,37.50247959105822,0.6589669642175936,-500,True,37.5,36.5,38.6,0.95,0.05,0.0,0.7,0.03,2,1784224925.8942351,True,False,True,False,1784224835.1533883,False,1,0,0,False
1783947642.4476278,20,1784224935.8740041,37.507820248722055,0.6590241855497062,-500,True,37.5,36.5,38.6,0.95,0.05,0.0,0.7,0.03,2,1784224945.9000423,True,False,True,False,1784224835.1533883,False,1,0,0,False
1783947642.4476278,20,1784224955.8799176,37.507820248722055,0.6590623331044481,-500,True,37.5,36.5,38.6,0.95,0.05,0.0,0.7,0.03,2,1784224965.9059796,True,False,True,False,1784224835.1533883,False,1,0,0,False
1783947642.4476278,20,1784224975.885765,37.49713893339437,0.6588334477759976,-500,True,37.5,36.5,38.6,0.95,0.05,0.0,0.7,0.03,2,1784224985.9118028,True,False,True,False,1784224835.1533883,False,True,1,0,False
1783947642.4476278,20,1784224995.8916461,37.483787289234755,0.6591577019913024,-500,True,37.5,36.5,38.6,0.95,0.05,0.0,0.7,0.03,2,1784225005.91771,True,False,True,True,1784225015.1534274,False,True,1,0,False
1783947642.4476278,20,1784225015.8974726,37.47577630273899,0.658928816662852,-500,True,37.5,36.5,38.6,0.95,0.05,0.0,0.7,0.03,2,1784225025.923522,True,False,True,True,1784225015.1534274,False,True,1,0,False
1783947642.4476278,20,1784225035.9033272,37.470435645075156,0.6590051117723355,-500,True,37.5,36.5,38.6,0.95,0.05,0.0,0.7,0.03,2,1784225045.9293835,True,False,True,False,1784225015.1534274,False,True,1,0,False
1783947642.4476278,20,1784225055.9092436,37.45975432974747,0.6592530708781567,-500,True,37.5,36.5,38.6,0.95,0.05,0.0,0.7,0.03,2,1784225065.935467,True,False,True,False,1784225015.1534274,False,True,1,0,False
1783947642.4476278,20,1784225075.915218,37.470435645075156,0.6590623331044481,-500,True,37.5,36.5,38.6,0.95,0.05,0.0,0.7,0.03,2,1784225085.941333,True,False,True,False,1784225015.1534274,False,True,1,0,False
1783947642.4476278,20,1784225095.9210956,37.49980926222629,0.6591195544365606,-500,True,37.5,36.5,38.6,0.95,0.05,0.0,0.7,0.03,2,1784225105.947178,True,False,True,False,1784225015.1534274,False,True,1,0,False
1783947642.4476278,20,1784225115.9270034,37.51850156404974,0.6588334477759976,-500,True,37.5,36.5,38.6,0.95,0.05,0.0,0.7,0.03,2,1784225125.9530783,True,False,True,False,1784225015.1534274,False,1,0,0,False
1783947642.4476278,20,1784225135.9328656,37.52384222171359,0.658776226443885,-500,True,37.5,36.5,38.6,0.95,0.05,0.0,0.7,0.03,2,1784225145.9589396,True,False,True,False,1784225015.1534274,False,1,0,0,False
1783947642.4476278,20,1784225155.9387794,37.48645761806668,0.6588334477759976,-500,True,37.5,36.5,38.6,0.95,0.05,0.0,0.7,0.03,2,1784225165.9654338,True,False,True,False,1784225015.1534274,False,True,1,0,False
1783947642.4476278,20,1784225175.9449663,37.48645761806668,0.6590623331044481,-500,True,37.5,36.5,38.6,0.95,0.05,0.0,0.7,0.03,2,1784225185.9710677,True,False,True,True,1784225195.153433,False,True,1,0,False
1783947642.4476278,20,1784225195.9507902,37.47310597390707,0.6589860379949646,-500,True,37.5,36.5,38.6,0.95,0.05,0.0,0.7,0.03,2,1784225205.9770787,True,False,True,True,1784225195.153433,False,True,1,0,False
1783947642.4476278,20,1784225215.9568427,37.49179827573053,0.6587190051117723,-500,True,37.5,36.5,38.6,0.95,0.05,0.0,0.7,0.03,2,1784225225.9828887,True,False,True,False,1784225195.153433,False,True,1,0,False
1783947642.4476278,20,1784225235.962707,37.49713893339437,0.658928816662852,-500,True,37.5,36.5,38.6,0.95,0.05,0.0,0.7,0.03,2,1784225245.9886928,True,False,True,False,1784225195.153433,False,True,1,0,False
1783947642.4476278,20,1784225255.9684815,37.49179827573053,0.6591004806591897,-500,True,37.5,36.5,38.6,0.95,0.05,0.0,0.7,0.03,2,1784225265.994672,True,False,True,False,1784225195.153433,False,True,1,0,False
1783947642.4476278,20,1784225275.974305,37.49179827573053,0.6587571526665141,-500,True,37.5,36.5,38.6,0.95,0.05,0.0,0.7,0.03,2,1784225286.0002997,True,False,True,False,1784225195.153433,False,True,1,0,False
1783947642.4476278,20,1784225295.9800744,37.51049057755398,0.6591004806591897,-500,True,37.5,36.5,38.6,0.95,0.05,0.0,0.7,0.03,2,1784225306.0061145,True,False,True,False,1784225195.153433,False,1,0,0,False
1783947642.4476278,20,1784225315.9859202,37.513160906385906,0.6590814068818189,-500,True,37.5,36.5,38.6,0.95,0.05,0.0,0.7,0.03,2,1784225326.0119493,True,False,True,False,1784225195.153433,False,1,0,0,False
1783947642.4476278,20,1784225335.9917884,37.513160906385906,0.6587953002212558,-500,True,37.5,36.5,38.6,0.95,0.05,0.0,0.7,0.03,2,1784225346.0177739,True,False,True,False,1784225195.153433,False,1,0,0,False
1783947642.4476278,20,1784225355.9975638,37.513160906385906,0.6591386282139315,-500,True,37.5,36.5,38.6,0.95,0.05,0.0,0.7,0.03,2,1784225366.0236862,True,False,True,True,1784225375.1534643,False,1,0,0,False
1783947642.4476278,20,1784225376.0035253,37.44373235675593,0.6585664148928053,-500,True,37.5,36.5,38.6,0.95,0.05,0.0,0.7,0.03,2,1784225386.029609,True,False,True,True,1784225375.1534643,False,True,1,0,False
1783947642.4476278,20,1784225396.0094173,37.446402685587856,0.6588143739986266,-500,True,37.5,36.5,38.6,0.95,0.05,0.0,0.7,0.03,2,1784225406.0354404,True,False,True,False,1784225375.1534643,False,True,1,0,False
1783947642.4476278,20,1784225416.0152967,37.44373235675593,0.6587953002212558,-500,True,37.5,36.5,38.6,0.95,0.05,0.0,0.7,0.03,2,1784225426.0413082,True,False,True,False,1784225375.1534643,False,True,1,0,False
1783947642.4476278,20,1784225436.0211926,37.438391699092094,0.6585473411154346,-500,True,37.5,36.5,38.6,0.95,0.05,0.0,0.7,0.03,2,1784225446.047238,True,False,True,False,1784225375.1534643,False,True,1,0,False
1783947642.4476278,20,1784225456.0270407,37.45975432974747,0.6589669642175936,-500,True,37.5,36.5,38.6,0.95,0.05,0.0,0.7,0.03,2,1784225466.053085,True,False,True,False,1784225375.1534643,False,True,1,0,False
1783947642.4476278,20,1784225476.0328536,37.45975432974747,0.658776226443885,-500,True,37.5,36.5,38.6,0.95,0.05,0.0,0.7,0.03,2,1784225486.0589025,True,False,True,False,1784225375.1534643,False,True,1,0,False
1783947642.4476278,20,1784225496.03873,37.489127946898606,0.6588906691081101,-500,True,37.5,36.5,38.6,0.95,0.05,0.0,0.7,0.03,2,1784225506.0647585,True,False,True,False,1784225375.1534643,False,True,1,0,False
1783947642.4476278,20,1784225516.0445328,37.47577630273899,0.6590051117723355,-500,True,37.5,36.5,38.6,0.95,0.05,0.0,0.7,0.03,2,1784225526.0705755,True,False,True,False,1784225375.1534643,False,True,1,0,False
1783947642.4476278,20,1784225536.0503738,37.51850156404974,0.6588715953307392,-500,True,37.5,36.5,38.6,0.95,0.05,0.0,0.7,0.03,2,1784225546.0762844,True,False,True,True,1784225555.1534858,False,1,0,0,False
1783947642.4476278,20,1784225556.0561218,37.49713893339437,0.6586999313344015,-500,True,37.5,36.5,38.6,0.95,0.05,0.0,0.7,0.03,2,1784225566.0823505,True,False,True,True,1784225555.1534858,False,True,1,0,False
1783947642.4476278,20,1784225576.0621686,37.49713893339437,0.658776226443885,-500,True,37.5,36.5,38.6,0.95,0.05,0.0,0.7,0.03,2,1784225586.088181,True,False,True,False,1784225555.1534858,False,True,1,0,False
1783947642.4476278,20,1784225596.067958,37.489127946898606,0.658623636224918,-500,True,37.5,36.5,38.6,0.95,0.05,0.0,0.7,0.03,2,1784225606.09427,True,False,True,False,1784225555.1534858,False,True,1,0,False
1783947642.4476278,20,1784225616.0740583,37.52384222171359,0.6588143739986266,-500,True,37.5,36.5,38.6,0.95,0.05,0.0,0.7,0.03,2,1784225626.0999858,True,False,True,False,1784225555.1534858,False,1,0,0,False
1783947642.4476278,20,1784225636.079878,37.50247959105822,0.6586999313344015,-500,True,37.5,36.5,38.6,0.95,0.05,0.0,0.7,0.03,2,1784225646.1060772,True,False,True,False,1784225555.1534858,False,1,0,0,False
1783947642.4476278,20,1784225656.0857875,37.49179827573053,0.6588715953307392,-500,True,37.5,36.5,38.6,0.95,0.05,0.0,0.7,0.03,2,1784225666.111823,True,False,True,False,1784225555.1534858,False,True,1,0,False
1783947642.4476278,20,1784225676.0916128,37.49713893339437,0.6586427100022888,-500,True,37.5,36.5,38.6,0.95,0.05,0.0,0.7,0.03,2,1784225686.1176507,True,False,True,False,1784225555.1534858,False,True,1,0,False
1783947642.4476278,20,1784225696.0974288,37.46776531624323,0.6586808575570307,-500,True,37.5,36.5,38.6,0.95,0.05,0.0,0.7,0.03,2,1784225706.1234756,True,False,True,False,1784225555.1534858,False,True,1,0,False
1783947642.4476278,20,1784225716.103297,37.48645761806668,0.6589860379949646,-500,True,37.5,36.5,38.6,0.95,0.05,0.0,0.7,0.03,2,1784225726.129387,True,False,True,True,1784225735.1534894,False,True,1,0,False
1783947642.4476278,20,1784225736.1091518,37.470435645075156,0.6586045624475472,-500,True,37.5,36.5,38.6,0.95,0.05,0.0,0.7,0.03,2,1784225746.1353517,True,False,True,True,1784225735.1534894,False,True,1,0,False
1783947642.4476278,20,1784225756.1149926,37.45975432974747,0.658776226443885,-500,True,37.5,36.5,38.6,0.95,0.05,0.0,0.7,0.03,2,1784225766.1410244,True,False,True,False,1784225735.1534894,False,True,1,0,False
1783947642.4476278,20,1784225776.120819,37.481116960402844,0.6588906691081101,-500,True,37.5,36.5,38.6,0.95,0.05,0.0,0.7,0.03,2,1784225786.1468878,True,False,True,False,1784225735.1534894,False,True,1,0,False
1783947642.4476278,20,1784225796.1267385,37.526512550545505,0.658776226443885,-500,True,37.5,36.5,38.6,0.95,0.05,0.0,0.7,0.03,2,1784225806.152813,True,False,True,False,1784225735.1534894,False,1,0,0,False
1783947642.4476278,20,1784225816.1325476,37.49713893339437,0.6587190051117723,-500,True,37.5,36.5,38.6,0.95,0.05,0.0,0.7,0.03,2,1784225826.1585412,True,False,True,False,1784225735.1534894,False,True,1,0,False
1783947642.4476278,20,1784225836.1383748,37.481116960402844,0.6588143739986266,-500,True,37.5,36.5,38.6,0.95,0.05,0.0,0.7,0.03,2,1784225846.164376,True,False,True,False,1784225735.1534894,False,True,1,0,False
1783947642.4476278,20,1784225856.1441529,37.48645761806668,0.6586999313344015,-500,True,37.5,36.5,38.6,0.95,0.05,0.0,0.7,0.03,2,1784225866.1702046,True,False,True,False,1784225735.1534894,False,True,1,0,False
1783947642.4476278,20,1784225876.1499596,37.49179827573053,0.6587571526665141,-500,True,37.5,36.5,38.6,0.95,0.05,0.0,0.7,0.03,2,1784225886.175964,True,False,True,False,1784225735.1534894,False,True,1,0,False
1783947642.4476278,20,1784225896.1557875,37.49446860456244,0.6587190051117723,-500,True,37.5,36.5,38.6,0.95,0.05,0.0,0.7,0.03,2,1784225906.1818378,True,False,True,True,1784225915.153505,False,True,1,0,False
1783947642.4476278,20,1784225916.1616037,37.507820248722055,0.6588143739986266,-500,True,37.5,36.5,38.6,0.95,0.05,0.0,0.7,0.03,2,1784225926.1876018,True,False,True,True,1784225915.153505,False,1,0,0,False
1783947642.4476278,20,1784225936.1674128,37.47577630273899,0.6586808575570307,-500,True,37.5,36.5,38.6,0.95,0.05,0.0,0.7,0.03,2,1784225946.1934402,True,False,True,False,1784225915.153505,False,True,1,0,False
1783947642.4476278,20,1784225956.1731923,37.45975432974747,0.658623636224918,-500,True,37.5,36.5,38.6,0.95,0.05,0.0,0.7,0.03,2,1784225966.199223,True,False,True,False,1784225915.153505,False,True,1,0,False
1783947642.4476278,20,1784225976.1790357,37.47577630273899,0.6586427100022888,-500,True,37.5,36.5,38.6,0.95,0.05,0.0,0.7,0.03,2,1784225986.2050776,True,False,True,False,1784225915.153505,False,True,1,0,False
1783947642.4476278,20,1784225996.1848743,37.47844663157092,0.658928816662852,-500,True,37.5,36.5,38.6,0.95,0.05,0.0,0.7,0.03,2,1784226006.2109134,True,False,True,False,1784225915.153505,False,True,1,0,False
1783947642.4476278,20,1784226016.1907172,37.49179827573053,0.6586808575570307,-500,True,37.5,36.5,38.6,0.95,0.05,0.0,0.7,0.03,2,1784226026.2167263,True,False,True,False,1784225915.153505,False,True,1,0,False
1783947642.4476278,20,1784226036.1965313,37.49713893339437,0.6588906691081101,-500,True,37.5,36.5,38.6,0.95,0.05,0.0,0.7,0.03,2,1784226046.222791,True,False,True,False,1784225915.153505,False,True,1,0,False
1783947642.4476278,20,1784226056.2025797,37.52918287937743,0.6590051117723355,-500,True,37.5,36.5,38.6,0.95,0.05,0.0,0.7,0.03,2,1784226066.2285755,True,False,True,False,1784225915.153505,False,1,0,0,False
1783947642.4476278,20,1784226076.2083461,37.507820248722055,0.6583947508964676,-500,True,37.5,36.5,38.6,0.95,0.05,0.0,0.7,0.03,2,1784226086.2343674,True,False,True,True,1784226095.1535404,False,1,0,0,False
1783947642.4476278,20,1784226096.2141786,37.47310597390707,0.6584710460059511,-500,True,37.5,36.5,38.6,0.95,0.05,0.0,0.7,0.03,2,1784226106.240167,True,False,True,True,1784226095.1535404,False,True,1,0,False
1783947642.4476278,20,1784226116.2199845,37.44373235675593,0.6584710460059511,-500,True,37.5,36.5,38.6,0.95,0.05,0.0,0.7,0.03,2,1784226126.2462883,True,False,True,False,1784226095.1535404,False,True,1,0,False
1783947642.4476278,20,1784226136.225948,37.44373235675593,0.6582803082322423,-500,True,37.5,36.5,38.6,0.95,0.05,0.0,0.7,0.03,2,1784226146.2520082,True,False,True,False,1784226095.1535404,False,True,1,0,False
1783947642.4476278,20,1784226156.231808,37.45975432974747,0.6583375295643549,-500,True,37.5,36.5,38.6,0.95,0.05,0.0,0.7,0.03,2,1784226166.2580202,True,False,True,False,1784226095.1535404,False,True,1,0,False
1783947642.4476278,20,1784226176.237778,37.470435645075156,0.6587190051117723,-500,True,37.5,36.5,38.6,0.95,0.05,0.0,0.7,0.03,2,1784226186.264261,True,False,True,False,1784226095.1535404,False,True,1,0,False
1783947642.4476278,20,1784226196.243983,37.483787289234755,0.658928816662852,-500,True,37.5,36.5,38.6,0.95,0.05,0.0,0.7,0.03,2,1784226206.270096,True,False,True,False,1784226095.1535404,False,True,1,0,False
1783947642.4476278,20,1784226216.2497554,37.470435645075156,0.6585854886701762,-500,True,37.5,36.5,38.6,0.95,0.05,0.0,0.7,0.03,2,1784226226.2760494,True,False,True,False,1784226095.1535404,False,True,1,0,False
1783947642.4476278,20,1784226236.2555933,37.49713893339437,0.6586999313344015,-500,True,37.5,36.5,38.6,0.95,0.05,0.0,0.7,0.03,2,1784226246.2816675,True,False,True,False,1784226095.1535404,False,True,1,0,False
1783947642.4476278,20,1784226256.2613845,37.49713893339437,0.6585282673380637,-500,True,37.5,36.5,38.6,0.95,0.05,0.0,0.7,0.03,2,1784226266.287437,True,False,True,True,1784226275.1535602,False,True,1,0,False
1783947642.4476278,20,1784226276.2672365,37.507820248722055,0.6587953002212558,-500,True,37.5,36.5,38.6,0.95,0.05,0.0,0.7,0.03,2,1784226286.2932367,True,False,True,True,1784226275.1535602,False,1,0,0,False
1783947642.4476278,20,1784226296.272995,37.531853208209355,0.6584710460059511,-500,True,37.5,36.5,38.6,0.95,0.05,0.0,0.7,0.03,2,1784226306.2990284,True,False,True,False,1784226275.1535602,False,1,0,0,False
1783947642.4476278,20,1784226316.2788513,37.48645761806668,0.6585473411154346,-500,True,37.5,36.5,38.6,0.95,0.05,0.0,0.7,0.03,2,1784226326.304857,True,False,True,False,1784226275.1535602,False,True,1,0,False
1783947642.4476278,20,1784226336.2846184,37.470435645075156,0.6584138246738384,-500,True,37.5,36.5,38.6,0.95,0.05,0.0,0.7,0.03,2,1784226346.3106694,True,False,True,False,1784226275.1535602,False,True,1,0,False
1783947642.4476278,20,1784226356.2904935,37.45975432974747,0.658623636224918,-500,True,37.5,36.5,38.6,0.95,0.05,0.0,0.7,0.03,2,1784226366.3164778,True,False,True,False,1784226275.1535602,False,True,1,0,False
1783947642.4476278,20,1784226376.2962956,37.470435645075156,0.6586045624475472,-500,True,37.5,36.5,38.6,0.95,0.05,0.0,0.7,0.03,2,1784226386.3223758,True,False,True,False,1784226275.1535602,False,True,1,0,False
1783947642.4476278,20,1784226396.30221,37.49980926222629,0.658776226443885,-500,True,37.5,36.5,38.6,0.95,0.05,0.0,0.7,0.03,2,1784226406.3283632,True,False,True,False,1784226275.1535602,False,True,1,0,False
1783947642.4476278,20,1784226416.30806,37.48645761806668,0.658776226443885,-500,True,37.5,36.5,38.6,0.95,0.05,0.0,0.7,0.03,2,1784226426.3341076,True,False,True,False,1784226275.1535602,False,True,1,0,False
1783947642.4476278,20,1784226436.313864,37.50247959105822,0.6585854886701762,-500,True,37.5,36.5,38.6,0.95,0.05,0.0,0.7,0.03,2,1784226446.3398314,True,False,True,True,1784226455.1535642,False,1,0,0,False
1783947642.4476278,20,1784226456.3196769,37.49179827573053,0.6586427100022888,-500,True,37.5,36.5,38.6,0.95,0.05,0.0,0.7,0.03,2,1784226466.345693,True,False,True,True,1784226455.1535642,False,True,1,0,False
1783947642.4476278,20,1784226476.3254745,37.507820248722055,0.6584710460059511,-500,True,37.5,36.5,38.6,0.95,0.05,0.0,0.7,0.03,2,1784226486.3514583,True,False,True,False,1784226455.1535642,False,1,0,0,False
1783947642.4476278,20,1784226496.3313081,37.45174334325169,0.6584901197833218,-500,True,37.5,36.5,38.6,0.95,0.05,0.0,0.7,0.03,2,1784226506.3573594,True,False,True,False,1784226455.1535642,False,True,1,0,False
1783947642.4476278,20,1784226516.337128,37.470435645075156,0.6583756771190967,-500,True,37.5,36.5,38.6,0.95,0.05,0.0,0.7,0.03,2,1784226526.363266,True,False,True,False,1784226455.1535642,False,True,1,0,False
1783947642.4476278,20,1784226536.3430886,37.47577630273899,0.658623636224918,-500,True,37.5,36.5,38.6,0.95,0.05,0.0,0.7,0.03,2,1784226546.3691254,True,False,True,False,1784226455.1535642,False,True,1,0,False
1783947642.4476278,20,1784226556.3488922,37.50247959105822,0.6586617837796597,-500,True,37.5,36.5,38.6,0.95,0.05,0.0,0.7,0.03,2,1784226566.37491,True,False,True,False,1784226455.1535642,False,1,0,0,False
1783947642.4476278,20,1784226576.3547275,37.50247959105822,0.6583375295643549,-500,True,37.5,36.5,38.6,0.95,0.05,0.0,0.7,0.03,2,1784226586.38074,True,False,True,False,1784226455.1535642,False,1,0,0,False
1783947642.4476278,20,1784226596.3606174,37.47844663157092,0.6584519722285802,-500,True,37.5,36.5,38.6,0.95,0.05,0.0,0.7,0.03,2,1784226606.3868067,True,False,True,False,1784226455.1535642,False,True,1,0,False
1783947642.4476278,20,1784226616.3664985,37.470435645075156,0.6584138246738384,-500,True,37.5,36.5,38.6,0.95,0.05,0.0,0.7,0.03,2,1784226626.3924716,True,False,True,True,1784226635.1535811,False,True,1,0,False
1783947642.4476278,20,1784226636.372259,37.48645761806668,0.6583566033417257,-500,True,37.5,36.5,38.6,0.95,0.05,0.0,0.7,0.03,2,1784226646.398321,True,False,True,True,1784226635.1535811,False,True,1,0,False
1783947642.4476278,20,1784226656.3781545,37.48645761806668,0.6581849393453879,-500,True,37.5,36.5,38.6,0.95,0.05,0.0,0.7,0.03,2,1784226666.404158,True,False,True,False,1784226635.1535811,False,True,1,0,False
1783947642.4476278,20,1784226676.3839564,37.48645761806668,0.6585091935606927,-500,True,37.5,36.5,38.6,0.95,0.05,0.0,0.7,0.03,2,1784226686.4100633,True,False,True,False,1784226635.1535811,False,True,1,0,False
1783947642.4476278,20,1784226696.389839,37.526512550545505,0.6585854886701762,-500,True,37.5,36.5,38.6,0.95,0.05,0.0,0.7,0.03,2,1784226706.4159842,True,False,True,False,1784226635.1535811,False,1,0,0,False
1783947642.4476278,20,1784226716.3956811,37.507820248722055,0.6586617837796597,-500,True,37.5,36.5,38.6,0.95,0.05,0.0,0.7,0.03,2,1784226726.4217117,True,False,True,False,1784226635.1535811,False,1,0,0,False
1783947642.4476278,20,1784226736.4015527,37.507820248722055,0.6586617837796597,-500,True,37.5,36.5,38.6,0.95,0.05,0.0,0.7,0.03,2,1784226746.4275727,True,False,True,False,1784226635.1535811,False,1,0,0,False
1783947642.4476278,20,1784226756.407388,37.48645761806668,0.6583184557869841,-500,True,37.5,36.5,38.6,0.95,0.05,0.0,0.7,0.03,2,1784226766.4333873,True,False,True,False,1784226635.1535811,False,True,1,0,False
1783947642.4476278,20,1784226776.4131696,37.47577630273899,0.6584901197833218,-500,True,37.5,36.5,38.6,0.95,0.05,0.0,0.7,0.03,2,1784226786.439195,True,False,True,False,1784226635.1535811,False,True,1,0,False
1783947642.4476278,20,1784226796.4190173,37.47844663157092,0.6585664148928053,-500,True,37.5,36.5,38.6,0.95,0.05,0.0,0.7,0.03,2,1784226806.44509,True,False,True,True,1784226815.153601,False,True,1,0,False
1783947642.4476278,20,1784226816.4248536,37.470435645075156,0.6583184557869841,-500,True,37.5,36.5,38.6,0.95,0.05,0.0,0.7,0.03,2,1784226826.45089,True,False,True,True,1784226815.153601,False,True,1,0,False
1783947642.4476278,20,1784226836.4306993,37.45975432974747,0.6583947508964676,-500,True,37.5,36.5,38.6,0.95,0.05,0.0,0.7,0.03,2,1784226846.4567275,True,False,True,False,1784226815.153601,False,True,1,0,False
1783947642.4476278,20,1784226856.4365053,37.49179827573053,0.6583566033417257,-500,True,37.5,36.5,38.6,0.95,0.05,0.0,0.7,0.03,2,1784226866.4625134,True,False,True,False,1784226815.153601,False,True,1,0,False
1783947642.4476278,20,1784226876.442394,37.49179827573053,0.6585091935606927,-500,True,37.5,36.5,38.6,0.95,0.05,0.0,0.7,0.03,2,1784226886.468364,True,False,True,False,1784226815.153601,False,True,1,0,False
1783947642.4476278,20,1784226896.4481502,37.51049057755398,0.6584328984512092,-500,True,37.5,36.5,38.6,0.95,0.05,0.0,0.7,0.03,2,1784226906.4742472,True,False,True,False,1784226815.153601,False,1,0,0,False
1783947642.4476278,20,1784226916.4540482,37.52384222171359,0.6582993820096132,-500,True,37.5,36.5,38.6,0.95,0.05,0.0,0.7,0.03,2,1784226926.4799914,True,False,True,False,1784226815.153601,False,1,0,0,False
1783947642.4476278,20,1784226936.459835,37.52384222171359,0.6583756771190967,-500,True,37.5,36.5,38.6,0.95,0.05,0.0,0.7,0.03,2,1784226946.4859147,True,False,True,False,1784226815.153601,False,1,0,0,False
1783947642.4476278,20,1784226956.4656851,37.51850156404974,0.6581277180132753,-500,True,37.5,36.5,38.6,0.95,0.05,0.0,0.7,0.03,2,1784226966.4916987,True,False,True,False,1784226815.153601,False,1,0,0,False
1783947642.4476278,20,1784226976.4715335,37.470435645075156,0.6583375295643549,-500,True,37.5,36.5,38.6,0.95,0.05,0.0,0.7,0.03,2,1784226986.4975948,True,False,True,True,1784226995.1536076,False,True,1,0,False
1783947642.4476278,20,1784226996.4773676,37.46776531624323,0.6582803082322423,-500,True,37.5,36.5,38.6,0.95,0.05,0.0,0.7,0.03,2,1784227006.5034714,True,False,True,True,1784226995.1536076,False,True,1,0,False
1783947642.4476278,20,1784227016.4832556,37.427710383764406,0.6583566033417257,-500,True,37.5,36.5,38.6,0.95,0.05,0.0,0.7,0.03,2,1784227026.5094528,True,False,True,False,1784226995.1536076,False,True,1,0,False
1783947642.4476278,20,1784227036.4892013,37.465094987411305,0.6583566033417257,-500,True,37.5,36.5,38.6,0.95,0.05,0.0,0.7,0.03,2,1784227046.515252,True,False,True,False,1784226995.1536076,False,True,1,0,False
1783947642.4476278,20,1784227056.4950674,37.47577630273899,0.6583947508964676,-500,True,37.5,36.5,38.6,0.95,0.05,0.0,0.7,0.03,2,1784227066.521081,True,False,True,False,1784226995.1536076,False,True,1,0,False
1783947642.4476278,20,1784227076.5008547,37.481116960402844,0.6583756771190967,-500,True,37.5,36.5,38.6,0.95,0.05,0.0,0.7,0.03,2,1784227086.52703,True,False,True,False,1784226995.1536076,False,True,1,0,False
1783947642.4476278,20,1784227096.5067117,37.49446860456244,0.6584519722285802,-500,True,37.5,36.5,38.6,0.95,0.05,0.0,0.7,0.03,2,1784227106.5327232,True,False,True,False,1784226995.1536076,False,True,1,0,False
1783947642.4476278,20,1784227116.5125182,37.51850156404974,0.6584519722285802,-500,True,37.5,36.5,38.6,0.95,0.05,0.0,0.7,0.03,2,1784227126.5385487,True,False,True,False,1784226995.1536076,False,1,0,0,False
1783947642.4476278,20,1784227136.5183687,37.507820248722055,0.6584710460059511,-500,True,37.5,36.5,38.6,0.95,0.05,0.0,0.7,0.03,2,1784227146.5444405,True,False,True,False,1784226995.1536076,False,1,0,0,False
1783947642.4476278,20,1784227156.5242918,37.52384222171359,0.6583375295643549,-500,True,37.5,36.5,38.6,0.95,0.05,0.0,0.7,0.03,2,1784227166.5503302,True,False,True,True,1784227175.1536226,False,1,0,0,False
1783947642.4476278,20,1784227176.5301332,37.470435645075156,0.6582040131227588,-500,True,37.5,36.5,38.6,0.95,0.05,0.0,0.7,0.03,2,1784227186.5562556,True,False,True,True,1784227175.1536226,False,True,1,0,False
1783947642.4476278,20,1784227196.5359068,37.43572137026017,0.6582612344548714,-500,True,37.5,36.5,38.6,0.95,0.05,0.0,0.7,0.03,2,1784227206.5619688,True,False,True,False,1784227175.1536226,False,True,1,0,False
1783947642.4476278,20,1784227216.5417242,37.44907301441978,0.6585473411154346,-500,True,37.5,36.5,38.6,0.95,0.05,0.0,0.7,0.03,2,1784227226.567867,True,False,True,False,1784227175.1536226,False,True,1,0,False
1783947642.4476278,20,1784227236.5476892,37.45975432974747,0.6580704966811628,-500,True,37.5,36.5,38.6,0.95,0.05,0.0,0.7,0.03,2,1784227246.57372,True,False,True,False,1784227175.1536226,False,True,1,0,False
1783947642.4476278,20,1784227256.5535061,37.470435645075156,0.6583756771190967,-500,True,37.5,36.5,38.6,0.95,0.05,0.0,0.7,0.03,2,1784227266.5795343,True,False,True,False,1784227175.1536226,False,True,1,0,False
1783947642.4476278,20,1784227276.559381,37.45975432974747,0.6582803082322423,-500,True,37.5,36.5,38.6,0.95,0.05,0.0,0.7,0.03,2,1784227286.5854712,True,False,True,False,1784227175.1536226,False,True,1,0,False
1783947642.4476278,20,1784227296.5652843,37.489127946898606,0.6580132753490502,-500,True,37.5,36.5,38.6,0.95,0.05,0.0,0.7,0.03,2,1784227306.5914505,True,False,True,False,1784227175.1536226,False,True,1,0,False
1783947642.4476278,20,1784227316.5712411,37.507820248722055,0.6584710460059511,-500,True,37.5,36.5,38.6,0.95,0.05,0.0,0.7,0.03,2,1784227326.597322,True,False,True,False,1784227175.1536226,False,1,0,0,False
1783947642.4476278,20,1784227336.5772886,37.51850156404974,0.6584901197833218,-500,True,37.5,36.5,38.6,0.95,0.05,0.0,0.7,0.03,2,1784227346.603441,True,False,True,True,1784227355.1536303,False,1,0,0,False
1783947642.4476278,20,1784227356.5832705,37.50247959105822,0.6583566033417257,-500,True,37.5,36.5,38.6,0.95,0.05,0.0,0.7,0.03,2,1784227366.6096137,True,False,True,True,1784227355.1536303,False,1,0,0,False
1783947642.4476278,20,1784227376.5893383,37.47577630273899,0.6582993820096132,-500,True,37.5,36.5,38.6,0.95,0.05,0.0,0.7,0.03,2,1784227386.6154764,True,False,True,False,1784227355.1536303,False,True,1,0,False
1783947642.4476278,20,1784227396.5951931,37.47310597390707,0.6583756771190967,-500,True,37.5,36.5,38.6,0.95,0.05,0.0,0.7,0.03,2,1784227406.6213214,True,False,True,False,1784227355.1536303,False,True,1,0,False
1783947642.4476278,20,1784227416.60104,37.47577630273899,0.6582993820096132,-500,True,37.5,36.5,38.6,0.95,0.05,0.0,0.7,0.03,2,1784227426.627197,True,False,True,False,1784227355.1536303,False,True,1,0,False
1783947642.4476278,20,1784227436.6069646,37.47577630273899,0.6584138246738384,-500,True,37.5,36.5,38.6,0.95,0.05,0.0,0.7,0.03,2,1784227446.6330066,True,False,True,False,1784227355.1536303,False,True,1,0,False
1783947642.4476278,20,1784227456.6127646,37.48645761806668,0.6583184557869841,-500,True,37.5,36.5,38.6,0.95,0.05,0.0,0.7,0.03,2,1784227466.6387873,True,False,True,False,1784227355.1536303,False,True,1,0,False
1783947642.4476278,20,1784227476.6185977,37.49713893339437,0.6582993820096132,-500,True,37.5,36.5,38.6,0.95,0.05,0.0,0.7,0.03,2,1784227486.6445925,True,False,True,False,1784227355.1536303,False,True,1,0,False
1783947642.4476278,20,1784227496.6243958,37.531853208209355,0.6584328984512092,-500,True,37.5,36.5,38.6,0.95,0.05,0.0,0.7,0.03,2,1784227506.650454,True,False,True,False,1784227355.1536303,False,1,0,0,False
1783947642.4476278,20,1784227516.630297,37.507820248722055,0.6580704966811628,-500,True,37.5,36.5,38.6,0.95,0.05,0.0,0.7,0.03,2,1784227526.6562681,True,False,True,True,1784227535.1536422,False,1,0,0,False
1783947642.4476278,20,1784227536.6360915,37.49713893339437,0.6579560540169375,-500,True,37.5,36.5,38.6,0.95,0.05,0.0,0.7,0.03,2,1784227546.6621284,True,False,True,True,1784227535.1536422,False,True,1,0,False
1783947642.4476278,20,1784227556.641925,37.45975432974747,0.6582612344548714,-500,True,37.5,36.5,38.6,0.95,0.05,0.0,0.7,0.03,2,1784227566.6680894,True,False,True,False,1784227535.1536422,False,True,1,0,False
1783947642.4476278,20,1784227576.647758,37.45975432974747,0.6582612344548714,-500,True,37.5,36.5,38.6,0.95,0.05,0.0,0.7,0.03,2,1784227586.6737928,True,False,True,False,1784227535.1536422,False,True,1,0,False
1783947642.4476278,20,1784227596.6535656,37.45708400091554,0.6583375295643549,-500,True,37.5,36.5,38.6,0.95,0.05,0.0,0.7,0.03,2,1784227606.67956,True,False,True,False,1784227535.1536422,False,True,1,0,False
1783947642.4476278,20,1784227616.659353,37.45975432974747,0.6582803082322423,-500,True,37.5,36.5,38.6,0.95,0.05,0.0,0.7,0.03,2,1784227626.6853876,True,False,True,False,1784227535.1536422,False,True,1,0,False
1783947642.4476278,20,1784227636.6651242,37.481116960402844,0.6582040131227588,-500,True,37.5,36.5,38.6,0.95,0.05,0.0,0.7,0.03,2,1784227646.6911223,True,False,True,False,1784227535.1536422,False,True,1,0,False
1783947642.4476278,20,1784227656.6709082,37.49179827573053,0.6584710460059511,-500,True,37.5,36.5,38.6,0.95,0.05,0.0,0.7,0.03,2,1784227666.6970596,True,False,True,False,1784227535.1536422,False,True,1,0,False
1783947642.4476278,20,1784227676.6766713,37.507820248722055,0.6582421606775006,-500,True,37.5,36.5,38.6,0.95,0.05,0.0,0.7,0.03,2,1784227686.702719,True,False,True,False,1784227535.1536422,False,1,0,0,False
1783947642.4476278,20,1784227696.6825776,37.51049057755398,0.6581467917906463,-500,True,37.5,36.5,38.6,0.95,0.05,0.0,0.7,0.03,2,1784227706.7087693,True,False,True,True,1784227715.153665,False,1,0,0,False
1783947642.4476278,20,1784227716.6886604,37.48645761806668,0.6581086442359044,-500,True,37.5,36.5,38.6,0.95,0.05,0.0,0.7,0.03,2,1784227726.7147481,True,False,True,True,1784227715.153665,False,True,1,0,False
1783947642.4476278,20,1784227736.6945813,37.45975432974747,0.6579560540169375,-500,True,37.5,36.5,38.6,0.95,0.05,0.0,0.7,0.03,2,1784227746.7205381,True,False,True,False,1784227715.153665,False,True,1,0,False
1783947642.4476278,20,1784227756.700334,37.44373235675593,0.6580514229037918,-500,True,37.5,36.5,38.6,0.95,0.05,0.0,0.7,0.03,2,1784227766.7263985,True,False,True,False,1784227715.153665,False,True,1,0,False
1783947642.4476278,20,1784227776.7062051,37.47577630273899,0.6583375295643549,-500,True,37.5,36.5,38.6,0.95,0.05,0.0,0.7,0.03,2,1784227786.732187,True,False,True,False,1784227715.153665,False,True,1,0,False
1783947642.4476278,20,1784227796.711975,37.45708400091554,0.6576127260242619,-500,True,37.5,36.5,38.6,0.95,0.05,0.0,0.7,0.03,2,1784227806.738145,True,False,True,False,1784227715.153665,False,True,1,0,False
1783947642.4476278,20,1784227816.7177763,37.48645761806668,0.6583566033417257,-500,True,37.5,36.5,38.6,0.95,0.05,0.0,0.7,0.03,2,1784227826.7439024,True,False,True,False,1784227715.153665,False,True,1,0,False
1783947642.4476278,20,1784227836.7236304,37.49713893339437,0.6581849393453879,-500,True,37.5,36.5,38.6,0.95,0.05,0.0,0.7,0.03,2,1784227846.7497933,True,False,True,False,1784227715.153665,False,True,1,0,False
1783947642.4476278,20,1784227856.72951,37.507820248722055,0.6582803082322423,-500,True,37.5,36.5,38.6,0.95,0.05,0.0,0.7,0.03,2,1784227866.7556329,True,False,True,False,1784227715.153665,False,1,0,0,False
1783947642.4476278,20,1784227876.7354624,37.53986419470512,0.6583375295643549,-500,True,37.5,36.5,38.6,0.95,0.05,0.0,0.7,0.03,2,1784227886.7617848,True,False,True,True,1784227895.1536865,False,1,0,0,False
1783947642.4476278,20,1784227896.741539,37.49980926222629,0.6583375295643549,-500,True,37.5,36.5,38.6,0.95,0.05,0.0,0.7,0.03,2,1784227906.767581,True,False,True,True,1784227895.1536865,False,True,1,0,False
1783947642.4476278,20,1784227916.7474413,37.49713893339437,0.6579369802395667,-500,True,37.5,36.5,38.6,0.95,0.05,0.0,0.7,0.03,2,1784227926.7735705,True,False,True,False,1784227895.1536865,False,True,1,0,False
1783947642.4476278,20,1784227936.7533746,37.470435645075156,0.6581277180132753,-500,True,37.5,36.5,38.6,0.95,0.05,0.0,0.7,0.03,2,1784227946.779417,True,False,True,False,1784227895.1536865,False,True,1,0,False
1783947642.4476278,20,1784227956.759235,37.470435645075156,0.6580895704585337,-500,True,37.5,36.5,38.6,0.95,0.05,0.0,0.7,0.03,2,1784227966.7852938,True,False,True,False,1784227895.1536865,False,True,1,0,False
1783947642.4476278,20,1784227976.765116,37.49713893339437,0.6582612344548714,-500,True,37.5,36.5,38.6,0.95,0.05,0.0,0.7,0.03,2,1784227986.7912307,True,False,True,False,1784227895.1536865,False,True,1,0,False
1783947642.4476278,20,1784227996.7710757,37.49446860456244,0.6582230869001298,-500,True,37.5,36.5,38.6,0.95,0.05,0.0,0.7,0.03,2,1784228006.7971337,True,False,True,False,1784227895.1536865,False,True,1,0,False
1783947642.4476278,20,1784228016.776881,37.507820248722055,0.6580514229037918,-500,True,37.5,36.5,38.6,0.95,0.05,0.0,0.7,0.03,2,1784228026.8028972,True,False,True,False,1784227895.1536865,False,1,0,0,False
1783947642.4476278,20,1784228036.7827275,37.53986419470512,0.6580514229037918,-500,True,37.5,36.5,38.6,0.95,0.05,0.0,0.7,0.03,2,1784228046.80909,True,False,True,False,1784227895.1536865,False,1,0,0,False
1783947642.4476278,20,1784228056.788712,37.50247959105822,0.6580514229037918,-500,True,37.5,36.5,38.6,0.95,0.05,0.0,0.7,0.03,2,1784228066.8147826,True,False,True,True,1784228075.1537178,False,1,0,0,False
1783947642.4476278,20,1784228076.7945952,37.481116960402844,0.658032349126421,-500,True,37.5,36.5,38.6,0.95,0.05,0.0,0.7,0.03,2,1784228086.8206263,True,False,True,True,1784228075.1537178,False,True,1,0,False
1783947642.4476278,20,1784228096.8004403,37.46776531624323,0.6581467917906463,-500,True,37.5,36.5,38.6,0.95,0.05,0.0,0.7,0.03,2,1784228106.8265984,True,False,True,False,1784228075.1537178,False,True,1,0,False
1783947642.4476278,20,1784228116.8063626,37.45441367208362,0.6581086442359044,-500,True,37.5,36.5,38.6,0.95,0.05,0.0,0.7,0.03,2,1784228126.8323636,True,False,True,False,1784228075.1537178,False,True,1,0,False
1783947642.4476278,20,1784228136.8122168,37.45975432974747,0.6579560540169375,-500,True,37.5,36.5,38.6,0.95,0.05,0.0,0.7,0.03,2,1784228146.8385148,True,False,True,False,1784228075.1537178,False,True,1,0,False
1783947642.4476278,20,1784228156.8181412,37.44373235675593,0.657879758907454,-500,True,37.5,36.5,38.6,0.95,0.05,0.0,0.7,0.03,2,1784228166.84416,True,False,True,False,1784228075.1537178,False,True,1,0,False
1783947642.4476278,20,1784228176.823987,37.48645761806668,0.6578034637979705,-500,True,37.5,36.5,38.6,0.95,0.05,0.0,0.7,0.03,2,1784228186.850172,True,False,True,False,1784228075.1537178,False,True,1,0,False
1783947642.4476278,20,1784228196.8299713,37.49980926222629,0.6581467917906463,-500,True,37.5,36.5,38.6,0.95,0.05,0.0,0.7,0.03,2,1784228206.8559763,True,False,True,False,1784228075.1537178,False,True,1,0,False
1783947642.4476278,20,1784228216.835787,37.52918287937743,0.6582421606775006,-500,True,37.5,36.5,38.6,0.95,0.05,0.0,0.7,0.03,2,1784228226.8617854,True,False,True,False,1784228075.1537178,False,1,0,0,False
1783947642.4476278,20,1784228236.8415709,37.50247959105822,0.6576890211337454,-500,True,37.5,36.5,38.6,0.95,0.05,0.0,0.7,0.03,2,1784228246.8675394,True,False,True,True,1784228255.1537378,False,1,0,0,False
1783947642.4476278,20,1784228256.8474154,37.470435645075156,0.6582230869001298,-500,True,37.5,36.5,38.6,0.95,0.05,0.0,0.7,0.03,2,1784228266.8735325,True,False,True,True,1784228255.1537378,False,True,1,0,False
1783947642.4476278,20,1784228276.8533015,37.47577630273899,0.6581086442359044,-500,True,37.5,36.5,38.6,0.95,0.05,0.0,0.7,0.03,2,1784228286.8793154,True,False,True,False,1784228255.1537378,False,True,1,0,False
1783947642.4476278,20,1784228296.8591447,37.46242465857938,0.6575936522468909,-500,True,37.5,36.5,38.6,0.95,0.05,0.0,0.7,0.03,2,1784228306.8851411,True,False,True,False,1784228255.1537378,False,True,1,0,False
1783947642.4476278,20,1784228316.8649218,37.481116960402844,0.6580704966811628,-500,True,37.5,36.5,38.6,0.95,0.05,0.0,0.7,0.03,2,1784228326.8909552,True,False,True,False,1784228255.1537378,False,True,1,0,False
1783947642.4476278,20,1784228336.8707979,37.481116960402844,0.658032349126421,-500,True,37.5,36.5,38.6,0.95,0.05,0.0,0.7,0.03,2,1784228346.8968084,True,False,True,False,1784228255.1537378,False,True,1,0,False
1783947642.4476278,20,1784228356.8765674,37.507820248722055,0.6579369802395667,-500,True,37.5,36.5,38.6,0.95,0.05,0.0,0.7,0.03,2,1784228366.9025872,True,False,True,False,1784228255.1537378,False,1,0,0,False
1783947642.4476278,20,1784228376.8824236,37.49179827573053,0.6578606851300832,-500,True,37.5,36.5,38.6,0.95,0.05,0.0,0.7,0.03,2,1784228386.9084988,True,False,True,False,1784228255.1537378,False,True,1,0,False
1783947642.4476278,20,1784228396.8883376,37.489127946898606,0.6581849393453879,-500,True,37.5,36.5,38.6,0.95,0.05,0.0,0.7,0.03,2,1784228406.9144614,True,False,True,False,1784228255.1537378,False,True,1,0,False
1783947642.4476278,20,1784228416.8943276,37.48645761806668,0.6580132753490502,-500,True,37.5,36.5,38.6,0.95,0.05,0.0,0.7,0.03,2,1784228426.9203079,False,True,True,True,1784228435.153745,False,True,1,0,False
1783947642.4476278,20,1784228436.9000976,37.44373235675593,0.657879758907454,-500,True,37.5,36.5,38.6,0.95,0.05,0.0,0.7,0.03,2,1784228446.9261122,False,True,True,True,1784228435.153745,False,True,1,0,False
1783947642.4476278,20,1784228456.9059207,37.43305104142824,0.6580895704585337,-500,True,37.5,36.5,38.6,0.95,0.05,0.0,0.7,0.03,2,1784228466.9319289,False,True,True,False,1784228435.153745,False,True,1,0,False
1783947642.4476278,20,1784228476.9117806,37.43305104142824,0.6579751277943083,-500,True,37.5,36.5,38.6,0.95,0.05,0.0,0.7,0.03,2,1784228486.9379737,False,True,True,False,1784228435.153745,False,True,1,0,False
1783947642.4476278,20,1784228496.917721,37.47844663157092,0.658032349126421,-500,True,37.5,36.5,38.6,0.95,0.05,0.0,0.7,0.03,2,1784228506.943718,False,True,True,False,1784228435.153745,False,True,1,0,False
1783947642.4476278,20,1784228516.9235282,37.48645761806668,0.6578034637979705,-500,True,37.5,36.5,38.6,0.95,0.05,0.0,0.7,0.03,2,1784228526.9497132,False,True,True,False,1784228435.153745,False,True,1,0,False
1783947642.4476278,20,1784228536.9293838,37.48645761806668,0.6576890211337454,-500,True,37.5,36.5,38.6,0.95,0.05,0.0,0.7,0.03,2,1784228546.9554768,False,True,True,False,1784228435.153745,False,True,1,0,False
1783947642.4476278,20,1784228556.9352808,37.49713893339437,0.6578606851300832,-500,True,37.5,36.5,38.6,0.95,0.05,0.0,0.7,0.03,2,1784228566.9613168,False,True,True,False,1784228435.153745,False,True,1,0,False
1783947642.4476278,20,1784228576.941101,37.507820248722055,0.6579179064621958,-500,True,37.5,36.5,38.6,0.95,0.05,0.0,0.7,0.03,2,1784228586.9671183,False,True,True,False,1784228435.153745,False,1,0,0,False
1783947642.4476278,20,1784228596.9469366,37.51049057755398,0.6581467917906463,-500,True,37.5,36.5,38.6,0.95,0.05,0.0,0.7,0.03,2,1784228606.973395,False,True,True,True,1784228615.153751,False,1,0,0,False
1783947642.4476278,20,1784228616.9532018,37.50247959105822,0.6578034637979705,-500,True,37.5,36.5,38.6,0.95,0.05,0.0,0.7,0.03,2,1784228626.9794827,False,True,True,True,1784228615.153751,False,1,0,0,False
1783947642.4476278,20,1784228636.9590626,37.427710383764406,0.6579751277943083,-500,True,37.5,36.5,38.6,0.95,0.05,0.0,0.7,0.03,2,1784228646.9851995,False,True,True,False,1784228615.153751,False,True,1,0,False
1783947642.4476278,20,1784228656.9648771,37.44373235675593,0.6579751277943083,-500,True,37.5,36.5,38.6,0.95,0.05,0.0,0.7,0.03,2,1784228666.990912,False,True,True,False,1784228615.153751,False,True,1,0,False
1783947642.4476278,20,1784228676.9707267,37.41702906843672,0.6576699473563744,-500,True,37.5,36.5,38.6,0.95,0.05,0.0,0.7,0.03,2,1784228686.9967403,False,True,True,False,1784228615.153751,False,True,1,0,False
1783947642.4476278,20,1784228696.9765918,37.45708400091554,0.6575936522468909,-500,True,37.5,36.5,38.6,0.95,0.05,0.0,0.7,0.03,2,1784228707.0026722,False,True,True,False,1784228615.153751,False,True,1,0,False
1783947642.4476278,20,1784228716.9824753,37.45975432974747,0.6576317998016328,-500,True,37.5,36.5,38.6,0.95,0.05,0.0,0.7,0.03,2,1784228727.0085533,False,True,True,False,1784228615.153751,False,True,1,0,False
1783947642.4476278,20,1784228736.988303,37.481116960402844,0.658032349126421,-500,True,37.5,36.5,38.6,0.95,0.05,0.0,0.7,0.03,2,1784228747.0143926,False,True,True,False,1784228615.153751,False,True,1,0,False
1783947642.4476278,20,1784228756.9941547,37.507820248722055,0.65757457846952,-500,True,37.5,36.5,38.6,0.95,0.05,0.0,0.7,0.03,2,1784228767.0201552,False,True,True,False,1784228615.153751,False,1,0,0,False
1783947642.4476278,20,1784228776.9999943,37.49179827573053,0.6579942015716793,-500,True,37.5,36.5,38.6,0.95,0.05,0.0,0.7,0.03,2,1784228787.0260286,False,True,True,True,1784228795.1537604,False,True,1,0,False
1783947642.4476278,20,1784228797.0057893,37.47844663157092,0.6582993820096132,-500,True,37.5,36.5,38.6,0.95,0.05,0.0,0.7,0.03,2,1784228807.031785,False,True,True,True,1784228795.1537604,False,True,1,0,False
1783947642.4476278,20,1784228817.0116305,37.45975432974747,0.6580704966811628,-500,True,37.5,36.5,38.6,0.95,0.05,0.0,0.7,0.03,2,1784228827.0376778,False,True,True,False,1784228795.1537604,False,True,1,0,False
1783947642.4476278,20,1784228837.0174816,37.44373235675593,0.6576508735790035,-500,True,37.5,36.5,38.6,0.95,0.05,0.0,0.7,0.03,2,1784228847.043524,False,True,True,False,1784228795.1537604,False,True,1,0,False
1783947642.4476278,20,1784228857.0233326,37.481116960402844,0.657727168688487,-500,True,37.5,36.5,38.6,0.95,0.05,0.0,0.7,0.03,2,1784228867.0493603,False,True,True,False,1784228795.1537604,False,True,1,0,False
1783947642.4476278,20,1784228877.0291374,37.45975432974747,0.6580895704585337,-500,True,37.5,36.5,38.6,0.95,0.05,0.0,0.7,0.03,2,1784228887.055213,False,True,True,False,1784228795.1537604,False,True,1,0,False
1783947642.4476278,20,1784228897.035004,37.489127946898606,0.6579369802395667,-500,True,37.5,36.5,38.6,0.95,0.05,0.0,0.7,0.03,2,1784228907.0610363,False,True,True,False,1784228795.1537604,False,True,1,0,False
1783947642.4476278,20,1784228917.0408432,37.513160906385906,0.6579560540169375,-500,True,37.5,36.5,38.6,0.95,0.05,0.0,0.7,0.03,2,1784228927.0668564,False,True,True,False,1784228795.1537604,False,1,0,0,False
1783947642.4476278,20,1784228937.0466707,37.513160906385906,0.657727168688487,-500,True,37.5,36.5,38.6,0.95,0.05,0.0,0.7,0.03,2,1784228947.072697,False,True,True,False,1784228795.1537604,False,1,0,0,False
1783947642.4476278,20,1784228957.052497,37.507820248722055,0.6576890211337454,-500,True,37.5,36.5,38.6,0.95,0.05,0.0,0.7,0.03,2,1784228967.0785074,False,True,True,True,1784228975.1537712,False,1,0,0,False
1783947642.4476278,20,1784228977.0583293,37.47577630273899,0.6578606851300832,-500,True,37.5,36.5,38.6,0.95,0.05,0.0,0.7,0.03,2,1784228987.0843165,False,True,True,True,1784228975.1537712,False,True,1,0,False
1783947642.4476278,20,1784228997.0640745,37.41969939726863,0.6576699473563744,-500,True,37.5,36.5,38.6,0.95,0.05,0.0,0.7,0.03,2,1784229007.0903006,False,True,True,False,1784228975.1537712,False,True,1,0,False
1783947642.4476278,20,1784229017.0699356,37.41702906843672,0.6577462424658579,-500,True,37.5,36.5,38.6,0.95,0.05,0.0,0.7,0.03,2,1784229027.0959435,False,True,True,False,1784228975.1537712,False,True,1,0,False
1783947642.4476278,20,1784229037.075743,37.45975432974747,0.6578416113527124,-500,True,37.5,36.5,38.6,0.95,0.05,0.0,0.7,0.03,2,1784229047.1018527,False,True,True,False,1784228975.1537712,False,True,1,0,False
1783947642.4476278,20,1784229057.0816073,37.45975432974747,0.6578034637979705,-500,True,37.5,36.5,38.6,0.95,0.05,0.0,0.7,0.03,2,1784229067.1076953,False,True,True,False,1784228975.1537712,False,True,1,0,False
1783947642.4476278,20,1784229077.0875163,37.48645761806668,0.6578034637979705,-500,True,37.5,36.5,38.6,0.95,0.05,0.0,0.7,0.03,2,1784229087.113532,False,True,True,False,1784228975.1537712,False,True,1,0,False
1783947642.4476278,20,1784229097.093301,37.47844663157092,0.6579369802395667,-500,True,37.5,36.5,38.6,0.95,0.05,0.0,0.7,0.03,2,1784229107.1194997,False,True,True,False,1784228975.1537712,False,True,1,0,False
1783947642.4476278,20,1784229117.0992203,37.50247959105822,0.657727168688487,-500,True,37.5,36.5,38.6,0.95,0.05,0.0,0.7,0.03,2,1784229127.1252759,False,True,True,False,1784228975.1537712,False,1,0,0,False
1783947642.4476278,20,1784229137.105058,37.49713893339437,0.6577462424658579,-500,True,37.5,36.5,38.6,0.95,0.05,0.0,0.7,0.03,2,1784229147.131099,False,True,True,True,1784229155.1537766,False,True,1,0,False
1783947642.4476278,20,1784229157.1108968,37.49179827573053,0.6579369802395667,-500,True,37.5,36.5,38.6,0.95,0.05,0.0,0.7,0.03,2,1784229167.1369116,False,True,True,True,1784229155.1537766,False,True,1,0,False
1783947642.4476278,20,1784229177.1167104,37.45441367208362,0.6575555046921493,-500,True,37.5,36.5,38.6,0.95,0.05,0.0,0.7,0.03,2,1784229187.1428182,False,True,True,False,1784229155.1537766,False,True,1,0,False
1783947642.4476278,20,1784229197.1226494,37.489127946898606,0.6575936522468909,-500,True,37.5,36.5,38.6,0.95,0.05,0.0,0.7,0.03,2,1784229207.1486247,False,True,True,False,1784229155.1537766,False,True,1,0,False
1783947642.4476278,20,1784229217.1283917,37.49179827573053,0.6577080949111163,-500,True,37.5,36.5,38.6,0.95,0.05,0.0,0.7,0.03,2,1784229227.1544404,False,True,True,False,1784229155.1537766,False,True,1,0,False
1783947642.4476278,20,1784229237.1342423,37.507820248722055,0.6576508735790035,-500,True,37.5,36.5,38.6,0.95,0.05,0.0,0.7,0.03,2,1784229247.160204,False,True,True,False,1784229155.1537766,False,1,0,0,False
1783947642.4476278,20,1784229257.140013,37.50247959105822,0.657727168688487,-500,True,37.5,36.5,38.6,0.95,0.05,0.0,0.7,0.03,2,1784229267.1660347,False,True,True,False,1784229155.1537766,False,1,0,0,False
1783947642.4476278,20,1784229277.14586,37.49713893339437,0.658032349126421,-500,True,37.5,36.5,38.6,0.95,0.05,0.0,0.7,0.03,2,1784229287.1718755,False,True,True,False,1784229155.1537766,False,True,1,0,False
1783947642.4476278,20,1784229297.1516676,37.51049057755398,0.6577653162432289,-500,True,37.5,36.5,38.6,0.95,0.05,0.0,0.7,0.03,2,1784229307.1776578,False,True,True,False,1784229155.1537766,False,1,0,0,False
1783947642.4476278,20,1784229317.1575282,37.48645761806668,0.6578034637979705,-500,True,37.5,36.5,38.6,0.95,0.05,0.0,0.7,0.03,2,1784229327.1835432,False,True,True,True,1784229335.1537933,False,True,1,0,False
1783947642.4476278,20,1784229337.1633697,37.45975432974747,0.6576508735790035,-500,True,37.5,36.5,38.6,0.95,0.05,0.0,0.7,0.03,2,1784229347.1893928,False,True,True,True,1784229335.1537933,False,True,1,0,False
1783947642.4476278,20,1784229357.1691465,37.438391699092094,0.6578034637979705,-500,True,37.5,36.5,38.6,0.95,0.05,0.0,0.7,0.03,2,1784229367.1951447,False,True,True,False,1784229335.1537933,False,True,1,0,False
1783947642.4476278,20,1784229377.1749234,37.481116960402844,0.6578416113527124,-500,True,37.5,36.5,38.6,0.95,0.05,0.0,0.7,0.03,2,1784229387.2008953,False,True,True,False,1784229335.1537933,False,True,1,0,False
1783947642.4476278,20,1784229397.1807504,37.47310597390707,0.6576508735790035,-500,True,37.5,36.5,38.6,0.95,0.05,0.0,0.7,0.03,2,1784229407.2068913,False,True,True,False,1784229335.1537933,False,True,1,0,False
1783947642.4476278,20,1784229417.1867094,37.48645761806668,0.6579560540169375,-500,True,37.5,36.5,38.6,0.95,0.05,0.0,0.7,0.03,2,1784229427.2127357,False,True,True,False,1784229335.1537933,False,True,1,0,False
1783947642.4476278,20,1784229437.192512,37.49713893339437,0.657727168688487,-500,True,37.5,36.5,38.6,0.95,0.05,0.0,0.7,0.03,2,1784229447.21854,False,True,True,False,1784229335.1537933,False,True,1,0,False
1783947642.4476278,20,1784229457.1984265,37.52384222171359,0.6581467917906463,-500,True,37.5,36.5,38.6,0.95,0.05,0.0,0.7,0.03,2,1784229467.2244534,False,True,True,False,1784229335.1537933,False,1,0,0,False
1783947642.4476278,20,1784229477.2042568,37.555886167696656,0.6578606851300832,-500,True,37.5,36.5,38.6,0.95,0.05,0.0,0.7,0.03,2,1784229487.230406,False,True,True,False,1784229335.1537933,False,1,0,0,False
1783947642.4476278,20,1784229497.2100854,37.526512550545505,0.6577080949111163,-500,True,37.5,36.5,38.6,0.95,0.05,0.0,0.7,0.03,2,1784229507.236051,False,True,True,True,1784229515.1538014,False,1,0,0,False
1783947642.4476278,20,1784229517.2158701,37.47577630273899,0.6576890211337454,-500,True,37.5,36.5,38.6,0.95,0.05,0.0,0.7,0.03,2,1784229527.2419152,False,True,True,True,1784229515.1538014,False,True,1,0,False
1783947642.4476278,20,1784229537.2216775,37.44907301441978,0.6576127260242619,-500,True,37.5,36.5,38.6,0.95,0.05,0.0,0.7,0.03,2,1784229547.2476804,False,True,True,False,1784229515.1538014,False,True,1,0,False
1783947642.4476278,20,1784229557.227483,37.422369726100555,0.6578416113527124,-500,True,37.5,36.5,38.6,0.95,0.05,0.0,0.7,0.03,2,1784229567.2535045,False,True,True,False,1784229515.1538014,False,True,1,0,False
1783947642.4476278,20,1784229577.2332802,37.427710383764406,0.6573456931410696,-500,True,37.5,36.5,38.6,0.95,0.05,0.0,0.7,0.03,2,1784229587.2594802,False,True,True,False,1784229515.1538014,False,True,1,0,False
1783947642.4476278,20,1784229597.2391143,37.446402685587856,0.6577653162432289,-500,True,37.5,36.5,38.6,0.95,0.05,0.0,0.7,0.03,2,1784229607.2651715,False,True,True,False,1784229515.1538014,False,True,1,0,False
1783947642.4476278,20,1784229617.2449505,37.44373235675593,0.6578225375753414,-500,True,37.5,36.5,38.6,0.95,0.05,0.0,0.7,0.03,2,1784229627.271,False,True,True,False,1784229515.1538014,False,True,1,0,False
1783947642.4476278,20,1784229637.2508082,37.48645761806668,0.6577080949111163,-500,True,37.5,36.5,38.6,0.95,0.05,0.0,0.7,0.03,2,1784229647.2768102,False,True,True,False,1784229515.1538014,False,True,1,0,False
1783947642.4476278,20,1784229657.256588,37.49713893339437,0.6577462424658579,-500,True,37.5,36.5,38.6,0.95,0.05,0.0,0.7,0.03,2,1784229667.2826717,False,True,True,False,1784229515.1538014,False,True,1,0,False
1783947642.4476278,20,1784229677.2625186,37.50247959105822,0.6577653162432289,-500,True,37.5,36.5,38.6,0.95,0.05,0.0,0.7,0.03,2,1784229687.2884934,False,True,True,True,1784229695.1538243,False,1,0,0,False
1783947642.4476278,20,1784229697.2682776,37.47844663157092,0.6572121766994735,-500,True,37.5,36.5,38.6,0.95,0.05,0.0,0.7,0.03,2,1784229707.2943072,False,True,True,True,1784229695.1538243,False,True,1,0,False
1783947642.4476278,20,1784229717.2740922,37.470435645075156,0.6577843900205997,-500,True,37.5,36.5,38.6,0.95,0.05,0.0,0.7,0.03,2,1784229727.3000748,False,True,True,False,1784229695.1538243,False,True,1,0,False
1783947642.4476278,20,1784229737.279854,37.44907301441978,0.6576317998016328,-500,True,37.5,36.5,38.6,0.95,0.05,0.0,0.7,0.03,2,1784229747.305919,False,True,True,False,1784229695.1538243,False,True,1,0,False
1783947642.4476278,20,1784229757.285748,37.49179827573053,0.6576508735790035,-500,True,37.5,36.5,38.6,0.95,0.05,0.0,0.7,0.03,2,1784229767.311766,False,True,True,False,1784229695.1538243,False,True,1,0,False
1783947642.4476278,20,1784229777.291557,37.507820248722055,0.657727168688487,-500,True,37.5,36.5,38.6,0.95,0.05,0.0,0.7,0.03,2,1784229787.3175805,False,True,True,False,1784229695.1538243,False,1,0,0,False
1783947642.4476278,20,1784229797.2973704,37.50514991989013,0.6576890211337454,-500,True,37.5,36.5,38.6,0.95,0.05,0.0,0.7,0.03,2,1784229807.3234038,False,True,True,False,1784229695.1538243,False,1,0,0,False
1783947642.4476278,20,1784229817.3032835,37.470435645075156,0.6573647669184405,-500,True,37.5,36.5,38.6,0.95,0.05,0.0,0.7,0.03,2,1784229827.3293386,False,True,True,False,1784229695.1538243,False,True,1,0,False
1783947642.4476278,20,1784229837.3091202,37.465094987411305,0.6575555046921493,-500,True,37.5,36.5,38.6,0.95,0.05,0.0,0.7,0.03,2,1784229847.3351254,False,True,True,False,1784229695.1538243,False,True,1,0,False
1783947642.4476278,20,1784229857.314942,37.44907301441978,0.6574219882505531,-500,True,37.5,36.5,38.6,0.95,0.05,0.0,0.7,0.03,2,1784229867.3409686,False,True,True,True,1784229875.1538599,False,True,1,0,False
1783947642.4476278,20,1784229877.320783,37.470435645075156,0.6576127260242619,-500,True,37.5,36.5,38.6,0.95,0.05,0.0,0.7,0.03,2,1784229887.3468518,False,True,True,True,1784229875.1538599,False,True,1,0,False
1783947642.4476278,20,1784229897.3266919,37.42504005493248,0.6574792095826658,-500,True,37.5,36.5,38.6,0.95,0.05,0.0,0.7,0.03,2,1784229907.3527627,False,True,True,False,1784229875.1538599,False,True,1,0,False
1783947642.4476278,20,1784229917.3325584,37.465094987411305,0.6576508735790035,-500,True,37.5,36.5,38.6,0.95,0.05,0.0,0.7,0.03,2,1784229927.3585963,False,True,True,False,1784229875.1538599,False,True,1,0,False
1783947642.4476278,20,1784229937.3384085,37.49713893339437,0.65757457846952,-500,True,37.5,36.5,38.6,0.95,0.05,0.0,0.7,0.03,2,1784229947.3644347,False,True,True,False,1784229875.1538599,False,True,1,0,False
1783947642.4476278,20,1784229957.344221,37.507820248722055,0.6575173571374074,-500,True,37.5,36.5,38.6,0.95,0.05,0.0,0.7,0.03,2,1784229967.3704484,False,True,True,False,1784229875.1538599,False,1,0,0,False
1783947642.4476278,20,1784229977.3502748,37.51850156404974,0.6576317998016328,-500,True,37.5,36.5,38.6,0.95,0.05,0.0,0.7,0.03,2,1784229987.3763883,False,True,True,False,1784229875.1538599,False,1,0,0,False
1783947642.4476278,20,1784229997.3561378,37.51583123521782,0.6576127260242619,-500,True,37.5,36.5,38.6,0.95,0.05,0.0,0.7,0.03,2,1784230007.3823273,False,True,True,False,1784229875.1538599,False,1,0,0,False
1783947642.4476278,20,1784230017.3620605,37.470435645075156,0.6574219882505531,-500,True,37.5,36.5,38.6,0.95,0.05,0.0,0.7,0.03,2,1784230027.388143,False,True,True,False,1784229875.1538599,False,True,1,0,False
1783947642.4476278,20,1784230037.367857,37.47577630273899,0.6574601358052949,-500,True,37.5,36.5,38.6,0.95,0.05,0.0,0.7,0.03,2,1784230047.3939168,False,True,True,True,1784230055.1538854,False,True,1,0,False
1783947642.4476278,20,1784230057.3736327,37.45441367208362,0.657441062027924,-500,True,37.5,36.5,38.6,0.95,0.05,0.0,0.7,0.03,2,1784230067.3998587,False,True,True,True,1784230055.1538854,False,True,1,0,False
1783947642.4476278,20,1784230077.3795276,37.44907301441978,0.6574982833600366,-500,True,37.5,36.5,38.6,0.95,0.05,0.0,0.7,0.03,2,1784230087.4055493,False,True,True,False,1784230055.1538854,False,True,1,0,False
1783947642.4476278,20,1784230097.385369,37.46242465857938,0.6574792095826658,-500,True,37.5,36.5,38.6,0.95,0.05,0.0,0.7,0.03,2,1784230107.4114482,False,True,True,False,1784230055.1538854,False,True,1,0,False
1783947642.4476278,20,1784230117.3912978,37.465094987411305,0.6576317998016328,-500,True,37.5,36.5,38.6,0.95,0.05,0.0,0.7,0.03,2,1784230127.417356,False,True,True,False,1784230055.1538854,False,True,1,0,False
1783947642.4476278,20,1784230137.3971374,37.48645761806668,0.6576127260242619,-500,True,37.5,36.5,38.6,0.95,0.05,0.0,0.7,0.03,2,1784230147.4231427,False,True,True,False,1784230055.1538854,False,True,1,0,False
1783947642.4476278,20,1784230157.402979,37.507820248722055,0.6577462424658579,-500,True,37.5,36.5,38.6,0.95,0.05,0.0,0.7,0.03,2,1784230167.4290178,False,True,True,False,1784230055.1538854,False,1,0,0,False
1783947642.4476278,20,1784230177.4088318,37.52384222171359,0.6574601358052949,-500,True,37.5,36.5,38.6,0.95,0.05,0.0,0.7,0.03,2,1784230187.4348938,False,True,True,False,1784230055.1538854,False,1,0,0,False
1783947642.4476278,20,1784230197.414717,37.526512550545505,0.6575555046921493,-500,True,37.5,36.5,38.6,0.95,0.05,0.0,0.7,0.03,2,1784230207.4407287,False,True,True,False,1784230055.1538854,False,1,0,0,False
1783947642.4476278,20,1784230217.4205184,37.47577630273899,0.6574601358052949,-500,True,37.5,36.5,38.6,0.95,0.05,0.0,0.7,0.03,2,1784230227.4465559,False,True,True,True,1784230235.1539075,False,True,1,0,False
1783947642.4476278,20,1784230237.426423,37.44373235675593,0.6573838406958115,-500,True,37.5,36.5,38.6,0.95,0.05,0.0,0.7,0.03,2,1784230247.4523902,False,True,True,True,1784230235.1539075,False,True,1,0,False
1783947642.4476278,20,1784230257.432249,37.422369726100555,0.6572503242542154,-500,True,37.5,36.5,38.6,0.95,0.05,0.0,0.7,0.03,2,1784230267.4583173,False,True,True,False,1784230235.1539075,False,True,1,0,False
1783947642.4476278,20,1784230277.4381251,37.43305104142824,0.6576127260242619,-500,True,37.5,36.5,38.6,0.95,0.05,0.0,0.7,0.03,2,1784230287.4640985,False,True,True,False,1784230235.1539075,False,True,1,0,False
1783947642.4476278,20,1784230297.4438865,37.46242465857938,0.6573647669184405,-500,True,37.5,36.5,38.6,0.95,0.05,0.0,0.7,0.03,2,1784230307.4699507,False,True,True,False,1784230235.1539075,False,True,1,0,False
1783947642.4476278,20,1784230317.4497168,37.481116960402844,0.6575173571374074,-500,True,37.5,36.5,38.6,0.95,0.05,0.0,0.7,0.03,2,1784230327.4757347,False,True,True,False,1784230235.1539075,False,True,1,0,False
1783947642.4476278,20,1784230337.4555442,37.481116960402844,0.6572503242542154,-500,True,37.5,36.5,38.6,0.95,0.05,0.0,0.7,0.03,2,1784230347.4815366,False,True,True,False,1784230235.1539075,False,True,1,0,False
1783947642.4476278,20,1784230357.4613175,37.507820248722055,0.6573266193636988,-500,True,37.5,36.5,38.6,0.95,0.05,0.0,0.7,0.03,2,1784230367.487351,False,True,True,False,1784230235.1539075,False,1,0,0,False
1783947642.4476278,20,1784230377.4671714,37.50247959105822,0.6573647669184405,-500,True,37.5,36.5,38.6,0.95,0.05,0.0,0.7,0.03,2,1784230387.4931893,False,True,True,False,1784230235.1539075,False,1,0,0,False
1783947642.4476278,20,1784230397.4729924,37.526512550545505,0.6575936522468909,-500,True,37.5,36.5,38.6,0.95,0.05,0.0,0.7,0.03,2,1784230407.499048,False,True,True,True,1784230415.153922,False,1,0,0,False
1783947642.4476278,20,1784230417.478873,37.49713893339437,0.6574982833600366,-500,True,37.5,36.5,38.6,0.95,0.05,0.0,0.7,0.03,2,1784230427.5048816,False,True,True,True,1784230415.153922,False,True,1,0,False
1783947642.4476278,20,1784230437.4846752,37.45441367208362,0.6573647669184405,-500,True,37.5,36.5,38.6,0.95,0.05,0.0,0.7,0.03,2,1784230447.5108798,False,True,True,False,1784230415.153922,False,True,1,0,False
1783947642.4476278,20,1784230457.4906034,37.44373235675593,0.6576127260242619,-500,True,37.5,36.5,38.6,0.95,0.05,0.0,0.7,0.03,2,1784230467.516712,False,True,True,False,1784230415.153922,False,True,1,0,False
1783947642.4476278,20,1784230477.4964652,37.43305104142824,0.657441062027924,-500,True,37.5,36.5,38.6,0.95,0.05,0.0,0.7,0.03,2,1784230487.522485,False,True,True,False,1784230415.153922,False,True,1,0,False
1783947642.4476278,20,1784230497.5023074,37.489127946898606,0.6574219882505531,-500,True,37.5,36.5,38.6,0.95,0.05,0.0,0.7,0.03,2,1784230507.528267,False,True,True,False,1784230415.153922,False,True,1,0,False
1783947642.4476278,20,1784230517.5080595,37.481116960402844,0.6569832913710231,-500,True,37.5,36.5,38.6,0.95,0.05,0.0,0.7,0.03,2,1784230527.534088,False,True,True,False,1784230415.153922,False,True,1,0,False
1783947642.4476278,20,1784230537.5139031,37.49713893339437,0.6574029144731823,-500,True,37.5,36.5,38.6,0.95,0.05,0.0,0.7,0.03,2,1784230547.5400426,False,True,True,False,1784230415.153922,False,True,1,0,False
1783947642.4476278,20,1784230557.5196824,37.50247959105822,0.6575936522468909,-500,True,37.5,36.5,38.6,0.95,0.05,0.0,0.7,0.03,2,1784230567.5456545,False,True,True,False,1784230415.153922,False,1,0,0,False
1783947642.4476278,20,1784230577.5254529,37.507820248722055,0.6572121766994735,-500,True,37.5,36.5,38.6,0.95,0.05,0.0,0.7,0.03,2,1784230587.5514789,False,True,True,True,1784230595.1539612,False,1,0,0,False
1783947642.4476278,20,1784230597.531322,37.49446860456244,0.6573838406958115,-500,True,37.5,36.5,38.6,0.95,0.05,0.0,0.7,0.03,2,1784230607.557438,False,True,True,True,1784230595.1539612,False,True,1,0,False
1783947642.4476278,20,1784230617.537225,37.48645761806668,0.6572503242542154,-500,True,37.5,36.5,38.6,0.95,0.05,0.0,0.7,0.03,2,1784230627.5632257,False,True,True,False,1784230595.1539612,False,True,1,0,False
1783947642.4476278,20,1784230637.5430362,37.481116960402844,0.6570977340352484,-500,True,37.5,36.5,38.6,0.95,0.05,0.0,0.7,0.03,2,1784230647.5691764,False,True,True,False,1784230595.1539612,False,True,1,0,False
1783947642.4476278,20,1784230657.5489554,37.49179827573053,0.6575173571374074,-500,True,37.5,36.5,38.6,0.95,0.05,0.0,0.7,0.03,2,1784230667.5749793,False,True,True,False,1784230595.1539612,False,True,1,0,False
1783947642.4476278,20,1784230677.5547874,37.49713893339437,0.6572121766994735,-500,True,37.5,36.5,38.6,0.95,0.05,0.0,0.7,0.03,2,1784230687.5809498,False,True,True,False,1784230595.1539612,False,True,1,0,False
1783947642.4476278,20,1784230697.5607307,37.55321583886473,0.6573647669184405,-500,True,37.5,36.5,38.6,0.95,0.05,0.0,0.7,0.03,2,1784230707.5867534,False,True,True,False,1784230595.1539612,False,1,0,0,False
1783947642.4476278,20,1784230717.5665824,37.555886167696656,0.6571931029221026,-500,True,37.5,36.5,38.6,0.95,0.05,0.0,0.7,0.03,2,1784230727.5925338,False,True,True,False,1784230595.1539612,False,1,0,0,False
1783947642.4476278,20,1784230737.5723433,37.52918287937743,0.6573266193636988,-500,True,37.5,36.5,38.6,0.95,0.05,0.0,0.7,0.03,2,1784230747.5984266,False,True,True,False,1784230595.1539612,False,1,0,0,False
1783947642.4476278,20,1784230757.5782378,37.49713893339437,0.6574029144731823,-500,True,37.5,36.5,38.6,0.95,0.05,0.0,0.7,0.03,2,1784230767.6041884,False,True,True,True,1784230775.1539974,False,True,1,0,False
1783947642.4476278,20,1784230777.583992,37.470435645075156,0.6572693980315861,-500,True,37.5,36.5,38.6,0.95,0.05,0.0,0.7,0.03,2,1784230787.610091,False,True,True,True,1784230775.1539974,False,True,1,0,False
1783947642.4476278,20,1784230797.5898933,37.441062027924005,0.6571931029221026,-500,True,37.5,36.5,38.6,0.95,0.05,0.0,0.7,0.03,2,1784230807.6158745,False,True,True,False,1784230775.1539974,False,True,1,0,False
1783947642.4476278,20,1784230817.5956903,37.438391699092094,0.6570786602578775,-500,True,37.5,36.5,38.6,0.95,0.05,0.0,0.7,0.03,2,1784230827.6217458,False,True,True,False,1784230775.1539974,False,True,1,0,False
1783947642.4476278,20,1784230837.6015155,37.470435645075156,0.6572312504768445,-500,True,37.5,36.5,38.6,0.95,0.05,0.0,0.7,0.03,2,1784230847.6275547,False,True,True,False,1784230775.1539974,False,True,1,0,False
1783947642.4476278,20,1784230857.607376,37.481116960402844,0.6572693980315861,-500,True,37.5,36.5,38.6,0.95,0.05,0.0,0.7,0.03,2,1784230867.6334226,False,True,True,False,1784230775.1539974,False,True,1,0,False
1783947642.4476278,20,1784230877.613201,37.49713893339437,0.6573266193636988,-500,True,37.5,36.5,38.6,0.95,0.05,0.0,0.7,0.03,2,1784230887.6391892,False,True,True,False,1784230775.1539974,False,True,1,0,False
1783947642.4476278,20,1784230897.6190238,37.49980926222629,0.657307545586328,-500,True,37.5,36.5,38.6,0.95,0.05,0.0,0.7,0.03,2,1784230907.6483972,False,True,True,False,1784230775.1539974,False,True,1,0,False
1783947642.4476278,20,1784230917.6282036,37.52384222171359,0.6572503242542154,-500,True,37.5,36.5,38.6,0.95,0.05,0.0,0.7,0.03,2,1784230927.6543748,False,True,True,False,1784230775.1539974,False,1,0,0,False
1783947642.4476278,20,1784230937.6340537,37.513160906385906,0.6571931029221026,-500,True,37.5,36.5,38.6,0.95,0.05,0.0,0.7,0.03,2,1784230947.660042,False,True,True,True,1784230955.1540217,False,1,0,0,False
1783947642.4476278,20,1784230957.6398895,37.470435645075156,0.6571168078126192,-500,True,37.5,36.5,38.6,0.95,0.05,0.0,0.7,0.03,2,1784230967.6659627,False,True,True,True,1784230955.1540217,False,True,1,0,False
1783947642.4476278,20,1784230977.645703,37.45975432974747,0.65713588158999,-500,True,37.5,36.5,38.6,0.95,0.05,0.0,0.7,0.03,2,1784230987.6717303,False,True,True,False,1784230955.1540217,False,True,1,0,False
1783947642.4476278,20,1784230997.6515212,37.45708400091554,0.6570786602578775,-500,True,37.5,36.5,38.6,0.95,0.05,0.0,0.7,0.03,2,1784231007.6775253,False,True,True,False,1784230955.1540217,False,True,1,0,False
1783947642.4476278,20,1784231017.6572983,37.465094987411305,0.6574982833600366,-500,True,37.5,36.5,38.6,0.95,0.05,0.0,0.7,0.03,2,1784231027.6835198,False,True,True,False,1784230955.1540217,False,True,1,0,False
1783947642.4476278,20,1784231037.6631749,37.48645761806668,0.6574219882505531,-500,True,37.5,36.5,38.6,0.95,0.05,0.0,0.7,0.03,2,1784231047.689182,False,True,True,False,1784230955.1540217,False,True,1,0,False
1783947642.4476278,20,1784231057.668954,37.48645761806668,0.6571931029221026,-500,True,37.5,36.5,38.6,0.95,0.05,0.0,0.7,0.03,2,1784231067.6950066,False,True,True,False,1784230955.1540217,False,True,1,0,False
1783947642.4476278,20,1784231077.6748114,37.52384222171359,0.6574029144731823,-500,True,37.5,36.5,38.6,0.95,0.05,0.0,0.7,0.03,2,1784231087.7008567,False,True,True,False,1784230955.1540217,False,1,0,0,False
1783947642.4476278,20,1784231097.6806328,37.51049057755398,0.6573456931410696,-500,True,37.5,36.5,38.6,0.95,0.05,0.0,0.7,0.03,2,1784231107.7066913,False,True,True,False,1784230955.1540217,False,1,0,0,False
1783947642.4476278,20,1784231117.6865187,37.49713893339437,0.657441062027924,-500,True,37.5,36.5,38.6,0.95,0.05,0.0,0.7,0.03,2,1784231127.7127044,False,True,True,True,1784231135.1540327,False,True,1,0,False
1783947642.4476278,20,1784231137.69249,37.49179827573053,0.6571931029221026,-500,True,37.5,36.5,38.6,0.95,0.05,0.0,0.7,0.03,2,1784231147.718556,False,True,True,True,1784231135.1540327,False,True,1,0,False
1783947642.4476278,20,1784231157.69841,37.44373235675593,0.657288471808957,-500,True,37.5,36.5,38.6,0.95,0.05,0.0,0.7,0.03,2,1784231167.724461,False,True,True,False,1784231135.1540327,False,True,1,0,False
1783947642.4476278,20,1784231177.704286,37.44373235675593,0.6572312504768445,-500,True,37.5,36.5,38.6,0.95,0.05,0.0,0.7,0.03,2,1784231187.7303586,False,True,True,False,1784231135.1540327,False,True,1,0,False
1783947642.4476278,20,1784231197.710172,37.489127946898606,0.6569832913710231,-500,True,37.5,36.5,38.6,0.95,0.05,0.0,0.7,0.03,2,1784231207.736239,False,True,True,False,1784231135.1540327,False,True,1,0,False
1783947642.4476278,20,1784231217.715938,37.481116960402844,0.6570405127031357,-500,True,37.5,36.5,38.6,0.95,0.05,0.0,0.7,0.03,2,1784231227.742132,False,True,True,False,1784231135.1540327,False,True,1,0,False
1783947642.4476278,20,1784231237.7218823,37.51850156404974,0.6568307011520561,-500,True,37.5,36.5,38.6,0.95,0.05,0.0,0.7,0.03,2,1784231247.7480476,False,True,True,False,1784231135.1540327,False,1,0,0,False
1783947642.4476278,20,1784231257.7277417,37.507820248722055,0.657288471808957,-500,True,37.5,36.5,38.6,0.95,0.05,0.0,0.7,0.03,2,1784231267.753925,False,True,True,False,1784231135.1540327,False,1,0,0,False
1783947642.4476278,20,1784231277.733619,37.53452353704128,0.6572312504768445,-500,True,37.5,36.5,38.6,0.95,0.05,0.0,0.7,0.03,2,1784231287.7601204,False,True,True,False,1784231135.1540327,False,1,0,0,False
1783947642.4476278,20,1784231297.7399852,37.489127946898606,0.6570595864805066,-500,True,37.5,36.5,38.6,0.95,0.05,0.0,0.7,0.03,2,1784231307.766159,False,True,True,True,1784231315.1540391,False,True,1,0,False
1783947642.4476278,20,1784231317.7459474,37.44373235675593,0.6572121766994735,-500,True,37.5,36.5,38.6,0.95,0.05,0.0,0.7,0.03,2,1784231327.7720537,False,True,True,True,1784231315.1540391,False,True,1,0,False
1783947642.4476278,20,1784231337.7518046,37.45441367208362,0.6569642175936522,-500,True,37.5,36.5,38.6,0.95,0.05,0.0,0.7,0.03,2,1784231347.7779624,False,True,True,False,1784231315.1540391,False,True,1,0,False
1783947642.4476278,20,1784231357.7576938,37.44907301441978,0.6570786602578775,-500,True,37.5,36.5,38.6,0.95,0.05,0.0,0.7,0.03,2,1784231367.7837305,False,True,True,False,1784231315.1540391,False,True,1,0,False
1783947642.4476278,20,1784231377.7635405,37.470435645075156,0.65713588158999,-500,True,37.5,36.5,38.6,0.95,0.05,0.0,0.7,0.03,2,1784231387.789565,False,True,True,False,1784231315.1540391,False,True,1,0,False
1783947642.4476278,20,1784231397.7693288,37.46776531624323,0.6573266193636988,-500,True,37.5,36.5,38.6,0.95,0.05,0.0,0.7,0.03,2,1784231407.795574,False,True,True,False,1784231315.1540391,False,True,1,0,False
1783947642.4476278,20,1784231417.7751942,37.507820248722055,0.6573456931410696,-500,True,37.5,36.5,38.6,0.95,0.05,0.0,0.7,0.03,2,1784231427.801264,False,True,True,False,1784231315.1540391,False,1,0,0,False
1783947642.4476278,20,1784231437.7810526,37.513160906385906,0.6573838406958115,-500,True,37.5,36.5,38.6,0.95,0.05,0.0,0.7,0.03,2,1784231447.8072176,False,True,True,False,1784231315.1540391,False,1,0,0,False
1783947642.4476278,20,1784231457.7870796,37.49713893339437,0.6571168078126192,-500,True,37.5,36.5,38.6,0.95,0.05,0.0,0.7,0.03,2,1784231467.8131866,False,True,True,False,1784231315.1540391,False,True,1,0,False
1783947642.4476278,20,1784231477.7929342,37.49713893339437,0.6569642175936522,-500,True,37.5,36.5,38.6,0.95,0.05,0.0,0.7,0.03,2,1784231487.8190165,False,True,True,True,1784231495.154067,False,True,1,0,False
1783947642.4476278,20,1784231497.798802,37.441062027924005,0.6570977340352484,-500,True,37.5,36.5,38.6,0.95,0.05,0.0,0.7,0.03,2,1784231507.8250065,False,True,True,True,1784231495.154067,False,True,1,0,False
1783947642.4476278,20,1784231517.8046038,37.43305104142824,0.6569832913710231,-500,True,37.5,36.5,38.6,0.95,0.05,0.0,0.7,0.03,2,1784231527.8306549,False,True,True,False,1784231495.154067,False,True,1,0,False
1783947642.4476278,20,1784231537.8104715,37.45975432974747,0.6567734798199436,-500,True,37.5,36.5,38.6,0.95,0.05,0.0,0.7,0.03,2,1784231547.8364825,False,True,True,False,1784231495.154067,False,True,1,0,False
1783947642.4476278,20,1784231557.8162794,37.48645761806668,0.65713588158999,-500,True,37.5,36.5,38.6,0.95,0.05,0.0,0.7,0.03,2,1784231567.8423443,False,True,True,False,1784231495.154067,False,True,1,0,False
1783947642.4476278,20,1784231577.8221674,37.507820248722055,0.6570977340352484,-500,True,37.5,36.5,38.6,0.95,0.05,0.0,0.7,0.03,2,1784231587.8481996,False,True,True,False,1784231495.154067,False,1,0,0,False
1783947642.4476278,20,1784231597.8280993,37.49980926222629,0.6572121766994735,-500,True,37.5,36.5,38.6,0.95,0.05,0.0,0.7,0.03,2,1784231607.854362,False,True,True,False,1784231495.154067,False,True,1,0,False
1783947642.4476278,20,1784231617.8339834,37.507820248722055,0.6570977340352484,-500,True,37.5,36.5,38.6,0.95,0.05,0.0,0.7,0.03,2,1784231627.859985,False,True,True,False,1784231495.154067,False,1,0,0,False
1783947642.4476278,20,1784231637.8398142,37.51850156404974,0.657154955367361,-500,True,37.5,36.5,38.6,0.95,0.05,0.0,0.7,0.03,2,1784231647.8659668,False,True,True,False,1784231495.154067,False,1,0,0,False
1783947642.4476278,20,1784231657.8459685,37.507820248722055,0.65713588158999,-500,True,37.5,36.5,38.6,0.95,0.05,0.0,0.7,0.03,2,1784231667.8719652,False,True,True,True,1784231675.1541002,False,1,0,0,False
1783947642.4476278,20,1784231677.8518054,37.470435645075156,0.6568497749294271,-500,True,37.5,36.5,38.6,0.95,0.05,0.0,0.7,0.03,2,1784231687.878335,False,True,True,True,1784231675.1541002,False,True,1,0,False
1783947642.4476278,20,1784231697.8580186,37.41969939726863,0.6570405127031357,-500,True,37.5,36.5,38.6,0.95,0.05,0.0,0.7,0.03,2,1784231707.8841007,False,True,True,False,1784231675.1541002,False,True,1,0,False
1783947642.4476278,20,1784231717.863794,37.41702906843672,0.6569451438162814,-500,True,37.5,36.5,38.6,0.95,0.05,0.0,0.7,0.03,2,1784231727.8899996,False,True,True,False,1784231675.1541002,False,True,1,0,False
1783947642.4476278,20,1784231737.8697257,37.43305104142824,0.65713588158999,-500,True,37.5,36.5,38.6,0.95,0.05,0.0,0.7,0.03,2,1784231747.8959157,False,True,True,False,1784231675.1541002,False,True,1,0,False
1783947642.4476278,20,1784231757.8756022,37.43305104142824,0.656868848706798,-500,True,37.5,36.5,38.6,0.95,0.05,0.0,0.7,0.03,2,1784231767.9016442,False,True,True,False,1784231675.1541002,False,True,1,0,False
1783947642.4476278,20,1784231777.8814006,37.45975432974747,0.6569260700389106,-500,True,37.5,36.5,38.6,0.95,0.05,0.0,0.7,0.03,2,1784231787.9074388,False,True,True,False,1784231675.1541002,False,True,1,0,False
1783947642.4476278,20,1784231797.8872743,37.45174334325169,0.6571931029221026,-500,True,37.5,36.5,38.6,0.95,0.05,0.0,0.7,0.03,2,1784231807.9133453,False,True,True,False,1784231675.1541002,False,True,1,0,False
1783947642.4476278,20,1784231817.8930984,37.48645761806668,0.6567925535973145,-500,True,37.5,36.5,38.6,0.95,0.05,0.0,0.7,0.03,2,1784231827.9192243,False,True,True,False,1784231675.1541002,False,True,1,0,False
1783947642.4476278,20,1784231837.89906,37.48645761806668,0.6571931029221026,-500,True,37.5,36.5,38.6,0.95,0.05,0.0,0.7,0.03,2,1784231847.925097,False,True,True,True,1784231855.15413,False,True,1,0,False
1783947642.4476278,20,1784231857.9049423,37.513160906385906,0.6572693980315861,-500,True,37.5,36.5,38.6,0.95,0.05,0.0,0.7,0.03,2,1784231867.9310126,False,True,True,True,1784231855.15413,False,1,0,0,False
1783947642.4476278,20,1784231877.9109006,37.470435645075156,0.6568307011520561,-500,True,37.5,36.5,38.6,0.95,0.05,0.0,0.7,0.03,2,1784231887.9370835,False,True,True,False,1784231855.15413,False,True,1,0,False
1783947642.4476278,20,1784231897.9167333,37.49446860456244,0.6570786602578775,-500,True,37.5,36.5,38.6,0.95,0.05,0.0,0.7,0.03,2,1784231907.9427931,False,True,True,False,1784231855.15413,False,True,1,0,False
1783947642.4476278,20,1784231917.9226425,37.49179827573053,0.657002365148394,-500,True,37.5,36.5,38.6,0.95,0.05,0.0,0.7,0.03,2,1784231927.948713,False,True,True,False,1784231855.15413,False,True,1,0,False
1783947642.4476278,20,1784231937.928542,37.49179827573053,0.6568879224841687,-500,True,37.5,36.5,38.6,0.95,0.05,0.0,0.7,0.03,2,1784231947.9545872,False,True,True,False,1784231855.15413,False,True,1,0,False
1783947642.4476278,20,1784231957.934356,37.52384222171359,0.656868848706798,-500,True,37.5,36.5,38.6,0.95,0.05,0.0,0.7,0.03,2,1784231967.9603002,False,True,True,False,1784231855.15413,False,1,0,0,False
1783947642.4476278,20,1784231977.9401178,37.513160906385906,0.6566208896009766,-500,True,37.5,36.5,38.6,0.95,0.05,0.0,0.7,0.03,2,1784231987.9662948,False,True,True,False,1784231855.15413,False,1,0,0,False
1783947642.4476278,20,1784231997.9459643,37.49446860456244,0.6569451438162814,-500,True,37.5,36.5,38.6,0.95,0.05,0.0,0.7,0.03,2,1784232007.97202,False,True,True,False,1784231855.15413,False,True,1,0,False
1783947642.4476278,20,1784232017.9518335,37.47577630273899,0.6570595864805066,-500,True,37.5,36.5,38.6,0.95,0.05,0.0,0.7,0.03,2,1784232027.977903,True,False,True,True,1784232035.1541631,False,True,1,0,False
1783947642.4476278,20,1784232037.9576857,37.48645761806668,0.65713588158999,-500,True,37.5,36.5,38.6,0.95,0.05,0.0,0.7,0.03,2,1784232047.983775,True,False,True,True,1784232035.1541631,False,True,1,0,False
1783947642.4476278,20,1784232057.9636006,37.465094987411305,0.6569069962615396,-500,True,37.5,36.5,38.6,0.95,0.05,0.0,0.7,0.03,2,1784232067.9896202,True,False,True,False,1784232035.1541631,False,True,1,0,False
1783947642.4476278,20,1784232077.9693992,37.49713893339437,0.6568879224841687,-500,True,37.5,36.5,38.6,0.95,0.05,0.0,0.7,0.03,2,1784232087.995578,True,False,True,False,1784232035.1541631,False,True,1,0,False
1783947642.4476278,20,1784232097.975208,37.51049057755398,0.6570595864805066,-500,True,37.5,36.5,38.6,0.95,0.05,0.0,0.7,0.03,2,1784232108.001212,True,False,True,False,1784232035.1541631,False,1,0,0,False
1783947642.4476278,20,1784232117.9809942,37.51850156404974,0.6570405127031357,-500,True,37.5,36.5,38.6,0.95,0.05,0.0,0.7,0.03,2,1784232128.0070078,True,False,True,False,1784232035.1541631,False,1,0,0,False
1783947642.4476278,20,1784232137.9869287,37.513160906385906,0.6570214389257649,-500,True,37.5,36.5,38.6,0.95,0.05,0.0,0.7,0.03,2,1784232148.012931,True,False,True,False,1784232035.1541631,False,1,0,0,False
1783947642.4476278,20,1784232157.9927707,37.470435645075156,0.6571168078126192,-500,True,37.5,36.5,38.6,0.95,0.05,0.0,0.7,0.03,2,1784232168.0188377,True,False,True,False,1784232035.1541631,False,True,1,0,False
1783947642.4476278,20,1784232177.9986541,37.45441367208362,0.65713588158999,-500,True,37.5,36.5,38.6,0.95,0.05,0.0,0.7,0.03,2,1784232188.0246615,True,False,True,False,1784232035.1541631,False,True,1,0,False
1783947642.4476278,20,1784232198.0044296,37.46242465857938,0.6567734798199436,-500,True,37.5,36.5,38.6,0.95,0.05,0.0,0.7,0.03,2,1784232208.0304601,True,False,True,True,1784232215.15418,False,True,1,0,False
1783947642.4476278,20,1784232218.0102782,37.470435645075156,0.6570405127031357,-500,True,37.5,36.5,38.6,0.95,0.05,0.0,0.7,0.03,2,1784232228.036252,True,False,True,True,1784232215.15418,False,True,1,0,False
1783947642.4476278,20,1784232238.016043,37.45441367208362,0.6567925535973145,-500,True,37.5,36.5,38.6,0.95,0.05,0.0,0.7,0.03,2,1784232248.0420785,True,False,True,False,1784232215.15418,False,True,1,0,False
1783947642.4476278,20,1784232258.0218787,37.45441367208362,0.6571168078126192,-500,True,37.5,36.5,38.6,0.95,0.05,0.0,0.7,0.03,2,1784232268.0478241,True,False,True,False,1784232215.15418,False,True,1,0,False
1783947642.4476278,20,1784232278.0276394,37.48645761806668,0.6569069962615396,-500,True,37.5,36.5,38.6,0.95,0.05,0.0,0.7,0.03,2,1784232288.0536616,True,False,True,False,1784232215.15418,False,True,1,0,False
1783947642.4476278,20,1784232298.0334523,37.49980926222629,0.6567925535973145,-500,True,37.5,36.5,38.6,0.95,0.05,0.0,0.7,0.03,2,1784232308.0594864,True,False,True,False,1784232215.15418,False,True,1,0,False
1783947642.4476278,20,1784232318.0393195,37.52918287937743,0.6569832913710231,-500,True,37.5,36.5,38.6,0.95,0.05,0.0,0.7,0.03,2,1784232328.0653121,True,False,True,False,1784232215.15418,False,1,0,0,False
1783947642.4476278,20,1784232338.045124,37.52384222171359,0.6569260700389106,-500,True,37.5,36.5,38.6,0.95,0.05,0.0,0.7,0.03,2,1784232348.0711188,True,False,True,False,1784232215.15418,False,1,0,0,False
1783947642.4476278,20,1784232358.0509663,37.481116960402844,0.6569260700389106,-500,True,37.5,36.5,38.6,0.95,0.05,0.0,0.7,0.03,2,1784232368.0771384,True,False,True,False,1784232215.15418,False,True,1,0,False
1783947642.4476278,20,1784232378.0568042,37.49179827573053,0.6570595864805066,-500,True,37.5,36.5,38.6,0.95,0.05,0.0,0.7,0.03,2,1784232388.0828645,True,False,True,True,1784232395.1541831,False,True,1,0,False
1783947642.4476278,20,1784232398.0626795,37.49446860456244,0.6570405127031357,-500,True,37.5,36.5,38.6,0.95,0.05,0.0,0.7,0.03,2,1784232408.0886703,True,False,True,True,1784232395.1541831,False,True,1,0,False
1783947642.4476278,20,1784232418.0684273,37.470435645075156,0.6568497749294271,-500,True,37.5,36.5,38.6,0.95,0.05,0.0,0.7,0.03,2,1784232428.094466,True,False,True,False,1784232395.1541831,False,True,1,0,False
1783947642.4476278,20,1784232438.074304,37.48645761806668,0.6567925535973145,-500,True,37.5,36.5,38.6,0.95,0.05,0.0,0.7,0.03,2,1784232448.1003256,True,False,True,False,1784232395.1541831,False,True,1,0,False
1783947642.4476278,20,1784232458.0801225,37.48645761806668,0.6570214389257649,-500,True,37.5,36.5,38.6,0.95,0.05,0.0,0.7,0.03,2,1784232468.1063282,True,False,True,False,1784232395.1541831,False,True,1,0,False
1783947642.4476278,20,1784232478.0860457,37.49713893339437,0.6569642175936522,-500,True,37.5,36.5,38.6,0.95,0.05,0.0,0.7,0.03,2,1784232488.1120272,True,False,True,False,1784232395.1541831,False,True,1,0,False
1783947642.4476278,20,1784232498.091837,37.53719386587319,0.6569642175936522,-500,True,37.5,36.5,38.6,0.95,0.05,0.0,0.7,0.03,2,1784232508.117898,True,False,True,False,1784232395.1541831,False,1,0,0,False
1783947642.4476278,20,1784232518.0977237,37.507820248722055,0.6571740291447319,-500,True,37.5,36.5,38.6,0.95,0.05,0.0,0.7,0.03,2,1784232528.1237304,True,False,True,False,1784232395.1541831,False,1,0,0,False
1783947642.4476278,20,1784232538.1035333,37.49713893339437,0.6566781109330891,-500,True,37.5,36.5,38.6,0.95,0.05,0.0,0.7,0.03,2,1784232548.1295838,True,False,True,False,1784232395.1541831,False,True,1,0,False
1783947642.4476278,20,1784232558.1093686,37.45975432974747,0.6569260700389106,-500,True,37.5,36.5,38.6,0.95,0.05,0.0,0.7,0.03,2,1784232568.1355019,True,False,True,True,1784232575.154213,False,True,1,0,False
1783947642.4476278,20,1784232578.1151323,37.465094987411305,0.6564492256046387,-500,True,37.5,36.5,38.6,0.95,0.05,0.0,0.7,0.03,2,1784232588.1411774,True,False,True,True,1784232575.154213,False,True,1,0,False
1783947642.4476278,20,1784232598.1209347,37.43572137026017,0.6567734798199436,-500,True,37.5,36.5,38.6,0.95,0.05,0.0,0.7,0.03,2,1784232608.146977,True,False,True,False,1784232575.154213,False,True,1,0,False
1783947642.4476278,20,1784232618.1267936,37.47577630273899,0.6569260700389106,-500,True,37.5,36.5,38.6,0.95,0.05,0.0,0.7,0.03,2,1784232628.1528115,True,False,True,False,1784232575.154213,False,True,1,0,False
1783947642.4476278,20,1784232638.1326337,37.48645761806668,0.6567353322652018,-500,True,37.5,36.5,38.6,0.95,0.05,0.0,0.7,0.03,2,1784232648.1586545,True,False,True,False,1784232575.154213,False,True,1,0,False
1783947642.4476278,20,1784232658.138513,37.48645761806668,0.656716258487831,-500,True,37.5,36.5,38.6,0.95,0.05,0.0,0.7,0.03,2,1784232668.164572,True,False,True,False,1784232575.154213,False,True,1,0,False
1783947642.4476278,20,1784232678.1443257,37.507820248722055,0.6569451438162814,-500,True,37.5,36.5,38.6,0.95,0.05,0.0,0.7,0.03,2,1784232688.1703525,True,False,True,False,1784232575.154213,False,1,0,0,False
1783947642.4476278,20,1784232698.150176,37.52117189288167,0.6568307011520561,-500,True,37.5,36.5,38.6,0.95,0.05,0.0,0.7,0.03,2,1784232708.1761496,True,False,True,False,1784232575.154213,False,1,0,0,False
1783947642.4476278,20,1784232718.1559732,37.507820248722055,0.6566971847104601,-500,True,37.5,36.5,38.6,0.95,0.05,0.0,0.7,0.03,2,1784232728.1819916,True,False,True,False,1784232575.154213,False,1,0,0,False
1783947642.4476278,20,1784232738.1617322,37.48645761806668,0.6567925535973145,-500,True,37.5,36.5,38.6,0.95,0.05,0.0,0.7,0.03,2,1784232748.1877995,True,False,True,True,1784232755.1542404,False,True,1,0,False
1783947642.4476278,20,1784232758.1675797,37.45975432974747,0.657002365148394,-500,True,37.5,36.5,38.6,0.95,0.05,0.0,0.7,0.03,2,1784232768.1936154,True,False,True,True,1784232755.1542404,False,True,1,0,False
1783947642.4476278,20,1784232778.173471,37.481116960402844,0.6567734798199436,-500,True,37.5,36.5,38.6,0.95,0.05,0.0,0.7,0.03,2,1784232788.199481,True,False,True,False,1784232755.1542404,False,True,1,0,False
1783947642.4476278,20,1784232798.1793299,37.49980926222629,0.6568879224841687,-500,True,37.5,36.5,38.6,0.95,0.05,0.0,0.7,0.03,2,1784232808.205455,True,False,True,False,1784232755.1542404,False,True,1,0,False
1783947642.4476278,20,1784232818.1852367,37.50247959105822,0.6567353322652018,-500,True,37.5,36.5,38.6,0.95,0.05,0.0,0.7,0.03,2,1784232828.211767,True,False,True,False,1784232755.1542404,False,1,0,0,False
1783947642.4476278,20,1784232838.1915028,37.513160906385906,0.656563668268864,-500,True,37.5,36.5,38.6,0.95,0.05,0.0,0.7,0.03,2,1784232848.2176046,True,False,True,False,1784232755.1542404,False,1,0,0,False
1783947642.4476278,20,1784232858.1973174,37.49713893339437,0.6566781109330891,-500,True,37.5,36.5,38.6,0.95,0.05,0.0,0.7,0.03,2,1784232868.2235565,True,False,True,False,1784232755.1542404,False,True,1,0,False
1783947642.4476278,20,1784232878.2033253,37.481116960402844,0.6567734798199436,-500,True,37.5,36.5,38.6,0.95,0.05,0.0,0.7,0.03,2,1784232888.2325704,True,False,True,False,1784232755.1542404,False,True,1,0,False
1783947642.4476278,20,1784232898.2123306,37.47310597390707,0.6569451438162814,-500,True,37.5,36.5,38.6,0.95,0.05,0.0,0.7,0.03,2,1784232908.244289,True,False,True,False,1784232755.1542404,False,True,1,0,False
1783947642.4476278,20,1784232918.224084,37.50247959105822,0.6563920042725262,-500,True,37.5,36.5,38.6,0.95,0.05,0.0,0.7,0.03,2,1784232928.250061,True,False,True,True,1784232935.1542773,False,1,0,0,False
1783947642.4476278,20,1784232938.229866,37.49713893339437,0.6566971847104601,-500,True,37.5,36.5,38.6,0.95,0.05,0.0,0.7,0.03,2,1784232948.2560146,True,False,True,True,1784232935.1542773,False,True,1,0,False
1783947642.4476278,20,1784232958.235676,37.470435645075156,0.6567544060425726,-500,True,37.5,36.5,38.6,0.95,0.05,0.0,0.7,0.03,2,1784232968.2616868,True,False,True,False,1784232935.1542773,False,True,1,0,False
1783947642.4476278,20,1784232978.2414718,37.48645761806668,0.6568307011520561,-500,True,37.5,36.5,38.6,0.95,0.05,0.0,0.7,0.03,2,1784232988.2674623,True,False,True,False,1784232935.1542773,False,True,1,0,False
1783947642.4476278,20,1784232998.247291,37.52117189288167,0.6564492256046387,-500,True,37.5,36.5,38.6,0.95,0.05,0.0,0.7,0.03,2,1784233008.273415,True,False,True,False,1784232935.1542773,False,1,0,0,False
1783947642.4476278,20,1784233018.253192,37.49179827573053,0.6567925535973145,-500,True,37.5,36.5,38.6,0.95,0.05,0.0,0.7,0.03,2,1784233028.279208,True,False,True,False,1784232935.1542773,False,True,1,0,False
1783947642.4476278,20,1784233038.2590277,37.507820248722055,0.656716258487831,-500,True,37.5,36.5,38.6,0.95,0.05,0.0,0.7,0.03,2,1784233048.2851813,True,False,True,False,1784232935.1542773,False,1,0,0,False
1783947642.4476278,20,1784233058.2648315,37.50247959105822,0.656716258487831,-500,True,37.5,36.5,38.6,0.95,0.05,0.0,0.7,0.03,2,1784233068.2909038,True,False,True,False,1784232935.1542773,False,1,0,0,False
1783947642.4476278,20,1784233078.2706563,37.48645761806668,0.6569642175936522,-500,True,37.5,36.5,38.6,0.95,0.05,0.0,0.7,0.03,2,1784233088.2966437,True,False,True,False,1784232935.1542773,False,True,1,0,False
1783947642.4476278,20,1784233098.2764308,37.483787289234755,0.6566590371557183,-500,True,37.5,36.5,38.6,0.95,0.05,0.0,0.7,0.03,2,1784233108.3024857,True,False,True,True,1784233115.1542914,False,True,1,0,False
1783947642.4476278,20,1784233118.2822883,37.470435645075156,0.6568879224841687,-500,True,37.5,36.5,38.6,0.95,0.05,0.0,0.7,0.03,2,1784233128.308434,True,False,True,True,1784233115.1542914,False,True,1,0,False
1783947642.4476278,20,1784233138.2882204,37.45441367208362,0.6567734798199436,-500,True,37.5,36.5,38.6,0.95,0.05,0.0,0.7,0.03,2,1784233148.3143694,True,False,True,False,1784233115.1542914,False,True,1,0,False
1783947642.4476278,20,1784233158.2941496,37.45975432974747,0.6567353322652018,-500,True,37.5,36.5,38.6,0.95,0.05,0.0,0.7,0.03,2,1784233168.320101,True,False,True,False,1784233115.1542914,False,True,1,0,False
1783947642.4476278,20,1784233178.2998936,37.49713893339437,0.6566781109330891,-500,True,37.5,36.5,38.6,0.95,0.05,0.0,0.7,0.03,2,1784233188.3259778,True,False,True,False,1784233115.1542914,False,True,1,0,False
1783947642.4476278,20,1784233198.3057067,37.51049057755398,0.656868848706798,-500,True,37.5,36.5,38.6,0.95,0.05,0.0,0.7,0.03,2,1784233208.3317177,True,False,True,False,1784233115.1542914,False,1,0,0,False
1783947642.4476278,20,1784233218.3115454,37.513160906385906,0.656716258487831,-500,True,37.5,36.5,38.6,0.95,0.05,0.0,0.7,0.03,2,1784233228.3375833,True,False,True,False,1784233115.1542914,False,1,0,0,False
1783947642.4476278,20,1784233238.3173907,37.49713893339437,0.6568116273746852,-500,True,37.5,36.5,38.6,0.95,0.05,0.0,0.7,0.03,2,1784233248.3434584,True,False,True,False,1784233115.1542914,False,True,1,0,False
1783947642.4476278,20,1784233258.323286,37.481116960402844,0.6565445944914932,-500,True,37.5,36.5,38.6,0.95,0.05,0.0,0.7,0.03,2,1784233268.3493128,True,False,True,False,1784233115.1542914,False,True,1,0,False
1783947642.4476278,20,1784233278.3290994,37.481116960402844,0.6563920042725262,-500,True,37.5,36.5,38.6,0.95,0.05,0.0,0.7,0.03,2,1784233288.3551185,True,False,True,True,1784233295.1542974,False,True,1,0,False
1783947642.4476278,20,1784233298.3349109,37.47844663157092,0.6568497749294271,-500,True,37.5,36.5,38.6,0.95,0.05,0.0,0.7,0.03,2,1784233308.360951,True,False,True,True,1784233295.1542974,False,True,1,0,False
1783947642.4476278,20,1784233318.3406801,37.465094987411305,0.6564301518272678,-500,True,37.5,36.5,38.6,0.95,0.05,0.0,0.7,0.03,2,1784233328.3667192,True,False,True,False,1784233295.1542974,False,True,1,0,False
1783947642.4476278,20,1784233338.3465414,37.47577630273899,0.6566590371557183,-500,True,37.5,36.5,38.6,0.95,0.05,0.0,0.7,0.03,2,1784233348.3724992,True,False,True,False,1784233295.1542974,False,True,1,0,False
1783947642.4476278,20,1784233358.3522696,37.507820248722055,0.6565445944914932,-500,True,37.5,36.5,38.6,0.95,0.05,0.0,0.7,0.03,2,1784233368.3782647,True,False,True,False,1784233295.1542974,False,1,0,0,False
1783947642.4476278,20,1784233378.3580859,37.507820248722055,0.6565827420462348,-500,True,37.5,36.5,38.6,0.95,0.05,0.0,0.7,0.03,2,1784233388.3840485,True,False,True,False,1784233295.1542974,False,1,0,0,False
1783947642.4476278,20,1784233398.3638709,37.50514991989013,0.6566590371557183,-500,True,37.5,36.5,38.6,0.95,0.05,0.0,0.7,0.03,2,1784233408.3899124,True,False,True,False,1784233295.1542974,False,1,0,0,False
1783947642.4476278,20,1784233418.3696647,37.47577630273899,0.6567544060425726,-500,True,37.5,36.5,38.6,0.95,0.05,0.0,0.7,0.03,2,1784233428.395824,True,False,True,False,1784233295.1542974,False,True,1,0,False
1783947642.4476278,20,1784233438.3754942,37.48645761806668,0.6564301518272678,-500,True,37.5,36.5,38.6,0.95,0.05,0.0,0.7,0.03,2,1784233448.4015298,True,False,True,False,1784233295.1542974,False,True,1,0,False
1783947642.4476278,20,1784233458.3813097,37.45975432974747,0.6564110780498971,-500,True,37.5,36.5,38.6,0.95,0.05,0.0,0.7,0.03,2,1784233468.4073787,True,False,True,True,1784233475.154319,False,True,1,0,False
1783947642.4476278,20,1784233478.387167,37.465094987411305,0.6564492256046387,-500,True,37.5,36.5,38.6,0.95,0.05,0.0,0.7,0.03,2,1784233488.4132621,True,False,True,True,1784233475.154319,False,True,1,0,False
1783947642.4476278,20,1784233498.3930871,37.46242465857938,0.6563157091630427,-500,True,37.5,36.5,38.6,0.95,0.05,0.0,0.7,0.03,2,1784233508.4191086,True,False,True,False,1784233475.154319,False,True,1,0,False
1783947642.4476278,20,1784233518.3989456,37.47577630273899,0.6566399633783475,-500,True,37.5,36.5,38.6,0.95,0.05,0.0,0.7,0.03,2,1784233528.425133,True,False,True,False,1784233475.154319,False,True,1,0,False
1783947642.4476278,20,1784233538.4048584,37.49713893339437,0.6566208896009766,-500,True,37.5,36.5,38.6,0.95,0.05,0.0,0.7,0.03,2,1784233548.4308817,True,False,True,False,1784233475.154319,False,True,1,0,False
1783947642.4476278,20,1784233558.4107022,37.507820248722055,0.6565064469367513,-500,True,37.5,36.5,38.6,0.95,0.05,0.0,0.7,0.03,2,1784233568.4366999,True,False,True,False,1784233475.154319,False,1,0,0,False
1783947642.4476278,20,1784233578.4164739,37.51850156404974,0.6567925535973145,-500,True,37.5,36.5,38.6,0.95,0.05,0.0,0.7,0.03,2,1784233588.4424734,True,False,True,False,1784233475.154319,False,1,0,0,False
1783947642.4476278,20,1784233598.4222858,37.49980926222629,0.6565827420462348,-500,True,37.5,36.5,38.6,0.95,0.05,0.0,0.7,0.03,2,1784233608.448234,True,False,True,False,1784233475.154319,False,True,1,0,False
1783947642.4476278,20,1784233618.4280412,37.48645761806668,0.6562584878309301,-500,True,37.5,36.5,38.6,0.95,0.05,0.0,0.7,0.03,2,1784233628.454159,True,False,True,False,1784233475.154319,False,True,1,0,False
1783947642.4476278,20,1784233638.4339721,37.481116960402844,0.6564110780498971,-500,True,37.5,36.5,38.6,0.95,0.05,0.0,0.7,0.03,2,1784233648.4599774,True,False,True,True,1784233655.154343,False,True,1,0,False
1783947642.4476278,20,1784233658.4398165,37.47577630273899,0.6565064469367513,-500,True,37.5,36.5,38.6,0.95,0.05,0.0,0.7,0.03,2,1784233668.4658852,True,False,True,True,1784233655.154343,False,True,1,0,False
1783947642.4476278,20,1784233678.4457433,37.47577630273899,0.6564110780498971,-500,True,37.5,36.5,38.6,0.95,0.05,0.0,0.7,0.03,2,1784233688.4717643,True,False,True,False,1784233655.154343,False,True,1,0,False
1783947642.4476278,20,1784233698.4515834,37.49446860456244,0.6562394140535592,-500,True,37.5,36.5,38.6,0.95,0.05,0.0,0.7,0.03,2,1784233708.4776106,True,False,True,False,1784233655.154343,False,True,1,0,False
1783947642.4476278,20,1784233718.4573977,37.50247959105822,0.6565064469367513,-500,True,37.5,36.5,38.6,0.95,0.05,0.0,0.7,0.03,2,1784233728.4834275,True,False,True,False,1784233655.154343,False,1,0,0,False
1783947642.4476278,20,1784233738.4632604,37.48645761806668,0.6564301518272678,-500,True,37.5,36.5,38.6,0.95,0.05,0.0,0.7,0.03,2,1784233748.489299,True,False,True,False,1784233655.154343,False,True,1,0,False
1783947642.4476278,20,1784233758.469076,37.507820248722055,0.6567734798199436,-500,True,37.5,36.5,38.6,0.95,0.05,0.0,0.7,0.03,2,1784233768.4951446,True,False,True,False,1784233655.154343,False,1,0,0,False
1783947642.4476278,20,1784233778.4749954,37.53452353704128,0.6562394140535592,-500,True,37.5,36.5,38.6,0.95,0.05,0.0,0.7,0.03,2,1784233788.5011237,True,False,True,False,1784233655.154343,False,1,0,0,False
1783947642.4476278,20,1784233798.4809086,37.51583123521782,0.6564873731593805,-500,True,37.5,36.5,38.6,0.95,0.05,0.0,0.7,0.03,2,1784233808.5069818,True,False,True,False,1784233655.154343,False,1,0,0,False
1783947642.4476278,20,1784233818.4868002,37.507820248722055,0.6565827420462348,-500,True,37.5,36.5,38.6,0.95,0.05,0.0,0.7,0.03,2,1784233828.5128727,True,False,True,True,1784233835.154346,False,1,0,0,False
1783947642.4476278,20,1784233838.4926682,37.470435645075156,0.656563668268864,-500,True,37.5,36.5,38.6,0.95,0.05,0.0,0.7,0.03,2,1784233848.5187316,True,False,True,True,1784233835.154346,False,True,1,0,False
1783947642.4476278,20,1784233858.4985566,37.44373235675593,0.6566971847104601,-500,True,37.5,36.5,38.6,0.95,0.05,0.0,0.7,0.03,2,1784233868.5245407,True,False,True,False,1784233835.154346,False,True,1,0,False
1783947642.4476278,20,1784233878.5043426,37.45975432974747,0.6566399633783475,-500,True,37.5,36.5,38.6,0.95,0.05,0.0,0.7,0.03,2,1784233888.530387,True,False,True,False,1784233835.154346,False,True,1,0,False
1783947642.4476278,20,1784233898.5102005,37.45708400091554,0.6566781109330891,-500,True,37.5,36.5,38.6,0.95,0.05,0.0,0.7,0.03,2,1784233908.536325,True,False,True,False,1784233835.154346,False,True,1,0,False
1783947642.4476278,20,1784233918.5159626,37.465094987411305,0.6562394140535592,-500,True,37.5,36.5,38.6,0.95,0.05,0.0,0.7,0.03,2,1784233928.542091,True,False,True,False,1784233835.154346,False,True,1,0,False
1783947642.4476278,20,1784233938.5218556,37.45441367208362,0.6564492256046387,-500,True,37.5,36.5,38.6,0.95,0.05,0.0,0.7,0.03,2,1784233948.5478396,True,False,True,False,1784233835.154346,False,True,1,0,False
1783947642.4476278,20,1784233958.527694,37.481116960402844,0.6563920042725262,-500,True,37.5,36.5,38.6,0.95,0.05,0.0,0.7,0.03,2,1784233968.5537775,True,False,True,False,1784233835.154346,False,True,1,0,False
1783947642.4476278,20,1784233978.5335226,37.49713893339437,0.6562584878309301,-500,True,37.5,36.5,38.6,0.95,0.05,0.0,0.7,0.03,2,1784233988.559659,True,False,True,False,1784233835.154346,False,True,1,0,False
1783947642.4476278,20,1784233998.539604,37.526512550545505,0.6564110780498971,-500,True,37.5,36.5,38.6,0.95,0.05,0.0,0.7,0.03,2,1784234008.5658677,True,False,True,True,1784234015.154378,False,1,0,0,False
1783947642.4476278,20,1784234018.5454035,37.50247959105822,0.6562966353856717,-500,True,37.5,36.5,38.6,0.95,0.05,0.0,0.7,0.03,2,1784234028.5716686,True,False,True,True,1784234015.154378,False,1,0,0,False
1783947642.4476278,20,1784234038.551413,37.50247959105822,0.6563729304951552,-500,True,37.5,36.5,38.6,0.95,0.05,0.0,0.7,0.03,2,1784234048.5775042,True,False,True,False,1784234015.154378,False,1,0,0,False
1783947642.4476278,20,1784234058.5572226,37.47577630273899,0.6564110780498971,-500,True,37.5,36.5,38.6,0.95,0.05,0.0,0.7,0.03,2,1784234068.5832596,True,False,True,False,1784234015.154378,False,True,1,0,False
1783947642.4476278,20,1784234078.5630853,37.45975432974747,0.6562584878309301,-500,True,37.5,36.5,38.6,0.95,0.05,0.0,0.7,0.03,2,1784234088.589155,True,False,True,False,1784234015.154378,False,True,1,0,False
1783947642.4476278,20,1784234098.5689793,37.42504005493248,0.6562394140535592,-500,True,37.5,36.5,38.6,0.95,0.05,0.0,0.7,0.03,2,1784234108.5949903,True,False,True,False,1784234015.154378,False,True,1,0,False
1783947642.4476278,20,1784234118.5747821,37.470435645075156,0.6563157091630427,-500,True,37.5,36.5,38.6,0.95,0.05,0.0,0.7,0.03,2,1784234128.600794,True,False,True,False,1784234015.154378,False,True,1,0,False
1783947642.4476278,20,1784234138.5805507,37.47577630273899,0.6562203402761883,-500,True,37.5,36.5,38.6,0.95,0.05,0.0,0.7,0.03,2,1784234148.6065881,True,False,True,False,1784234015.154378,False,True,1,0,False
1783947642.4476278,20,1784234158.5864298,37.51850156404974,0.6563157091630427,-500,True,37.5,36.5,38.6,0.95,0.05,0.0,0.7,0.03,2,1784234168.6123927,True,False,True,False,1784234015.154378,False,1,0,0,False
1783947642.4476278,20,1784234178.5921733,37.50247959105822,0.6563538567177843,-500,True,37.5,36.5,38.6,0.95,0.05,0.0,0.7,0.03,2,1784234188.6181784,True,False,True,True,1784234195.15441,False,1,0,0,False
1783947642.4476278,20,1784234198.5979996,37.49980926222629,0.6564873731593805,-500,True,37.5,36.5,38.6,0.95,0.05,0.0,0.7,0.03,2,1784234208.6240423,True,False,True,True,1784234195.15441,False,True,1,0,False
1783947642.4476278,20,1784234218.6038523,37.47577630273899,0.6562584878309301,-500,True,37.5,36.5,38.6,0.95,0.05,0.0,0.7,0.03,2,1784234228.6298773,True,False,True,False,1784234195.15441,False,True,1,0,False
1783947642.4476278,20,1784234238.6096592,37.481116960402844,0.6565445944914932,-500,True,37.5,36.5,38.6,0.95,0.05,0.0,0.7,0.03,2,1784234248.635672,True,False,True,False,1784234195.15441,False,True,1,0,False
1783947642.4476278,20,1784234258.6155038,37.470435645075156,0.6564301518272678,-500,True,37.5,36.5,38.6,0.95,0.05,0.0,0.7,0.03,2,1784234268.641506,True,False,True,False,1784234195.15441,False,True,1,0,False
1783947642.4476278,20,1784234278.621331,37.47577630273899,0.6562966353856717,-500,True,37.5,36.5,38.6,0.95,0.05,0.0,0.7,0.03,2,1784234288.6473033,True,False,True,False,1784234195.15441,False,True,1,0,False
1783947642.4476278,20,1784234298.627116,37.49980926222629,0.6563347829404136,-500,True,37.5,36.5,38.6,0.95,0.05,0.0,0.7,0.03,2,1784234308.653115,True,False,True,False,1784234195.15441,False,True,1,0,False
1783947642.4476278,20,1784234318.6328917,37.52384222171359,0.6564301518272678,-500,True,37.5,36.5,38.6,0.95,0.05,0.0,0.7,0.03,2,1784234328.6589332,True,False,True,False,1784234195.15441,False,1,0,0,False
1783947642.4476278,20,1784234338.6387665,37.513160906385906,0.6563729304951552,-500,True,37.5,36.5,38.6,0.95,0.05,0.0,0.7,0.03,2,1784234348.664796,True,False,True,False,1784234195.15441,False,1,0,0,False
1783947642.4476278,20,1784234358.6445732,37.49713893339437,0.6565064469367513,-500,True,37.5,36.5,38.6,0.95,0.05,0.0,0.7,0.03,2,1784234368.6705825,True,False,True,True,1784234375.154422,False,True,1,0,False
1783947642.4476278,20,1784234378.6504073,37.44907301441978,0.6562966353856717,-500,True,37.5,36.5,38.6,0.95,0.05,0.0,0.7,0.03,2,1784234388.6765354,True,False,True,True,1784234375.154422,False,True,1,0,False
1783947642.4476278,20,1784234398.656187,37.47310597390707,0.6560868238345923,-500,True,37.5,36.5,38.6,0.95,0.05,0.0,0.7,0.03,2,1784234408.682284,True,False,True,False,1784234375.154422,False,True,1,0,False
1783947642.4476278,20,1784234418.6621497,37.470435645075156,0.6562966353856717,-500,True,37.5,36.5,38.6,0.95,0.05,0.0,0.7,0.03,2,1784234428.6883173,True,False,True,False,1784234375.154422,False,True,1,0,False
1783947642.4476278,20,1784234438.6680884,37.45441367208362,0.6564110780498971,-500,True,37.5,36.5,38.6,0.95,0.05,0.0,0.7,0.03,2,1784234448.6941288,True,False,True,False,1784234375.154422,False,True,1,0,False
1783947642.4476278,20,1784234458.6739147,37.49713893339437,0.6564301518272678,-500,True,37.5,36.5,38.6,0.95,0.05,0.0,0.7,0.03,2,1784234468.699891,True,False,True,False,1784234375.154422,False,True,1,0,False
1783947642.4476278,20,1784234478.6797533,37.49713893339437,0.6561821927214466,-500,True,37.5,36.5,38.6,0.95,0.05,0.0,0.7,0.03,2,1784234488.705956,True,False,True,False,1784234375.154422,False,True,1,0,False
1783947642.4476278,20,1784234498.6855834,37.51049057755398,0.6562394140535592,-500,True,37.5,36.5,38.6,0.95,0.05,0.0,0.7,0.03,2,1784234508.7115884,True,False,True,False,1784234375.154422,False,1,0,0,False
1783947642.4476278,20,1784234518.6914432,37.48645761806668,0.6562584878309301,-500,True,37.5,36.5,38.6,0.95,0.05,0.0,0.7,0.03,2,1784234528.7175472,True,False,True,False,1784234375.154422,False,True,1,0,False
1783947642.4476278,20,1784234538.6973343,37.49179827573053,0.6562775616083009,-500,True,37.5,36.5,38.6,0.95,0.05,0.0,0.7,0.03,2,1784234548.7233753,True,False,True,True,1784234555.154446,False,True,1,0,False
1783947642.4476278,20,1784234558.7032306,37.49713893339437,0.6562966353856717,-500,True,37.5,36.5,38.6,0.95,0.05,0.0,0.7,0.03,2,1784234568.729248,True,False,True,True,1784234555.154446,False,True,1,0,False
1783947642.4476278,20,1784234578.7090473,37.470435645075156,0.6559151598382543,-500,True,37.5,36.5,38.6,0.95,0.05,0.0,0.7,0.03,2,1784234588.7352512,True,False,True,False,1784234555.154446,False,True,1,0,False
1783947642.4476278,20,1784234598.7148352,37.483787289234755,0.6563347829404136,-500,True,37.5,36.5,38.6,0.95,0.05,0.0,0.7,0.03,2,1784234608.7409647,True,False,True,False,1784234555.154446,False,True,1,0,False
1783947642.4476278,20,1784234618.7207189,37.49179827573053,0.6563538567177843,-500,True,37.5,36.5,38.6,0.95,0.05,0.0,0.7,0.03,2,1784234628.7469192,True,False,True,False,1784234555.154446,False,True,1,0,False
1783947642.4476278,20,1784234638.7265859,37.49713893339437,0.6562966353856717,-500,True,37.5,36.5,38.6,0.95,0.05,0.0,0.7,0.03,2,1784234648.7526615,True,False,True,False,1784234555.154446,False,True,1,0,False
1783947642.4476278,20,1784234658.7323601,37.507820248722055,0.6560486762798504,-500,True,37.5,36.5,38.6,0.95,0.05,0.0,0.7,0.03,2,1784234668.7586758,True,False,True,False,1784234555.154446,False,1,0,0,False
1783947642.4476278,20,1784234678.738505,37.49713893339437,0.6559914549477378,-500,True,37.5,36.5,38.6,0.95,0.05,0.0,0.7,0.03,2,1784234688.764549,True,False,True,False,1784234555.154446,False,True,1,0,False
1783947642.4476278,20,1784234698.7443523,37.47844663157092,0.6561821927214466,-500,True,37.5,36.5,38.6,0.95,0.05,0.0,0.7,0.03,2,1784234708.7704747,True,False,True,False,1784234555.154446,False,True,1,0,False
1783947642.4476278,20,1784234718.7502706,37.49179827573053,0.6562394140535592,-500,True,37.5,36.5,38.6,0.95,0.05,0.0,0.7,0.03,2,1784234728.7763193,True,False,True,True,1784234735.154464,False,True,1,0,False
1783947642.4476278,20,1784234738.756098,37.481116960402844,0.6562584878309301,-500,True,37.5,36.5,38.6,0.95,0.05,0.0,0.7,0.03,2,1784234748.7821696,True,False,True,True,1784234735.154464,False,True,1,0,False
1783947642.4476278,20,1784234758.7620006,37.465094987411305,0.6562012664988174,-500,True,37.5,36.5,38.6,0.95,0.05,0.0,0.7,0.03,2,1784234768.788041,True,False,True,False,1784234735.154464,False,True,1,0,False
1783947642.4476278,20,1784234778.7678204,37.49713893339437,0.6561440451667048,-500,True,37.5,36.5,38.6,0.95,0.05,0.0,0.7,0.03,2,1784234788.7938466,True,False,True,False,1784234735.154464,False,True,1,0,False
1783947642.4476278,20,1784234798.7736468,37.489127946898606,0.6563729304951552,-500,True,37.5,36.5,38.6,0.95,0.05,0.0,0.7,0.03,2,1784234808.799773,True,False,True,False,1784234735.154464,False,True,1,0,False
1783947642.4476278,20,1784234818.7795565,37.507820248722055,0.6560868238345923,-500,True,37.5,36.5,38.6,0.95,0.05,0.0,0.7,0.03,2,1784234828.805629,True,False,True,False,1784234735.154464,False,1,0,0,False
1783947642.4476278,20,1784234838.7854633,37.507820248722055,0.6560105287251088,-500,True,37.5,36.5,38.6,0.95,0.05,0.0,0.7,0.03,2,1784234848.8115191,True,False,True,False,1784234735.154464,False,1,0,0,False
1783947642.4476278,20,1784234858.791355,37.49179827573053,0.6559723811703669,-500,True,37.5,36.5,38.6,0.95,0.05,0.0,0.7,0.03,2,1784234868.817589,True,False,True,False,1784234735.154464,False,True,1,0,False
1783947642.4476278,20,1784234878.7971723,37.50247959105822,0.6562394140535592,-500,True,37.5,36.5,38.6,0.95,0.05,0.0,0.7,0.03,2,1784234888.8232315,True,False,True,False,1784234735.154464,False,1,0,0,False
1783947642.4476278,20,1784234898.803152,37.46776531624323,0.6563157091630427,-500,True,37.5,36.5,38.6,0.95,0.05,0.0,0.7,0.03,2,1784234908.8294566,True,False,True,True,1784234915.1544912,False,True,1,0,False
1783947642.4476278,20,1784234918.809228,37.49713893339437,0.6560677500572213,-500,True,37.5,36.5,38.6,0.95,0.05,0.0,0.7,0.03,2,1784234928.8352761,True,False,True,True,1784234915.1544912,False,True,1,0,False
1783947642.4476278,20,1784234938.8150902,37.470435645075156,0.6562394140535592,-500,True,37.5,36.5,38.6,0.95,0.05,0.0,0.7,0.03,2,1784234948.8411665,True,False,True,False,1784234915.1544912,False,True,1,0,False
1783947642.4476278,20,1784234958.8209748,37.45975432974747,0.6559533073929962,-500,True,37.5,36.5,38.6,0.95,0.05,0.0,0.7,0.03,2,1784234968.8471522,True,False,True,False,1784234915.1544912,False,True,1,0,False
1783947642.4476278,20,1784234978.8268795,37.470435645075156,0.6560486762798504,-500,True,37.5,36.5,38.6,0.95,0.05,0.0,0.7,0.03,2,1784234988.852968,True,False,True,False,1784234915.1544912,False,True,1,0,False
1783947642.4476278,20,1784234998.8327384,37.50514991989013,0.6563538567177843,-500,True,37.5,36.5,38.6,0.95,0.05,0.0,0.7,0.03,2,1784235008.858769,True,False,True,False,1784234915.1544912,False,1,0,0,False
1783947642.4476278,20,1784235018.8386195,37.50247959105822,0.6562394140535592,-500,True,37.5,36.5,38.6,0.95,0.05,0.0,0.7,0.03,2,1784235028.8646414,True,False,True,False,1784234915.1544912,False,1,0,0,False
1783947642.4476278,20,1784235038.8444967,37.51850156404974,0.6561440451667048,-500,True,37.5,36.5,38.6,0.95,0.05,0.0,0.7,0.03,2,1784235048.8706956,True,False,True,False,1784234915.1544912,False,1,0,0,False
1783947642.4476278,20,1784235058.850511,37.50247959105822,0.6564301518272678,-500,True,37.5,36.5,38.6,0.95,0.05,0.0,0.7,0.03,2,1784235068.8766725,True,False,True,False,1784234915.1544912,False,1,0,0,False
1783947642.4476278,20,1784235078.8565516,37.45975432974747,0.6559342336156253,-500,True,37.5,36.5,38.6,0.95,0.05,0.0,0.7,0.03,2,1784235088.8827896,True,False,True,True,1784235095.1545057,False,True,1,0,False
1783947642.4476278,20,1784235098.862511,37.46242465857938,0.6560105287251088,-500,True,37.5,36.5,38.6,0.95,0.05,0.0,0.7,0.03,2,1784235108.8886175,True,False,True,True,1784235095.1545057,False,True,1,0,False
1783947642.4476278,20,1784235118.8683271,37.44907301441978,0.6562012664988174,-500,True,37.5,36.5,38.6,0.95,0.05,0.0,0.7,0.03,2,1784235128.8945177,True,False,True,False,1784235095.1545057,False,True,1,0,False
1783947642.4476278,20,1784235138.8742077,37.45975432974747,0.6558770122835127,-500,True,37.5,36.5,38.6,0.95,0.05,0.0,0.7,0.03,2,1784235148.900182,True,False,True,False,1784235095.1545057,False,True,1,0,False
1783947642.4476278,20,1784235158.879977,37.45975432974747,0.6560677500572213,-500,True,37.5,36.5,38.6,0.95,0.05,0.0,0.7,0.03,2,1784235168.9060173,True,False,True,False,1784235095.1545057,False,True,1,0,False
1783947642.4476278,20,1784235178.8858385,37.507820248722055,0.6561821927214466,-500,True,37.5,36.5,38.6,0.95,0.05,0.0,0.7,0.03,2,1784235188.9118552,True,False,True,False,1784235095.1545057,False,1,0,0,False
1783947642.4476278,20,1784235198.8916602,37.49980926222629,0.6559151598382543,-500,True,37.5,36.5,38.6,0.95,0.05,0.0,0.7,0.03,2,1784235208.9177306,True,False,True,False,1784235095.1545057,False,True,1,0,False
1783947642.4476278,20,1784235218.8975742,37.52384222171359,0.6561058976119631,-500,True,37.5,36.5,38.6,0.95,0.05,0.0,0.7,0.03,2,1784235228.9236245,True,False,True,False,1784235095.1545057,False,1,0,0,False
1783947642.4476278,20,1784235238.9034486,37.52918287937743,0.6563157091630427,-500,True,37.5,36.5,38.6,0.95,0.05,0.0,0.7,0.03,2,1784235248.9294202,True,False,True,False,1784235095.1545057,False,1,0,0,False
1783947642.4476278,20,1784235258.9092498,37.470435645075156,0.6562012664988174,-500,True,37.5,36.5,38.6,0.95,0.05,0.0,0.7,0.03,2,1784235268.9382243,True,False,True,True,1784235275.1545184,False,True,1,0,False
1783947642.4476278,20,1784235278.9179568,37.45975432974747,0.6559533073929962,-500,True,37.5,36.5,38.6,0.95,0.05,0.0,0.7,0.03,2,1784235288.9439425,True,False,True,True,1784235275.1545184,False,True,1,0,False
1783947642.4476278,20,1784235298.9237332,37.446402685587856,0.6559723811703669,-500,True,37.5,36.5,38.6,0.95,0.05,0.0,0.7,0.03,2,1784235308.9497325,True,False,True,False,1784235275.1545184,False,True,1,0,False
1783947642.4476278,20,1784235318.9295988,37.45441367208362,0.6558579385061418,-500,True,37.5,36.5,38.6,0.95,0.05,0.0,0.7,0.03,2,1784235328.9556055,True,False,True,False,1784235275.1545184,False,True,1,0,False
1783947642.4476278,20,1784235338.9354248,37.45975432974747,0.6559533073929962,-500,True,37.5,36.5,38.6,0.95,0.05,0.0,0.7,0.03,2,1784235348.9615896,True,False,True,False,1784235275.1545184,False,True,1,0,False
1783947642.4476278,20,1784235358.941304,37.45441367208362,0.6558007171740292,-500,True,37.5,36.5,38.6,0.95,0.05,0.0,0.7,0.03,2,1784235368.9674098,True,False,True,False,1784235275.1545184,False,True,1,0,False
1783947642.4476278,20,1784235378.9472258,37.49713893339437,0.6558770122835127,-500,True,37.5,36.5,38.6,0.95,0.05,0.0,0.7,0.03,2,1784235388.9732854,True,False,True,False,1784235275.1545184,False,True,1,0,False
1783947642.4476278,20,1784235398.9530957,37.49980926222629,0.6558770122835127,-500,True,37.5,36.5,38.6,0.95,0.05,0.0,0.7,0.03,2,1784235408.9791007,True,False,True,False,1784235275.1545184,False,True,1,0,False
1783947642.4476278,20,1784235418.9589334,37.507820248722055,0.6558770122835127,-500,True,37.5,36.5,38.6,0.95,0.05,0.0,0.7,0.03,2,1784235428.98492,True,False,True,False,1784235275.1545184,False,1,0,0,False
1783947642.4476278,20,1784235438.9647038,37.50247959105822,0.6559151598382543,-500,True,37.5,36.5,38.6,0.95,0.05,0.0,0.7,0.03,2,1784235448.9908442,True,False,True,True,1784235455.1545548,False,1,0,0,False
1783947642.4476278,20,1784235458.970531,37.507820248722055,0.6560105287251088,-500,True,37.5,36.5,38.6,0.95,0.05,0.0,0.7,0.03,2,1784235468.9965549,True,False,True,True,1784235455.1545548,False,1,0,0,False
1783947642.4476278,20,1784235478.976341,37.45975432974747,0.6561821927214466,-500,True,37.5,36.5,38.6,0.95,0.05,0.0,0.7,0.03,2,1784235489.0024564,True,False,True,False,1784235455.1545548,False,True,1,0,False
1783947642.4476278,20,1784235498.9822547,37.47310597390707,0.6556290531776914,-500,True,37.5,36.5,38.6,0.95,0.05,0.0,0.7,0.03,2,1784235509.008361,True,False,True,False,1784235455.1545548,False,True,1,0,False
1783947642.4476278,20,1784235518.9881384,37.45975432974747,0.6557625696192874,-500,True,37.5,36.5,38.6,0.95,0.05,0.0,0.7,0.03,2,1784235529.0141838,True,False,True,False,1784235455.1545548,False,True,1,0,False
1783947642.4476278,20,1784235538.9939928,37.470435645075156,0.6559151598382543,-500,True,37.5,36.5,38.6,0.95,0.05,0.0,0.7,0.03,2,1784235549.0201654,True,False,True,False,1784235455.1545548,False,True,1,0,False
1783947642.4476278,20,1784235558.9998295,37.48645761806668,0.6560486762798504,-500,True,37.5,36.5,38.6,0.95,0.05,0.0,0.7,0.03,2,1784235569.0258558,True,False,True,False,1784235455.1545548,False,True,1,0,False
1783947642.4476278,20,1784235579.0056233,37.49713893339437,0.6561821927214466,-500,True,37.5,36.5,38.6,0.95,0.05,0.0,0.7,0.03,2,1784235589.031634,True,False,True,False,1784235455.1545548,False,True,1,0,False
1783947642.4476278,20,1784235599.011486,37.531853208209355,0.6559914549477378,-500,True,37.5,36.5,38.6,0.95,0.05,0.0,0.7,0.03,2,1784235609.037589,True,False,True,False,1784235455.1545548,False,1,0,0,False
1783947642.4476278,20,1784235619.0173976,37.507820248722055,0.6559914549477378,-500,True,37.5,36.5,38.6,0.95,0.05,0.0,0.7,0.03,2,1784235629.0433967,False,True,True,True,1784235635.154561,False,1,0,0,False
1783947642.4476278,20,1784235639.023217,37.45441367208362,0.6555527580682079,-500,True,37.5,36.5,38.6,0.95,0.05,0.0,0.7,0.03,2,1784235649.0492265,False,True,True,True,1784235635.154561,False,True,1,0,False
1783947642.4476278,20,1784235659.029019,37.41702906843672,0.6557625696192874,-500,True,37.5,36.5,38.6,0.95,0.05,0.0,0.7,0.03,2,1784235669.055135,False,True,True,False,1784235635.154561,False,True,1,0,False
1783947642.4476278,20,1784235679.034939,37.44907301441978,0.6555718318455788,-500,True,37.5,36.5,38.6,0.95,0.05,0.0,0.7,0.03,2,1784235689.061041,False,True,True,False,1784235635.154561,False,True,1,0,False
1783947642.4476278,20,1784235699.0408304,37.45708400091554,0.6560296025024797,-500,True,37.5,36.5,38.6,0.95,0.05,0.0,0.7,0.03,2,1784235709.0668972,False,True,True,False,1784235635.154561,False,True,1,0,False
1783947642.4476278,20,1784235719.0466955,37.45975432974747,0.6556862745098039,-500,True,37.5,36.5,38.6,0.95,0.05,0.0,0.7,0.03,2,1784235729.07271,False,True,True,False,1784235635.154561,False,True,1,0,False
1783947642.4476278,20,1784235739.0524726,37.470435645075156,0.6556862745098039,-500,True,37.5,36.5,38.6,0.95,0.05,0.0,0.7,0.03,2,1784235749.0785694,False,True,True,False,1784235635.154561,False,True,1,0,False
1783947642.4476278,20,1784235759.0583794,37.48645761806668,0.6556862745098039,-500,True,37.5,36.5,38.6,0.95,0.05,0.0,0.7,0.03,2,1784235769.0843637,False,True,True,False,1784235635.154561,False,True,1,0,False
1783947642.4476278,20,1784235779.064143,37.48645761806668,0.6557816433966583,-500,True,37.5,36.5,38.6,0.95,0.05,0.0,0.7,0.03,2,1784235789.0902095,False,True,True,False,1784235635.154561,False,True,1,0,False
1783947642.4476278,20,1784235799.0700204,37.51049057755398,0.6558770122835127,-500,True,37.5,36.5,38.6,0.95,0.05,0.0,0.7,0.03,2,1784235809.095976,False,True,True,True,1784235815.1545851,False,1,0,0,False
1783947642.4476278,20,1784235819.0758617,37.49713893339437,0.6558579385061418,-500,True,37.5,36.5,38.6,0.95,0.05,0.0,0.7,0.03,2,1784235829.1020565,False,True,True,True,1784235815.1545851,False,True,1,0,False
1783947642.4476278,20,1784235839.081677,37.465094987411305,0.6559723811703669,-500,True,37.5,36.5,38.6,0.95,0.05,0.0,0.7,0.03,2,1784235849.107792,False,True,True,False,1784235815.1545851,False,True,1,0,False
1783947642.4476278,20,1784235859.0876029,37.470435645075156,0.6558197909514,-500,True,37.5,36.5,38.6,0.95,0.05,0.0,0.7,0.03,2,1784235869.1136732,False,True,True,False,1784235815.1545851,False,True,1,0,False
1783947642.4476278,20,1784235879.0938387,37.49179827573053,0.6559342336156253,-500,True,37.5,36.5,38.6,0.95,0.05,0.0,0.7,0.03,2,1784235889.1207335,False,True,True,False,1784235815.1545851,False,True,1,0,False
1783947642.4476278,20,1784235899.1004887,37.49980926222629,0.6558770122835127,-500,True,37.5,36.5,38.6,0.95,0.05,0.0,0.7,0.03,2,1784235909.126518,False,True,True,False,1784235815.1545851,False,True,1,0,False
1783947642.4476278,20,1784235919.1063254,37.49713893339437,0.6557625696192874,-500,True,37.5,36.5,38.6,0.95,0.05,0.0,0.7,0.03,2,1784235929.1324947,False,True,True,False,1784235815.1545851,False,True,1,0,False
1783947642.4476278,20,1784235939.1121173,37.507820248722055,0.6559723811703669,-500,True,37.5,36.5,38.6,0.95,0.05,0.0,0.7,0.03,2,1784235949.1381485,False,True,True,False,1784235815.1545851,False,1,0,0,False
1783947642.4476278,20,1784235959.1179953,37.470435645075156,0.6559342336156253,-500,True,37.5,36.5,38.6,0.95,0.05,0.0,0.7,0.03,2,1784235969.144091,False,True,True,False,1784235815.1545851,False,True,1,0,False
1783947642.4476278,20,1784235979.1239,37.48645761806668,0.6558388647287708,-500,True,37.5,36.5,38.6,0.95,0.05,0.0,0.7,0.03,2,1784235989.1499474,False,True,True,True,1784235995.154607,False,True,1,0,False
1783947642.4476278,20,1784235999.1297085,37.47310597390707,0.6559151598382543,-500,True,37.5,36.5,38.6,0.95,0.05,0.0,0.7,0.03,2,1784236009.1557643,False,True,True,True,1784235995.154607,False,True,1,0,False
1783947642.4476278,20,1784236019.1356075,37.48645761806668,0.6556481269550622,-500,True,37.5,36.5,38.6,0.95,0.05,0.0,0.7,0.03,2,1784236029.1619387,False,True,True,False,1784235995.154607,False,True,1,0,False
1783947642.4476278,20,1784236039.1415358,37.48645761806668,0.6557244220645457,-500,True,37.5,36.5,38.6,0.95,0.05,0.0,0.7,0.03,2,1784236049.1675634,False,True,True,False,1784235995.154607,False,True,1,0,False
1783947642.4476278,20,1784236059.1474144,37.53452353704128,0.6560486762798504,-500,True,37.5,36.5,38.6,0.95,0.05,0.0,0.7,0.03,2,1784236069.1734626,False,True,True,False,1784235995.154607,False,1,0,0,False
1783947642.4476278,20,1784236079.1532428,37.52384222171359,0.6557053482871749,-500,True,37.5,36.5,38.6,0.95,0.05,0.0,0.7,0.03,2,1784236089.179242,False,True,True,False,1784235995.154607,False,1,0,0,False
1783947642.4476278,20,1784236099.1590958,37.49980926222629,0.6557053482871749,-500,True,37.5,36.5,38.6,0.95,0.05,0.0,0.7,0.03,2,1784236109.1852095,False,True,True,False,1784235995.154607,False,True,1,0,False
1783947642.4476278,20,1784236119.1649666,37.465094987411305,0.6556099794003204,-500,True,37.5,36.5,38.6,0.95,0.05,0.0,0.7,0.03,2,1784236129.1909955,False,True,True,False,1784235995.154607,False,True,1,0,False
1783947642.4476278,20,1784236139.1708164,37.465094987411305,0.6557244220645457,-500,True,37.5,36.5,38.6,0.95,0.05,0.0,0.7,0.03,2,1784236149.1969624,False,True,True,False,1784235995.154607,False,True,1,0,False
1783947642.4476278,20,1784236159.176776,37.48645761806668,0.6554573891813534,-500,True,37.5,36.5,38.6,0.95,0.05,0.0,0.7,0.03,2,1784236169.202855,False,True,True,True,1784236175.1546156,False,True,1,0,False
1783947642.4476278,20,1784236179.1826708,37.48645761806668,0.6557816433966583,-500,True,37.5,36.5,38.6,0.95,0.05,0.0,0.7,0.03,2,1784236189.208805,False,True,True,True,1784236175.1546156,False,True,1,0,False
1783947642.4476278,20,1784236199.1885953,37.46242465857938,0.6557053482871749,-500,True,37.5,36.5,38.6,0.95,0.05,0.0,0.7,0.03,2,1784236209.2146454,False,True,True,False,1784236175.1546156,False,True,1,0,False
1783947642.4476278,20,1784236219.1944807,37.470435645075156,0.6558579385061418,-500,True,37.5,36.5,38.6,0.95,0.05,0.0,0.7,0.03,2,1784236229.220588,False,True,True,False,1784236175.1546156,False,True,1,0,False
1783947642.4476278,20,1784236239.2005079,37.481116960402844,0.6555336842908369,-500,True,37.5,36.5,38.6,0.95,0.05,0.0,0.7,0.03,2,1784236249.2267592,False,True,True,False,1784236175.1546156,False,True,1,0,False
1783947642.4476278,20,1784236259.2064822,37.507820248722055,0.6556099794003204,-500,True,37.5,36.5,38.6,0.95,0.05,0.0,0.7,0.03,2,1784236269.2325733,False,True,True,False,1784236175.1546156,False,1,0,0,False
1783947642.4476278,20,1784236279.2122514,37.507820248722055,0.6558197909514,-500,True,37.5,36.5,38.6,0.95,0.05,0.0,0.7,0.03,2,1784236289.2383642,False,True,True,False,1784236175.1546156,False,1,0,0,False
1783947642.4476278,20,1784236299.218123,37.51583123521782,0.6558579385061418,-500,True,37.5,36.5,38.6,0.95,0.05,0.0,0.7,0.03,2,1784236309.244359,False,True,True,False,1784236175.1546156,False,1,0,0,False
1783947642.4476278,20,1784236319.2239625,37.49713893339437,0.6557053482871749,-500,True,37.5,36.5,38.6,0.95,0.05,0.0,0.7,0.03,2,1784236329.250142,False,True,True,False,1784236175.1546156,False,True,1,0,False
1783947642.4476278,20,1784236339.229776,37.48645761806668,0.65538109407187,-500,True,37.5,36.5,38.6,0.95,0.05,0.0,0.7,0.03,2,1784236349.2558925,False,True,True,True,1784236355.154635,False,True,1,0,False
1783947642.4476278,20,1784236359.2356205,37.45975432974747,0.6557053482871749,-500,True,37.5,36.5,38.6,0.95,0.05,0.0,0.7,0.03,2,1784236369.2616475,False,True,True,True,1784236355.154635,False,True,1,0,False
1783947642.4476278,20,1784236379.2414246,37.44373235675593,0.6558388647287708,-500,True,37.5,36.5,38.6,0.95,0.05,0.0,0.7,0.03,2,1784236389.2675061,False,True,True,False,1784236355.154635,False,True,1,0,False
1783947642.4476278,20,1784236399.2473311,37.47844663157092,0.6554383154039826,-500,True,37.5,36.5,38.6,0.95,0.05,0.0,0.7,0.03,2,1784236409.2735171,False,True,True,False,1784236355.154635,False,True,1,0,False
1783947642.4476278,20,1784236419.2531495,37.49179827573053,0.6556481269550622,-500,True,37.5,36.5,38.6,0.95,0.05,0.0,0.7,0.03,2,1784236429.2791564,False,True,True,False,1784236355.154635,False,True,1,0,False
1783947642.4476278,20,1784236439.2589993,37.50247959105822,0.6555718318455788,-500,True,37.5,36.5,38.6,0.95,0.05,0.0,0.7,0.03,2,1784236449.2851026,False,True,True,False,1784236355.154635,False,1,0,0,False
1783947642.4476278,20,1784236459.264902,37.513160906385906,0.6558007171740292,-500,True,37.5,36.5,38.6,0.95,0.05,0.0,0.7,0.03,2,1784236469.2909064,False,True,True,False,1784236355.154635,False,1,0,0,False
1783947642.4476278,20,1784236479.270738,37.507820248722055,0.6555336842908369,-500,True,37.5,36.5,38.6,0.95,0.05,0.0,0.7,0.03,2,1784236489.2967181,False,True,True,False,1784236355.154635,False,1,0,0,False
1783947642.4476278,20,1784236499.2764888,37.51049057755398,0.6557053482871749,-500,True,37.5,36.5,38.6,0.95,0.05,0.0,0.7,0.03,2,1784236509.302672,False,True,True,False,1784236355.154635,False,1,0,0,False
1783947642.4476278,20,1784236519.2823405,37.49179827573053,0.6558579385061418,-500,True,37.5,36.5,38.6,0.95,0.05,0.0,0.7,0.03,2,1784236529.308456,False,True,True,True,1784236535.1546438,False,True,1,0,False
1783947642.4476278,20,1784236539.2882276,37.45975432974747,0.6555909056229495,-500,True,37.5,36.5,38.6,0.95,0.05,0.0,0.7,0.03,2,1784236549.3142817,False,True,True,True,1784236535.1546438,False,True,1,0,False
1783947642.4476278,20,1784236559.2940743,37.44907301441978,0.6558007171740292,-500,True,37.5,36.5,38.6,0.95,0.05,0.0,0.7,0.03,2,1784236569.3200614,False,True,True,False,1784236535.1546438,False,True,1,0,False
1783947642.4476278,20,1784236579.2998888,37.45975432974747,0.6556862745098039,-500,True,37.5,36.5,38.6,0.95,0.05,0.0,0.7,0.03,2,1784236589.3260915,False,True,True,False,1784236535.1546438,False,True,1,0,False
1783947642.4476278,20,1784236599.3058717,37.46776531624323,0.6554573891813534,-500,True,37.5,36.5,38.6,0.95,0.05,0.0,0.7,0.03,2,1784236609.3318377,False,True,True,False,1784236535.1546438,False,True,1,0,False
1783947642.4476278,20,1784236619.3116157,37.47577630273899,0.6555336842908369,-500,True,37.5,36.5,38.6,0.95,0.05,0.0,0.7,0.03,2,1784236629.3376555,False,True,True,False,1784236535.1546438,False,True,1,0,False
1783947642.4476278,20,1784236639.3174098,37.52384222171359,0.6554383154039826,-500,True,37.5,36.5,38.6,0.95,0.05,0.0,0.7,0.03,2,1784236649.3434381,False,True,True,False,1784236535.1546438,False,1,0,0,False
1783947642.4476278,20,1784236659.3233318,37.52384222171359,0.6558770122835127,-500,True,37.5,36.5,38.6,0.95,0.05,0.0,0.7,0.03,2,1784236669.3493724,False,True,True,False,1784236535.1546438,False,1,0,0,False
1783947642.4476278,20,1784236679.329147,37.51850156404974,0.6557434958419165,-500,True,37.5,36.5,38.6,0.95,0.05,0.0,0.7,0.03,2,1784236689.3551354,False,True,True,False,1784236535.1546438,False,1,0,0,False
1783947642.4476278,20,1784236699.3349535,37.49980926222629,0.6557053482871749,-500,True,37.5,36.5,38.6,0.95,0.05,0.0,0.7,0.03,2,1784236709.360959,False,True,True,True,1784236715.1546504,False,True,1,0,False
1783947642.4476278,20,1784236719.3407683,37.481116960402844,0.655514610513466,-500,True,37.5,36.5,38.6,0.95,0.05,0.0,0.7,0.03,2,1784236729.3668127,False,True,True,True,1784236715.1546504,False,True,1,0,False
1783947642.4476278,20,1784236739.3466244,37.43305104142824,0.6553620202944991,-500,True,37.5,36.5,38.6,0.95,0.05,0.0,0.7,0.03,2,1784236749.3726048,False,True,True,False,1784236715.1546504,False,True,1,0,False
1783947642.4476278,20,1784236759.3523834,37.45975432974747,0.6557053482871749,-500,True,37.5,36.5,38.6,0.95,0.05,0.0,0.7,0.03,2,1784236769.3783922,False,True,True,False,1784236715.1546504,False,True,1,0,False
1783947642.4476278,20,1784236779.3582032,37.47577630273899,0.6553238727397575,-500,True,37.5,36.5,38.6,0.95,0.05,0.0,0.7,0.03,2,1784236789.3843715,False,True,True,False,1784236715.1546504,False,True,1,0,False
1783947642.4476278,20,1784236799.3640916,37.47844663157092,0.655514610513466,-500,True,37.5,36.5,38.6,0.95,0.05,0.0,0.7,0.03,2,1784236809.3902085,False,True,True,False,1784236715.1546504,False,True,1,0,False
1783947642.4476278,20,1784236819.3700044,37.49713893339437,0.6558007171740292,-500,True,37.5,36.5,38.6,0.95,0.05,0.0,0.7,0.03,2,1784236829.3959808,False,True,True,False,1784236715.1546504,False,True,1,0,False
1783947642.4476278,20,1784236839.3757763,37.51850156404974,0.6553620202944991,-500,True,37.5,36.5,38.6,0.95,0.05,0.0,0.7,0.03,2,1784236849.4017634,False,True,True,False,1784236715.1546504,False,1,0,0,False
1783947642.4476278,20,1784236859.3816218,37.51850156404974,0.6557244220645457,-500,True,37.5,36.5,38.6,0.95,0.05,0.0,0.7,0.03,2,1784236869.4077418,False,True,True,False,1784236715.1546504,False,1,0,0,False
1783947642.4476278,20,1784236879.3875742,37.48645761806668,0.6557434958419165,-500,True,37.5,36.5,38.6,0.95,0.05,0.0,0.7,0.03,2,1784236889.413729,False,True,True,True,1784236895.1546748,False,True,1,0,False
1783947642.4476278,20,1784236899.3933558,37.45708400091554,0.6555909056229495,-500,True,37.5,36.5,38.6,0.95,0.05,0.0,0.7,0.03,2,1784236909.4193938,False,True,True,True,1784236895.1546748,False,True,1,0,False
1783947642.4476278,20,1784236919.3992193,37.43305104142824,0.6556290531776914,-500,True,37.5,36.5,38.6,0.95,0.05,0.0,0.7,0.03,2,1784236929.4252372,False,True,True,False,1784236895.1546748,False,True,1,0,False
1783947642.4476278,20,1784236939.4050808,37.45975432974747,0.6554192416266118,-500,True,37.5,36.5,38.6,0.95,0.05,0.0,0.7,0.03,2,1784236949.431114,False,True,True,False,1784236895.1546748,False,True,1,0,False
1783947642.4476278,20,1784236959.4109485,37.481116960402844,0.6556290531776914,-500,True,37.5,36.5,38.6,0.95,0.05,0.0,0.7,0.03,2,1784236969.4369538,False,True,True,False,1784236895.1546748,False,True,1,0,False
1783947642.4476278,20,1784236979.4167192,37.470435645075156,0.6553047989623865,-500,True,37.5,36.5,38.6,0.95,0.05,0.0,0.7,0.03,2,1784236989.4429116,False,True,True,False,1784236895.1546748,False,True,1,0,False
1783947642.4476278,20,1784236999.422608,37.49446860456244,0.6557244220645457,-500,True,37.5,36.5,38.6,0.95,0.05,0.0,0.7,0.03,2,1784237009.448589,False,True,True,False,1784236895.1546748,False,True,1,0,False
1783947642.4476278,20,1784237019.42835,37.52918287937743,0.6557434958419165,-500,True,37.5,36.5,38.6,0.95,0.05,0.0,0.7,0.03,2,1784237029.4543664,False,True,True,False,1784236895.1546748,False,1,0,0,False
1783947642.4476278,20,1784237039.4341846,37.507820248722055,0.6557244220645457,-500,True,37.5,36.5,38.6,0.95,0.05,0.0,0.7,0.03,2,1784237049.460132,False,True,True,False,1784236895.1546748,False,1,0,0,False
1783947642.4476278,20,1784237059.4399657,37.49713893339437,0.6555718318455788,-500,True,37.5,36.5,38.6,0.95,0.05,0.0,0.7,0.03,2,1784237069.4659946,False,True,True,True,1784237075.1546855,False,True,1,0,False
1783947642.4476278,20,1784237079.4457707,37.48645761806668,0.6557434958419165,-500,True,37.5,36.5,38.6,0.95,0.05,0.0,0.7,0.03,2,1784237089.4717765,False,True,True,True,1784237075.1546855,False,True,1,0,False
1783947642.4476278,20,1784237099.4515965,37.47310597390707,0.655514610513466,-500,True,37.5,36.5,38.6,0.95,0.05,0.0,0.7,0.03,2,1784237109.4776387,False,True,True,False,1784237075.1546855,False,True,1,0,False
1783947642.4476278,20,1784237119.4574182,37.48645761806668,0.6554192416266118,-500,True,37.5,36.5,38.6,0.95,0.05,0.0,0.7,0.03,2,1784237129.4834104,False,True,True,False,1784237075.1546855,False,True,1,0,False
1783947642.4476278,20,1784237139.4632246,37.52384222171359,0.6555527580682079,-500,True,37.5,36.5,38.6,0.95,0.05,0.0,0.7,0.03,2,1784237149.4892657,False,True,True,False,1784237075.1546855,False,1,0,0,False
1783947642.4476278,20,1784237159.469039,37.50247959105822,0.6553047989623865,-500,True,37.5,36.5,38.6,0.95,0.05,0.0,0.7,0.03,2,1784237169.4950132,False,True,True,False,1784237075.1546855,False,1,0,0,False
1783947642.4476278,20,1784237179.4748497,37.48645761806668,0.6556099794003204,-500,True,37.5,36.5,38.6,0.95,0.05,0.0,0.7,0.03,2,1784237189.5009077,False,True,True,False,1784237075.1546855,False,True,1,0,False
1783947642.4476278,20,1784237199.4806697,37.489127946898606,0.6554955367360953,-500,True,37.5,36.5,38.6,0.95,0.05,0.0,0.7,0.03,2,1784237209.5067174,False,True,True,False,1784237075.1546855,False,True,1,0,False
1783947642.4476278,20,1784237219.4865487,37.47577630273899,0.6553238727397575,-500,True,37.5,36.5,38.6,0.95,0.05,0.0,0.7,0.03,2,1784237229.51257,False,True,True,False,1784237075.1546855,False,True,1,0,False
1783947642.4476278,20,1784237239.492364,37.48645761806668,0.6555336842908369,-500,True,37.5,36.5,38.6,0.95,0.05,0.0,0.7,0.03,2,1784237249.5184016,False,True,True,True,1784237255.1546965,False,True,1,0,False
1783947642.4476278,20,1784237259.498183,37.49179827573053,0.6555527580682079,-500,True,37.5,36.5,38.6,0.95,0.05,0.0,0.7,0.03,2,1784237269.524321,False,True,True,True,1784237255.1546965,False,True,1,0,False
1783947642.4476278,20,1784237279.503961,37.470435645075156,0.6553238727397575,-500,True,37.5,36.5,38.6,0.95,0.05,0.0,0.7,0.03,2,1784237289.530034,False,True,True,False,1784237255.1546965,False,True,1,0,False
1783947642.4476278,20,1784237299.5097926,37.49446860456244,0.655667200732433,-500,True,37.5,36.5,38.6,0.95,0.05,0.0,0.7,0.03,2,1784237309.5358481,False,True,True,False,1784237255.1546965,False,True,1,0,False
1783947642.4476278,20,1784237319.51566,37.507820248722055,0.6556862745098039,-500,True,37.5,36.5,38.6,0.95,0.05,0.0,0.7,0.03,2,1784237329.5416772,False,True,True,False,1784237255.1546965,False,1,0,0,False
1783947642.4476278,20,1784237339.5214682,37.52384222171359,0.6554573891813534,-500,True,37.5,36.5,38.6,0.95,0.05,0.0,0.7,0.03,2,1784237349.5474877,False,True,True,False,1784237255.1546965,False,1,0,0,False
1783947642.4476278,20,1784237359.5273776,37.507820248722055,0.6554192416266118,-500,True,37.5,36.5,38.6,0.95,0.05,0.0,0.7,0.03,2,1784237369.55357,False,True,True,False,1784237255.1546965,False,1,0,0,False
1783947642.4476278,20,1784237379.533207,37.49713893339437,0.6555909056229495,-500,True,37.5,36.5,38.6,0.95,0.05,0.0,0.7,0.03,2,1784237389.5592368,False,True,True,False,1784237255.1546965,False,True,1,0,False
1783947642.4476278,20,1784237399.539047,37.49446860456244,0.655228503852903,-500,True,37.5,36.5,38.6,0.95,0.05,0.0,0.7,0.03,2,1784237409.5650713,False,True,True,False,1784237255.1546965,False,True,1,0,False
1783947642.4476278,20,1784237419.5448565,37.44373235675593,0.65538109407187,-500,True,37.5,36.5,38.6,0.95,0.05,0.0,0.7,0.03,2,1784237429.5708673,False,True,True,True,1784237435.1547015,False,True,1,0,False
1783947642.4476278,20,1784237439.5506768,37.41702906843672,0.6553238727397575,-500,True,37.5,36.5,38.6,0.95,0.05,0.0,0.7,0.03,2,1784237449.5767422,False,True,True,True,1784237435.1547015,False,True,1,0,False
1783947642.4476278,20,1784237459.5565104,37.43305104142824,0.655247577630274,-500,True,37.5,36.5,38.6,0.95,0.05,0.0,0.7,0.03,2,1784237469.5826993,False,True,True,False,1784237435.1547015,False,True,1,0,False
1783947642.4476278,20,1784237479.5623379,37.44373235675593,0.6554955367360953,-500,True,37.5,36.5,38.6,0.95,0.05,0.0,0.7,0.03,2,1784237489.5883086,False,True,True,False,1784237435.1547015,False,True,1,0,False
1783947642.4476278,20,1784237499.5681114,37.47310597390707,0.6555718318455788,-500,True,37.5,36.5,38.6,0.95,0.05,0.0,0.7,0.03,2,1784237509.594174,False,True,True,False,1784237435.1547015,False,True,1,0,False
1783947642.4476278,20,1784237519.5739493,37.507820248722055,0.65538109407187,-500,True,37.5,36.5,38.6,0.95,0.05,0.0,0.7,0.03,2,1784237529.5998983,False,True,True,False,1784237435.1547015,False,1,0,0,False
1783947642.4476278,20,1784237539.5797133,37.48645761806668,0.6554192416266118,-500,True,37.5,36.5,38.6,0.95,0.05,0.0,0.7,0.03,2,1784237549.6057725,False,True,True,False,1784237435.1547015,False,True,1,0,False
1783947642.4476278,20,1784237559.5855646,37.50247959105822,0.6554192416266118,-500,True,37.5,36.5,38.6,0.95,0.05,0.0,0.7,0.03,2,1784237569.6115553,False,True,True,False,1784237435.1547015,False,1,0,0,False
1783947642.4476278,20,1784237579.5914032,37.513160906385906,0.6556290531776914,-500,True,37.5,36.5,38.6,0.95,0.05,0.0,0.7,0.03,2,1784237589.617554,False,True,True,False,1784237435.1547015,False,1,0,0,False
1783947642.4476278,20,1784237599.5973504,37.49446860456244,0.6554573891813534,-500,True,37.5,36.5,38.6,0.95,0.05,0.0,0.7,0.03,2,1784237609.6233795,False,True,True,True,1784237615.1547198,False,True,1,0,False
1783947642.4476278,20,1784237619.6031969,37.470435645075156,0.6554764629587244,-500,True,37.5,36.5,38.6,0.95,0.05,0.0,0.7,0.03,2,1784237629.6292176,False,True,True,True,1784237615.1547198,False,True,1,0,False
1783947642.4476278,20,1784237639.6089966,37.44373235675593,0.6554573891813534,-500,True,37.5,36.5,38.6,0.95,0.05,0.0,0.7,0.03,2,1784237649.6350756,False,True,True,False,1784237615.1547198,False,True,1,0,False
1783947642.4476278,20,1784237659.6148787,37.45975432974747,0.6553620202944991,-500,True,37.5,36.5,38.6,0.95,0.05,0.0,0.7,0.03,2,1784237669.640881,False,True,True,False,1784237615.1547198,False,True,1,0,False
1783947642.4476278,20,1784237679.6206553,37.49713893339437,0.6551140611886779,-500,True,37.5,36.5,38.6,0.95,0.05,0.0,0.7,0.03,2,1784237689.6466827,False,True,True,False,1784237615.1547198,False,True,1,0,False
1783947642.4476278,20,1784237699.6265094,37.51049057755398,0.655075913633936,-500,True,37.5,36.5,38.6,0.95,0.05,0.0,0.7,0.03,2,1784237709.6524878,False,True,True,False,1784237615.1547198,False,1,0,0,False
1783947642.4476278,20,1784237719.6323392,37.52918287937743,0.655094987411307,-500,True,37.5,36.5,38.6,0.95,0.05,0.0,0.7,0.03,2,1784237729.658379,False,True,True,False,1784237615.1547198,False,1,0,0,False
1783947642.4476278,20,1784237739.6382074,37.49713893339437,0.6556290531776914,-500,True,37.5,36.5,38.6,0.95,0.05,0.0,0.7,0.03,2,1784237749.664326,False,True,True,False,1784237615.1547198,False,True,1,0,False
1783947642.4476278,20,1784237759.6439934,37.49179827573053,0.6554764629587244,-500,True,37.5,36.5,38.6,0.95,0.05,0.0,0.7,0.03,2,1784237769.6700916,False,True,True,False,1784237615.1547198,False,True,1,0,False
1783947642.4476278,20,1784237779.6498718,37.49713893339437,0.6554383154039826,-500,True,37.5,36.5,38.6,0.95,0.05,0.0,0.7,0.03,2,1784237789.6759143,False,True,True,True,1784237795.1547499,False,True,1,0,False
1783947642.4476278,20,1784237799.655803,37.45174334325169,0.6554001678492409,-500,True,37.5,36.5,38.6,0.95,0.05,0.0,0.7,0.03,2,1784237809.6820116,False,True,True,True,1784237795.1547499,False,True,1,0,False
1783947642.4476278,20,1784237819.661685,37.43305104142824,0.65494239719234,-500,True,37.5,36.5,38.6,0.95,0.05,0.0,0.7,0.03,2,1784237829.6877973,False,True,True,False,1784237795.1547499,False,True,1,0,False
1783947642.4476278,20,1784237839.667493,37.45441367208362,0.6552857251850156,-500,True,37.5,36.5,38.6,0.95,0.05,0.0,0.7,0.03,2,1784237849.6936743,False,True,True,False,1784237795.1547499,False,True,1,0,False
1783947642.4476278,20,1784237859.673315,37.45975432974747,0.6551712825207905,-500,True,37.5,36.5,38.6,0.95,0.05,0.0,0.7,0.03,2,1784237869.6993737,False,True,True,False,1784237795.1547499,False,True,1,0,False
1783947642.4476278,20,1784237879.6791704,37.470435645075156,0.6552666514076448,-500,True,37.5,36.5,38.6,0.95,0.05,0.0,0.7,0.03,2,1784237889.7052257,False,True,True,False,1784237795.1547499,False,True,1,0,False
1783947642.4476278,20,1784237899.6850293,37.49980926222629,0.6554001678492409,-500,True,37.5,36.5,38.6,0.95,0.05,0.0,0.7,0.03,2,1784237909.7110653,False,True,True,False,1784237795.1547499,False,True,1,0,False
1783947642.4476278,20,1784237919.690919,37.49179827573053,0.655247577630274,-500,True,37.5,36.5,38.6,0.95,0.05,0.0,0.7,0.03,2,1784237929.7169428,False,True,True,False,1784237795.1547499,False,True,1,0,False
1783947642.4476278,20,1784237939.696689,37.52918287937743,0.6553047989623865,-500,True,37.5,36.5,38.6,0.95,0.05,0.0,0.7,0.03,2,1784237949.7229028,False,True,True,False,1784237795.1547499,False,1,0,0,False
1783947642.4476278,20,1784237959.702606,37.51850156404974,0.6548851758602274,-500,True,37.5,36.5,38.6,0.95,0.05,0.0,0.7,0.03,2,1784237969.7286096,False,True,True,True,1784237975.1547885,False,1,0,0,False
1783947642.4476278,20,1784237979.7084284,37.49179827573053,0.655228503852903,-500,True,37.5,36.5,38.6,0.95,0.05,0.0,0.7,0.03,2,1784237989.734633,False,True,True,True,1784237975.1547885,False,True,1,0,False
1783947642.4476278,20,1784237999.7144709,37.45174334325169,0.6552094300755321,-500,True,37.5,36.5,38.6,0.95,0.05,0.0,0.7,0.03,2,1784238009.7406,False,True,True,False,1784237975.1547885,False,True,1,0,False
1783947642.4476278,20,1784238019.7202685,37.45975432974747,0.655094987411307,-500,True,37.5,36.5,38.6,0.95,0.05,0.0,0.7,0.03,2,1784238029.7464442,False,True,True,False,1784237975.1547885,False,True,1,0,False
1783947642.4476278,20,1784238039.7261245,37.45975432974747,0.6553429465171283,-500,True,37.5,36.5,38.6,0.95,0.05,0.0,0.7,0.03,2,1784238049.7522066,False,True,True,False,1784237975.1547885,False,True,1,0,False
1783947642.4476278,20,1784238059.731897,37.465094987411305,0.6551712825207905,-500,True,37.5,36.5,38.6,0.95,0.05,0.0,0.7,0.03,2,1784238069.7580724,False,True,True,False,1784237975.1547885,False,True,1,0,False
1783947642.4476278,20,1784238079.7379644,37.48645761806668,0.6551331349660486,-500,True,37.5,36.5,38.6,0.95,0.05,0.0,0.7,0.03,2,1784238089.7639883,False,True,True,False,1784237975.1547885,False,True,1,0,False
1783947642.4476278,20,1784238099.7438,37.49980926222629,0.6553238727397575,-500,True,37.5,36.5,38.6,0.95,0.05,0.0,0.7,0.03,2,1784238109.7698772,False,True,True,False,1784237975.1547885,False,True,1,0,False
1783947642.4476278,20,1784238119.749617,37.50247959105822,0.6553238727397575,-500,True,37.5,36.5,38.6,0.95,0.05,0.0,0.7,0.03,2,1784238129.775674,False,True,True,False,1784237975.1547885,False,1,0,0,False
1783947642.4476278,20,1784238139.7555633,37.52918287937743,0.6552857251850156,-500,True,37.5,36.5,38.6,0.95,0.05,0.0,0.7,0.03,2,1784238149.7816672,False,True,True,True,1784238155.1548042,False,1,0,0,False
1783947642.4476278,20,1784238159.761455,37.507820248722055,0.6553429465171283,-500,True,37.5,36.5,38.6,0.95,0.05,0.0,0.7,0.03,2,1784238169.787523,False,True,True,True,1784238155.1548042,False,1,0,0,False
1783947642.4476278,20,1784238179.7673242,37.44373235675593,0.6551522087434195,-500,True,37.5,36.5,38.6,0.95,0.05,0.0,0.7,0.03,2,1784238189.793373,False,True,True,False,1784238155.1548042,False,True,1,0,False
1783947642.4476278,20,1784238199.7731507,37.46242465857938,0.6551712825207905,-500,True,37.5,36.5,38.6,0.95,0.05,0.0,0.7,0.03,2,1784238209.7992425,False,True,True,False,1784238155.1548042,False,True,1,0,False
1783947642.4476278,20,1784238219.7791054,37.45975432974747,0.6551331349660486,-500,True,37.5,36.5,38.6,0.95,0.05,0.0,0.7,0.03,2,1784238229.8051887,False,True,True,False,1784238155.1548042,False,True,1,0,False
1783947642.4476278,20,1784238239.7850115,37.47577630273899,0.6552094300755321,-500,True,37.5,36.5,38.6,0.95,0.05,0.0,0.7,0.03,2,1784238249.811159,False,True,True,False,1784238155.1548042,False,True,1,0,False
1783947642.4476278,20,1784238259.790947,37.49179827573053,0.65538109407187,-500,True,37.5,36.5,38.6,0.95,0.05,0.0,0.7,0.03,2,1784238269.817028,False,True,True,False,1784238155.1548042,False,True,1,0,False
1783947642.4476278,20,1784238279.7968726,37.50247959105822,0.6551331349660486,-500,True,37.5,36.5,38.6,0.95,0.05,0.0,0.7,0.03,2,1784238289.822999,False,True,True,False,1784238155.1548042,False,1,0,0,False
1783947642.4476278,20,1784238299.8028162,37.51049057755398,0.6552666514076448,-500,True,37.5,36.5,38.6,0.95,0.05,0.0,0.7,0.03,2,1784238309.8288152,False,True,True,False,1784238155.1548042,False,1,0,0,False
1783947642.4476278,20,1784238319.808609,37.48645761806668,0.6549805447470817,-500,True,37.5,36.5,38.6,0.95,0.05,0.0,0.7,0.03,2,1784238329.8347638,False,True,True,True,1784238335.1548162,False,True,1,0,False
1783947642.4476278,20,1784238339.8144372,37.470435645075156,0.6551331349660486,-500,True,37.5,36.5,38.6,0.95,0.05,0.0,0.7,0.03,2,1784238349.8404388,False,True,True,True,1784238335.1548162,False,True,1,0,False
1783947642.4476278,20,1784238359.8202815,37.470435645075156,0.6549996185244525,-500,True,37.5,36.5,38.6,0.95,0.05,0.0,0.7,0.03,2,1784238369.8464413,False,True,True,False,1784238335.1548162,False,True,1,0,False
1783947642.4476278,20,1784238379.826257,37.49179827573053,0.655075913633936,-500,True,37.5,36.5,38.6,0.95,0.05,0.0,0.7,0.03,2,1784238389.8522341,False,True,True,False,1784238335.1548162,False,True,1,0,False
1783947642.4476278,20,1784238399.832059,37.526512550545505,0.655094987411307,-500,True,37.5,36.5,38.6,0.95,0.05,0.0,0.7,0.03,2,1784238409.8580837,False,True,True,False,1784238335.1548162,False,1,0,0,False
1783947642.4476278,20,1784238419.8379202,37.513160906385906,0.6549233234149691,-500,True,37.5,36.5,38.6,0.95,0.05,0.0,0.7,0.03,2,1784238429.8780355,False,True,True,False,1784238335.1548162,False,1,0,0,False
1783947642.4476278,20,1784238439.8576481,37.51850156404974,0.6557053482871749,-500,True,37.5,36.5,38.6,0.95,0.05,0.0,0.7,0.03,2,1784238449.883677,False,True,True,False,1784238335.1548162,False,1,0,0,False
1783947642.4476278,20,1784238459.8634913,37.48645761806668,0.6553429465171283,-500,True,37.5,36.5,38.6,0.95,0.05,0.0,0.7,0.03,2,1784238469.889551,False,True,True,False,1784238335.1548162,False,True,1,0,False
1783947642.4476278,20,1784238479.8693705,37.481116960402844,0.6552094300755321,-500,True,37.5,36.5,38.6,0.95,0.05,0.0,0.7,0.03,2,1784238489.89545,False,True,True,False,1784238335.1548162,False,True,1,0,False
1783947642.4476278,20,1784238499.8752918,37.46242465857938,0.6550186923018235,-500,True,37.5,36.5,38.6,0.95,0.05,0.0,0.7,0.03,2,1784238509.9014006,False,True,True,True,1784238515.1548283,False,True,1,0,False
1783947642.4476278,20,1784238519.8811636,37.470435645075156,0.6548851758602274,-500,True,37.5,36.5,38.6,0.95,0.05,0.0,0.7,0.03,2,1784238529.9072747,False,True,True,True,1784238515.1548283,False,True,1,0,False
1783947642.4476278,20,1784238539.8870492,37.45441367208362,0.6552857251850156,-500,True,37.5,36.5,38.6,0.95,0.05,0.0,0.7,0.03,2,1784238549.9130952,False,True,True,False,1784238515.1548283,False,True,1,0,False
1783947642.4476278,20,1784238559.8928835,37.49713893339437,0.6553238727397575,-500,True,37.5,36.5,38.6,0.95,0.05,0.0,0.7,0.03,2,1784238569.9188795,False,True,True,False,1784238515.1548283,False,True,1,0,False
1783947642.4476278,20,1784238579.8987112,37.49713893339437,0.65494239719234,-500,True,37.5,36.5,38.6,0.95,0.05,0.0,0.7,0.03,2,1784238589.9247098,False,True,True,False,1784238515.1548283,False,True,1,0,False
1783947642.4476278,20,1784238599.9044693,37.49980926222629,0.655228503852903,-500,True,37.5,36.5,38.6,0.95,0.05,0.0,0.7,0.03,2,1784238609.9304872,False,True,True,False,1784238515.1548283,False,True,1,0,False
1783947642.4476278,20,1784238619.910325,37.52384222171359,0.6550568398565652,-500,True,37.5,36.5,38.6,0.95,0.05,0.0,0.7,0.03,2,1784238629.9362996,False,True,True,False,1784238515.1548283,False,1,0,0,False
1783947642.4476278,20,1784238639.9161882,37.52918287937743,0.6549996185244525,-500,True,37.5,36.5,38.6,0.95,0.05,0.0,0.7,0.03,2,1784238649.9422946,False,True,True,False,1784238515.1548283,False,1,0,0,False
1783947642.4476278,20,1784238659.9220953,37.507820248722055,0.6552094300755321,-500,True,37.5,36.5,38.6,0.95,0.05,0.0,0.7,0.03,2,1784238669.948096,False,True,True,False,1784238515.1548283,False,1,0,0,False
1783947642.4476278,20,1784238679.9279187,37.49179827573053,0.655075913633936,-500,True,37.5,36.5,38.6,0.95,0.05,0.0,0.7,0.03,2,1784238689.9539938,False,True,True,True,1784238695.1548626,False,True,1,0,False
1783947642.4476278,20,1784238699.933752,37.46242465857938,0.65494239719234,-500,True,37.5,36.5,38.6,0.95,0.05,0.0,0.7,0.03,2,1784238709.959835,False,True,True,True,1784238695.1548626,False,True,1,0,False
1783947642.4476278,20,1784238719.9396613,37.41168841077287,0.6549042496375982,-500,True,37.5,36.5,38.6,0.95,0.05,0.0,0.7,0.03,2,1784238729.965778,False,True,True,False,1784238695.1548626,False,True,1,0,False
1783947642.4476278,20,1784238739.9455612,37.40634775310903,0.6547707331960021,-500,True,37.5,36.5,38.6,0.95,0.05,0.0,0.7,0.03,2,1784238749.9715784,False,True,True,False,1784238695.1548626,False,True,1,0,False
1783947642.4476278,20,1784238759.9514408,37.43305104142824,0.6550377660791944,-500,True,37.5,36.5,38.6,0.95,0.05,0.0,0.7,0.03,2,1784238769.9776325,False,True,True,False,1784238695.1548626,False,True,1,0,False
1783947642.4476278,20,1784238779.957439,37.465094987411305,0.6550186923018235,-500,True,37.5,36.5,38.6,0.95,0.05,0.0,0.7,0.03,2,1784238789.9834917,False,True,True,False,1784238695.1548626,False,True,1,0,False
1783947642.4476278,20,1784238799.9632769,37.51049057755398,0.6550568398565652,-500,True,37.5,36.5,38.6,0.95,0.05,0.0,0.7,0.03,2,1784238809.9894307,False,True,True,False,1784238695.1548626,False,1,0,0,False
1783947642.4476278,20,1784238819.9690838,37.49713893339437,0.6549805447470817,-500,True,37.5,36.5,38.6,0.95,0.05,0.0,0.7,0.03,2,1784238829.9951525,False,True,True,False,1784238695.1548626,False,True,1,0,False
1783947642.4476278,20,1784238839.974952,37.50247959105822,0.6550568398565652,-500,True,37.5,36.5,38.6,0.95,0.05,0.0,0.7,0.03,2,1784238850.000978,False,True,True,False,1784238695.1548626,False,1,0,0,False
1783947642.4476278,20,1784238859.9807763,37.481116960402844,0.6549996185244525,-500,True,37.5,36.5,38.6,0.95,0.05,0.0,0.7,0.03,2,1784238870.0068376,False,True,True,True,1784238875.1548781,False,True,1,0,False
1783947642.4476278,20,1784238879.9866755,37.481116960402844,0.6549042496375982,-500,True,37.5,36.5,38.6,0.95,0.05,0.0,0.7,0.03,2,1784238890.0126934,False,True,True,True,1784238875.1548781,False,True,1,0,False
1783947642.4476278,20,1784238899.9925268,37.47310597390707,0.6549805447470817,-500,True,37.5,36.5,38.6,0.95,0.05,0.0,0.7,0.03,2,1784238910.0188475,False,True,True,False,1784238875.1548781,False,True,1,0,False
1783947642.4476278,20,1784238919.9985418,37.470435645075156,0.655075913633936,-500,True,37.5,36.5,38.6,0.95,0.05,0.0,0.7,0.03,2,1784238930.0245852,False,True,True,False,1784238875.1548781,False,True,1,0,False
1783947642.4476278,20,1784238940.0043635,37.49179827573053,0.6548470283054856,-500,True,37.5,36.5,38.6,0.95,0.05,0.0,0.7,0.03,2,1784238950.0304444,False,True,True,False,1784238875.1548781,False,True,1,0,False
1783947642.4476278,20,1784238960.0102534,37.48645761806668,0.655075913633936,-500,True,37.5,36.5,38.6,0.95,0.05,0.0,0.7,0.03,2,1784238970.0362964,False,True,True,False,1784238875.1548781,False,True,1,0,False
1783947642.4476278,20,1784238980.0160255,37.50247959105822,0.6550186923018235,-500,True,37.5,36.5,38.6,0.95,0.05,0.0,0.7,0.03,2,1784238990.0421834,False,True,True,False,1784238875.1548781,False,1,0,0,False
1783947642.4476278,20,1784239000.0219371,37.50514991989013,0.6550568398565652,-500,True,37.5,36.5,38.6,0.95,0.05,0.0,0.7,0.03,2,1784239010.0479794,False,True,True,False,1784238875.1548781,False,1,0,0,False
1783947642.4476278,20,1784239020.027687,37.48645761806668,0.6551903562981614,-500,True,37.5,36.5,38.6,0.95,0.05,0.0,0.7,0.03,2,1784239030.0537288,False,True,True,False,1784238875.1548781,False,True,1,0,False
1783947642.4476278,20,1784239040.0335686,37.49179827573053,0.655228503852903,-500,True,37.5,36.5,38.6,0.95,0.05,0.0,0.7,0.03,2,1784239050.05957,False,True,True,True,1784239055.1548884,False,True,1,0,False
1783947642.4476278,20,1784239060.0393746,37.49713893339437,0.6550377660791944,-500,True,37.5,36.5,38.6,0.95,0.05,0.0,0.7,0.03,2,1784239070.0654294,False,True,True,True,1784239055.1548884,False,True,1,0,False
1783947642.4476278,20,1784239080.045221,37.47577630273899,0.6548279545281147,-500,True,37.5,36.5,38.6,0.95,0.05,0.0,0.7,0.03,2,1784239090.0712264,False,True,True,False,1784239055.1548884,False,True,1,0,False
1783947642.4476278,20,1784239100.0510175,37.489127946898606,0.6551331349660486,-500,True,37.5,36.5,38.6,0.95,0.05,0.0,0.7,0.03,2,1784239110.077027,False,True,True,False,1784239055.1548884,False,True,1,0,False
1783947642.4476278,20,1784239120.0568132,37.49179827573053,0.6548851758602274,-500,True,37.5,36.5,38.6,0.95,0.05,0.0,0.7,0.03,2,1784239130.0828345,False,True,True,False,1784239055.1548884,False,True,1,0,False
1783947642.4476278,20,1784239140.0626667,37.49179827573053,0.6551331349660486,-500,True,37.5,36.5,38.6,0.95,0.05,0.0,0.7,0.03,2,1784239150.08867,False,True,True,False,1784239055.1548884,False,True,1,0,False
1783947642.4476278,20,1784239160.0684822,37.53986419470512,0.655247577630274,-500,True,37.5,36.5,38.6,0.95,0.05,0.0,0.7,0.03,2,1784239170.0945706,False,True,True,False,1784239055.1548884,False,1,0,0,False
1783947642.4476278,20,1784239180.074446,37.52918287937743,0.6549805447470817,-500,True,37.5,36.5,38.6,0.95,0.05,0.0,0.7,0.03,2,1784239190.100377,False,True,True,False,1784239055.1548884,False,1,0,0,False
1783947642.4476278,20,1784239200.0802248,37.53719386587319,0.6549996185244525,-500,True,37.5,36.5,38.6,0.95,0.05,0.0,0.7,0.03,2,1784239210.106252,True,False,True,False,1784239055.1548884,False,1,0,0,False
1783947642.4476278,20,1784239220.0861187,37.48645761806668,0.655075913633936,-500,True,37.5,36.5,38.6,0.95,0.05,0.0,0.7,0.03,2,1784239230.1121144,True,False,True,True,1784239235.1549058,False,True,1,0,False
1783947642.4476278,20,1784239240.091916,37.49713893339437,0.6548470283054856,-500,True,37.5,36.5,38.6,0.95,0.05,0.0,0.7,0.03,2,1784239250.1179535,True,False,True,True,1784239235.1549058,False,True,1,0,False
1783947642.4476278,20,1784239260.0977063,37.49713893339437,0.6549233234149691,-500,True,37.5,36.5,38.6,0.95,0.05,0.0,0.7,0.03,2,1784239270.1238184,True,False,True,False,1784239235.1549058,False,True,1,0,False
1783947642.4476278,20,1784239280.103633,37.49713893339437,0.6545227740901808,-500,True,37.5,36.5,38.6,0.95,0.05,0.0,0.7,0.03,2,1784239290.1297936,True,False,True,False,1784239235.1549058,False,True,1,0,False
1783947642.4476278,20,1784239300.109427,37.51049057755398,0.6549042496375982,-500,True,37.5,36.5,38.6,0.95,0.05,0.0,0.7,0.03,2,1784239310.1354637,True,False,True,False,1784239235.1549058,False,1,0,0,False
1783947642.4476278,20,1784239320.1153452,37.507820248722055,0.65494239719234,-500,True,37.5,36.5,38.6,0.95,0.05,0.0,0.7,0.03,2,1784239330.1414626,True,False,True,False,1784239235.1549058,False,1,0,0,False
1783947642.4476278,20,1784239340.121237,37.507820248722055,0.6549042496375982,-500,True,37.5,36.5,38.6,0.95,0.05,0.0,0.7,0.03,2,1784239350.147239,True,False,True,False,1784239235.1549058,False,1,0,0,False
1783947642.4476278,20,1784239360.1270685,37.48645761806668,0.6548661020828566,-500,True,37.5,36.5,38.6,0.95,0.05,0.0,0.7,0.03,2,1784239370.1530616,True,False,True,False,1784239235.1549058,False,True,1,0,False
1783947642.4476278,20,1784239380.1328459,37.48645761806668,0.6550377660791944,-500,True,37.5,36.5,38.6,0.95,0.05,0.0,0.7,0.03,2,1784239390.159192,True,False,True,False,1784239235.1549058,False,True,1,0,False
1783947642.4476278,20,1784239400.1388674,37.489127946898606,0.6548279545281147,-500,True,37.5,36.5,38.6,0.95,0.05,0.0,0.7,0.03,2,1784239410.1649258,True,False,True,True,1784239415.1549423,False,True,1,0,False
1783947642.4476278,20,1784239420.1446674,37.48645761806668,0.6550568398565652,-500,True,37.5,36.5,38.6,0.95,0.05,0.0,0.7,0.03,2,1784239430.170705,True,False,True,True,1784239415.1549423,False,True,1,0,False
1783947642.4476278,20,1784239440.1504912,37.48645761806668,0.6548470283054856,-500,True,37.5,36.5,38.6,0.95,0.05,0.0,0.7,0.03,2,1784239450.1764488,True,False,True,False,1784239415.1549423,False,True,1,0,False
1783947642.4476278,20,1784239460.1562865,37.48645761806668,0.6546944380865186,-500,True,37.5,36.5,38.6,0.95,0.05,0.0,0.7,0.03,2,1784239470.1824217,True,False,True,False,1784239415.1549423,False,True,1,0,False
1783947642.4476278,20,1784239480.1622267,37.52918287937743,0.6550186923018235,-500,True,37.5,36.5,38.6,0.95,0.05,0.0,0.7,0.03,2,1784239490.188208,True,False,True,False,1784239415.1549423,False,1,0,0,False
1783947642.4476278,20,1784239500.167994,37.55321583886473,0.6548470283054856,-500,True,37.5,36.5,38.6,0.95,0.05,0.0,0.7,0.03,2,1784239510.1940317,True,False,True,False,1784239415.1549423,False,1,0,0,False
1783947642.4476278,20,1784239520.1738002,37.49713893339437,0.6548851758602274,-500,True,37.5,36.5,38.6,0.95,0.05,0.0,0.7,0.03,2,1784239530.1998396,True,False,True,False,1784239415.1549423,False,True,1,0,False
1783947642.4476278,20,1784239540.1796474,37.507820248722055,0.6547516594186312,-500,True,37.5,36.5,38.6,0.95,0.05,0.0,0.7,0.03,2,1784239550.20565,True,False,True,False,1784239415.1549423,False,1,0,0,False
1783947642.4476278,20,1784239560.1854672,37.45975432974747,0.6548279545281147,-500,True,37.5,36.5,38.6,0.95,0.05,0.0,0.7,0.03,2,1784239570.2115483,True,False,True,False,1784239415.1549423,False,True,1,0,False
1783947642.4476278,20,1784239580.1913784,37.45975432974747,0.6547707331960021,-500,True,37.5,36.5,38.6,0.95,0.05,0.0,0.7,0.03,2,1784239590.2174542,True,False,True,True,1784239595.154964,False,True,1,0,False
1783947642.4476278,20,1784239600.197241,37.46242465857938,0.6548279545281147,-500,True,37.5,36.5,38.6,0.95,0.05,0.0,0.7,0.03,2,1784239610.2232752,True,False,True,True,1784239595.154964,False,True,1,0,False
1783947642.4476278,20,1784239620.2030764,37.45441367208362,0.654808880750744,-500,True,37.5,36.5,38.6,0.95,0.05,0.0,0.7,0.03,2,1784239630.229072,True,False,True,False,1784239595.154964,False,True,1,0,False
1783947642.4476278,20,1784239640.2088525,37.47577630273899,0.6546181429770351,-500,True,37.5,36.5,38.6,0.95,0.05,0.0,0.7,0.03,2,1784239650.2348447,True,False,True,False,1784239595.154964,False,True,1,0,False
1783947642.4476278,20,1784239660.2146919,37.52384222171359,0.6546181429770351,-500,True,37.5,36.5,38.6,0.95,0.05,0.0,0.7,0.03,2,1784239670.2406874,True,False,True,False,1784239595.154964,False,1,0,0,False
1783947642.4476278,20,1784239680.220502,37.50247959105822,0.65494239719234,-500,True,37.5,36.5,38.6,0.95,0.05,0.0,0.7,0.03,2,1784239690.2465181,True,False,True,False,1784239595.154964,False,1,0,0,False
1783947642.4476278,20,1784239700.2263544,37.49980926222629,0.6547516594186312,-500,True,37.5,36.5,38.6,0.95,0.05,0.0,0.7,0.03,2,1784239710.252299,True,False,True,False,1784239595.154964,False,True,1,0,False
1783947642.4476278,20,1784239720.2320898,37.47577630273899,0.6547135118638896,-500,True,37.5,36.5,38.6,0.95,0.05,0.0,0.7,0.03,2,1784239730.2581394,True,False,True,False,1784239595.154964,False,True,1,0,False
1783947642.4476278,20,1784239740.237973,37.470435645075156,0.6547325856412605,-500,True,37.5,36.5,38.6,0.95,0.05,0.0,0.7,0.03,2,1784239750.2640314,True,False,True,False,1784239595.154964,False,True,1,0,False
1783947642.4476278,20,1784239760.2438376,37.45975432974747,0.6546181429770351,-500,True,37.5,36.5,38.6,0.95,0.05,0.0,0.7,0.03,2,1784239770.2700021,True,False,True,True,1784239775.1549666,False,True,1,0,False
1783947642.4476278,20,1784239780.249615,37.470435645075156,0.6544083314259557,-500,True,37.5,36.5,38.6,0.95,0.05,0.0,0.7,0.03,2,1784239790.2756393,True,False,True,True,1784239775.1549666,False,True,1,0,False
1783947642.4476278,20,1784239800.255458,37.45174334325169,0.654808880750744,-500,True,37.5,36.5,38.6,0.95,0.05,0.0,0.7,0.03,2,1784239810.2814727,True,False,True,False,1784239775.1549666,False,True,1,0,False
1783947642.4476278,20,1784239820.2612193,37.481116960402844,0.6546372167544061,-500,True,37.5,36.5,38.6,0.95,0.05,0.0,0.7,0.03,2,1784239830.287352,True,False,True,False,1784239775.1549666,False,True,1,0,False
1783947642.4476278,20,1784239840.267156,37.49713893339437,0.65450370031281,-500,True,37.5,36.5,38.6,0.95,0.05,0.0,0.7,0.03,2,1784239850.2931435,True,False,True,False,1784239775.1549666,False,True,1,0,False
1783947642.4476278,20,1784239860.2729294,37.513160906385906,0.6548851758602274,-500,True,37.5,36.5,38.6,0.95,0.05,0.0,0.7,0.03,2,1784239870.2991295,True,False,True,False,1784239775.1549666,False,1,0,0,False
1783947642.4476278,20,1784239880.278843,37.52918287937743,0.65494239719234,-500,True,37.5,36.5,38.6,0.95,0.05,0.0,0.7,0.03,2,1784239890.3048713,True,False,True,False,1784239775.1549666,False,1,0,0,False
1783947642.4476278,20,1784239900.284669,37.49980926222629,0.6548661020828566,-500,True,37.5,36.5,38.6,0.95,0.05,0.0,0.7,0.03,2,1784239910.3107355,True,False,True,False,1784239775.1549666,False,True,1,0,False
1783947642.4476278,20,1784239920.2905526,37.49713893339437,0.6547516594186312,-500,True,37.5,36.5,38.6,0.95,0.05,0.0,0.7,0.03,2,1784239930.3165476,True,False,True,False,1784239775.1549666,False,True,1,0,False
1783947642.4476278,20,1784239940.2963152,37.48645761806668,0.6545227740901808,-500,True,37.5,36.5,38.6,0.95,0.05,0.0,0.7,0.03,2,1784239950.3224146,True,False,True,True,1784239955.1549826,False,True,1,0,False
1783947642.4476278,20,1784239960.3021908,37.470435645075156,0.6546181429770351,-500,True,37.5,36.5,38.6,0.95,0.05,0.0,0.7,0.03,2,1784239970.3282418,True,False,True,True,1784239955.1549826,False,True,1,0,False
1783947642.4476278,20,1784239980.3080451,37.470435645075156,0.6548851758602274,-500,True,37.5,36.5,38.6,0.95,0.05,0.0,0.7,0.03,2,1784239990.3341424,True,False,True,False,1784239955.1549826,False,True,1,0,False
1783947642.4476278,20,1784240000.3139405,37.47310597390707,0.6545227740901808,-500,True,37.5,36.5,38.6,0.95,0.05,0.0,0.7,0.03,2,1784240010.3399138,True,False,True,False,1784239955.1549826,False,True,1,0,False
1783947642.4476278,20,1784240020.3197103,37.49179827573053,0.6551522087434195,-500,True,37.5,36.5,38.6,0.95,0.05,0.0,0.7,0.03,2,1784240030.3458633,True,False,True,False,1784239955.1549826,False,True,1,0,False
1783947642.4476278,20,1784240040.325689,37.49713893339437,0.6546944380865186,-500,True,37.5,36.5,38.6,0.95,0.05,0.0,0.7,0.03,2,1784240050.3516903,True,False,True,False,1784239955.1549826,False,True,1,0,False
1783947642.4476278,20,1784240060.3315172,37.513160906385906,0.6546753643091477,-500,True,37.5,36.5,38.6,0.95,0.05,0.0,0.7,0.03,2,1784240070.3575232,True,False,True,False,1784239955.1549826,False,1,0,0,False
1783947642.4476278,20,1784240080.3373063,37.49713893339437,0.6547325856412605,-500,True,37.5,36.5,38.6,0.95,0.05,0.0,0.7,0.03,2,1784240090.363376,True,False,True,False,1784239955.1549826,False,True,1,0,False
1783947642.4476278,20,1784240100.3431933,37.49980926222629,0.6546944380865186,-500,True,37.5,36.5,38.6,0.95,0.05,0.0,0.7,0.03,2,1784240110.3692405,True,False,True,False,1784239955.1549826,False,True,1,0,False
1783947642.4476278,20,1784240120.3490381,37.49179827573053,0.6548851758602274,-500,True,37.5,36.5,38.6,0.95,0.05,0.0,0.7,0.03,2,1784240130.3750541,True,False,True,True,1784240135.1549907,False,True,1,0,False
1783947642.4476278,20,1784240140.3548594,37.465094987411305,0.6545418478675517,-500,True,37.5,36.5,38.6,0.95,0.05,0.0,0.7,0.03,2,1784240150.380842,True,False,True,True,1784240135.1549907,False,True,1,0,False
1783947642.4476278,20,1784240160.3606179,37.481116960402844,0.6547516594186312,-500,True,37.5,36.5,38.6,0.95,0.05,0.0,0.7,0.03,2,1784240170.3866622,True,False,True,False,1784240135.1549907,False,True,1,0,False
1783947642.4476278,20,1784240180.3664763,37.481116960402844,0.6544274052033265,-500,True,37.5,36.5,38.6,0.95,0.05,0.0,0.7,0.03,2,1784240190.3926022,True,False,True,False,1784240135.1549907,False,True,1,0,False
1783947642.4476278,20,1784240200.372325,37.50514991989013,0.65450370031281,-500,True,37.5,36.5,38.6,0.95,0.05,0.0,0.7,0.03,2,1784240210.3987322,True,False,True,False,1784240135.1549907,False,1,0,0,False
1783947642.4476278,20,1784240220.3784525,37.507820248722055,0.6546753643091477,-500,True,37.5,36.5,38.6,0.95,0.05,0.0,0.7,0.03,2,1784240230.4045236,True,False,True,False,1784240135.1549907,False,1,0,0,False
1783947642.4476278,20,1784240240.3842273,37.507820248722055,0.6546753643091477,-500,True,37.5,36.5,38.6,0.95,0.05,0.0,0.7,0.03,2,1784240250.4105594,True,False,True,False,1784240135.1549907,False,1,0,0,False
1783947642.4476278,20,1784240260.3901849,37.47577630273899,0.6543129625391012,-500,True,37.5,36.5,38.6,0.95,0.05,0.0,0.7,0.03,2,1784240270.4162326,True,False,True,False,1784240135.1549907,False,True,1,0,False
1783947642.4476278,20,1784240280.3960626,37.44373235675593,0.6543129625391012,-500,True,37.5,36.5,38.6,0.95,0.05,0.0,0.7,0.03,2,1784240290.4222467,True,False,True,False,1784240135.1549907,False,True,1,0,False
1783947642.4476278,20,1784240300.4020405,37.489127946898606,0.6546181429770351,-500,True,37.5,36.5,38.6,0.95,0.05,0.0,0.7,0.03,2,1784240310.4280362,True,False,True,True,1784240315.1550024,False,True,1,0,False
1783947642.4476278,20,1784240320.4078605,37.48645761806668,0.6545227740901808,-500,True,37.5,36.5,38.6,0.95,0.05,0.0,0.7,0.03,2,1784240330.43389,True,False,True,True,1784240315.1550024,False,True,1,0,False
1783947642.4476278,20,1784240340.4136355,37.465094987411305,0.6544083314259557,-500,True,37.5,36.5,38.6,0.95,0.05,0.0,0.7,0.03,2,1784240350.4398422,True,False,True,False,1784240315.1550024,False,True,1,0,False
1783947642.4476278,20,1784240360.4195151,37.45975432974747,0.6543892576485847,-500,True,37.5,36.5,38.6,0.95,0.05,0.0,0.7,0.03,2,1784240370.4455276,True,False,True,False,1784240315.1550024,False,True,1,0,False
1783947642.4476278,20,1784240380.4253173,37.507820248722055,0.6547325856412605,-500,True,37.5,36.5,38.6,0.95,0.05,0.0,0.7,0.03,2,1784240390.451332,True,False,True,False,1784240315.1550024,False,1,0,0,False
1783947642.4476278,20,1784240400.4312346,37.49446860456244,0.6547707331960021,-500,True,37.5,36.5,38.6,0.95,0.05,0.0,0.7,0.03,2,1784240410.457259,True,False,True,False,1784240315.1550024,False,True,1,0,False
1783947642.4476278,20,1784240420.4370124,37.50247959105822,0.6545799954222935,-500,True,37.5,36.5,38.6,0.95,0.05,0.0,0.7,0.03,2,1784240430.4629989,True,False,True,False,1784240315.1550024,False,1,0,0,False
1783947642.4476278,20,1784240440.4428349,37.48645761806668,0.6548470283054856,-500,True,37.5,36.5,38.6,0.95,0.05,0.0,0.7,0.03,2,1784240450.4688203,True,False,True,False,1784240315.1550024,False,True,1,0,False
1783947642.4476278,20,1784240460.4486344,37.49179827573053,0.6545609216449226,-500,True,37.5,36.5,38.6,0.95,0.05,0.0,0.7,0.03,2,1784240470.4747052,True,False,True,False,1784240315.1550024,False,True,1,0,False
1783947642.4476278,20,1784240480.4545405,37.48645761806668,0.6544464789806973,-500,True,37.5,36.5,38.6,0.95,0.05,0.0,0.7,0.03,2,1784240490.480483,True,False,True,True,1784240495.1550257,False,True,1,0,False
1783947642.4476278,20,1784240500.460292,37.47310597390707,0.654656290531777,-500,True,37.5,36.5,38.6,0.95,0.05,0.0,0.7,0.03,2,1784240510.4863386,True,False,True,True,1784240495.1550257,False,True,1,0,False
1783947642.4476278,20,1784240520.466135,37.481116960402844,0.6546944380865186,-500,True,37.5,36.5,38.6,0.95,0.05,0.0,0.7,0.03,2,1784240530.492101,True,False,True,False,1784240495.1550257,False,True,1,0,False
1783947642.4476278,20,1784240540.4719477,37.50247959105822,0.6544274052033265,-500,True,37.5,36.5,38.6,0.95,0.05,0.0,0.7,0.03,2,1784240550.497997,True,False,True,False,1784240495.1550257,False,1,0,0,False
1783947642.4476278,20,1784240560.4777567,37.49713893339437,0.6545227740901808,-500,True,37.5,36.5,38.6,0.95,0.05,0.0,0.7,0.03,2,1784240570.5037634,True,False,True,False,1784240495.1550257,False,True,1,0,False
1783947642.4476278,20,1784240580.4835804,37.507820248722055,0.6546181429770351,-500,True,37.5,36.5,38.6,0.95,0.05,0.0,0.7,0.03,2,1784240590.5096545,True,False,True,False,1784240495.1550257,False,1,0,0,False
1783947642.4476278,20,1784240600.489551,37.51049057755398,0.6544464789806973,-500,True,37.5,36.5,38.6,0.95,0.05,0.0,0.7,0.03,2,1784240610.5155282,True,False,True,False,1784240495.1550257,False,1,0,0,False
1783947642.4476278,20,1784240620.4953563,37.47577630273899,0.6544655527580682,-500,True,37.5,36.5,38.6,0.95,0.05,0.0,0.7,0.03,2,1784240630.52137,True,False,True,False,1784240495.1550257,False,True,1,0,False
1783947642.4476278,20,1784240640.5011594,37.45975432974747,0.6544274052033265,-500,True,37.5,36.5,38.6,0.95,0.05,0.0,0.7,0.03,2,1784240650.5271614,True,False,True,False,1784240495.1550257,False,True,1,0,False
1783947642.4476278,20,1784240660.5069757,37.44373235675593,0.6545418478675517,-500,True,37.5,36.5,38.6,0.95,0.05,0.0,0.7,0.03,2,1784240670.5330517,True,False,True,True,1784240675.1550395,False,True,1,0,False
1783947642.4476278,20,1784240680.512787,37.465094987411305,0.6542366674296177,-500,True,37.5,36.5,38.6,0.95,0.05,0.0,0.7,0.03,2,1784240690.538803,True,False,True,True,1784240675.1550395,False,True,1,0,False
1783947642.4476278,20,1784240700.5186238,37.46242465857938,0.6543701838712138,-500,True,37.5,36.5,38.6,0.95,0.05,0.0,0.7,0.03,2,1784240710.544612,True,False,True,False,1784240675.1550395,False,True,1,0,False
1783947642.4476278,20,1784240720.524409,37.470435645075156,0.6545227740901808,-500,True,37.5,36.5,38.6,0.95,0.05,0.0,0.7,0.03,2,1784240730.5506022,True,False,True,False,1784240675.1550395,False,True,1,0,False
1783947642.4476278,20,1784240740.5302644,37.48645761806668,0.6545609216449226,-500,True,37.5,36.5,38.6,0.95,0.05,0.0,0.7,0.03,2,1784240750.556377,True,False,True,False,1784240675.1550395,False,True,1,0,False
1783947642.4476278,20,1784240760.5361702,37.49713893339437,0.6543701838712138,-500,True,37.5,36.5,38.6,0.95,0.05,0.0,0.7,0.03,2,1784240770.5621896,True,False,True,False,1784240675.1550395,False,True,1,0,False
1783947642.4476278,20,1784240780.5420163,37.49713893339437,0.6544083314259557,-500,True,37.5,36.5,38.6,0.95,0.05,0.0,0.7,0.03,2,1784240790.5709603,True,False,True,False,1784240675.1550395,False,True,1,0,False
1783947642.4476278,20,1784240800.5507913,37.51049057755398,0.6542557412069887,-500,True,37.5,36.5,38.6,0.95,0.05,0.0,0.7,0.03,2,1784240810.5767663,True,False,True,False,1784240675.1550395,False,1,0,0,False
1783947642.4476278,20,1784240820.5565841,37.51850156404974,0.6544655527580682,-500,True,37.5,36.5,38.6,0.95,0.05,0.0,0.7,0.03,2,1784240830.5827515,True,False,True,False,1784240675.1550395,False,1,0,0,False
1783947642.4476278,20,1784240840.5624404,37.50247959105822,0.6543511100938431,-500,True,37.5,36.5,38.6,0.95,0.05,0.0,0.7,0.03,2,1784240850.5883813,True,False,True,True,1784240855.155064,False,1,0,0,False
1783947642.4476278,20,1784240860.5681858,37.45975432974747,0.6544274052033265,-500,True,37.5,36.5,38.6,0.95,0.05,0.0,0.7,0.03,2,1784240870.5942607,True,False,True,True,1784240855.155064,False,True,1,0,False
1783947642.4476278,20,1784240880.5740929,37.45975432974747,0.6543511100938431,-500,True,37.5,36.5,38.6,0.95,0.05,0.0,0.7,0.03,2,1784240890.6000729,True,False,True,False,1784240855.155064,False,True,1,0,False
1783947642.4476278,20,1784240900.5798512,37.47310597390707,0.6542938887617303,-500,True,37.5,36.5,38.6,0.95,0.05,0.0,0.7,0.03,2,1784240910.6058779,True,False,True,False,1784240855.155064,False,True,1,0,False
1783947642.4476278,20,1784240920.585652,37.45975432974747,0.6547707331960021,-500,True,37.5,36.5,38.6,0.95,0.05,0.0,0.7,0.03,2,1784240930.6116617,True,False,True,False,1784240855.155064,False,True,1,0,False
1783947642.4476278,20,1784240940.5915034,37.465094987411305,0.654656290531777,-500,True,37.5,36.5,38.6,0.95,0.05,0.0,0.7,0.03,2,1784240950.6175816,True,False,True,False,1784240855.155064,False,True,1,0,False
1783947642.4476278,20,1784240960.5973675,37.470435645075156,0.6545990691996643,-500,True,37.5,36.5,38.6,0.95,0.05,0.0,0.7,0.03,2,1784240970.6234114,True,False,True,False,1784240855.155064,False,True,1,0,False
1783947642.4476278,20,1784240980.6032352,37.49179827573053,0.6544846265354392,-500,True,37.5,36.5,38.6,0.95,0.05,0.0,0.7,0.03,2,1784240990.6292734,True,False,True,False,1784240855.155064,False,True,1,0,False
1783947642.4476278,20,1784241000.6090798,37.50514991989013,0.6541985198748761,-500,True,37.5,36.5,38.6,0.95,0.05,0.0,0.7,0.03,2,1784241010.6350775,True,False,True,False,1784240855.155064,False,1,0,0,False
1783947642.4476278,20,1784241020.6149657,37.52384222171359,0.6542366674296177,-500,True,37.5,36.5,38.6,0.95,0.05,0.0,0.7,0.03,2,1784241030.6409724,True,False,True,True,1784241035.1551003,False,1,0,0,False
1783947642.4476278,20,1784241040.6207492,37.49713893339437,0.6545418478675517,-500,True,37.5,36.5,38.6,0.95,0.05,0.0,0.7,0.03,2,1784241050.6467535,True,False,True,True,1784241035.1551003,False,True,1,0,False
1783947642.4476278,20,1784241060.6265802,37.45975432974747,0.6544846265354392,-500,True,37.5,36.5,38.6,0.95,0.05,0.0,0.7,0.03,2,1784241070.6525934,True,False,True,False,1784241035.1551003,False,True,1,0,False
1783947642.4476278,20,1784241080.6324155,37.49713893339437,0.6544655527580682,-500,True,37.5,36.5,38.6,0.95,0.05,0.0,0.7,0.03,2,1784241090.6584888,True,False,True,False,1784241035.1551003,False,True,1,0,False
1783947642.4476278,20,1784241100.6383305,37.489127946898606,0.6544083314259557,-500,True,37.5,36.5,38.6,0.95,0.05,0.0,0.7,0.03,2,1784241110.6643243,True,False,True,False,1784241035.1551003,False,True,1,0,False
1783947642.4476278,20,1784241120.6441078,37.49713893339437,0.6541412985427634,-500,True,37.5,36.5,38.6,0.95,0.05,0.0,0.7,0.03,2,1784241130.6702132,True,False,True,False,1784241035.1551003,False,True,1,0,False
1783947642.4476278,20,1784241140.6499913,37.507820248722055,0.6543701838712138,-500,True,37.5,36.5,38.6,0.95,0.05,0.0,0.7,0.03,2,1784241150.6759865,True,False,True,False,1784241035.1551003,False,1,0,0,False
1783947642.4476278,20,1784241160.6558154,37.48645761806668,0.6540459296559091,-500,True,37.5,36.5,38.6,0.95,0.05,0.0,0.7,0.03,2,1784241170.6819,True,False,True,False,1784241035.1551003,False,True,1,0,False
1783947642.4476278,20,1784241180.6616359,37.52384222171359,0.6544655527580682,-500,True,37.5,36.5,38.6,0.95,0.05,0.0,0.7,0.03,2,1784241190.6876838,True,False,True,False,1784241035.1551003,False,1,0,0,False
1783947642.4476278,20,1784241200.6675372,37.50514991989013,0.6544464789806973,-500,True,37.5,36.5,38.6,0.95,0.05,0.0,0.7,0.03,2,1784241210.6937554,True,False,True,True,1784241215.155123,False,1,0,0,False
1783947642.4476278,20,1784241220.6734295,37.48645761806668,0.6545227740901808,-500,True,37.5,36.5,38.6,0.95,0.05,0.0,0.7,0.03,2,1784241230.6995835,True,False,True,True,1784241215.155123,False,True,1,0,False
1783947642.4476278,20,1784241240.6794019,37.44373235675593,0.6544083314259557,-500,True,37.5,36.5,38.6,0.95,0.05,0.0,0.7,0.03,2,1784241250.7054322,True,False,True,False,1784241215.155123,False,True,1,0,False
1783947642.4476278,20,1784241260.6852221,37.465094987411305,0.6544274052033265,-500,True,37.5,36.5,38.6,0.95,0.05,0.0,0.7,0.03,2,1784241270.711278,True,False,True,False,1784241215.155123,False,True,1,0,False
1783947642.4476278,20,1784241280.6910808,37.45975432974747,0.6542748149843596,-500,True,37.5,36.5,38.6,0.95,0.05,0.0,0.7,0.03,2,1784241290.7170985,True,False,True,False,1784241215.155123,False,True,1,0,False
1783947642.4476278,20,1784241300.6968665,37.46242465857938,0.6544655527580682,-500,True,37.5,36.5,38.6,0.95,0.05,0.0,0.7,0.03,2,1784241310.723114,True,False,True,False,1784241215.155123,False,True,1,0,False
1783947642.4476278,20,1784241320.7027543,37.48645761806668,0.6542748149843596,-500,True,37.5,36.5,38.6,0.95,0.05,0.0,0.7,0.03,2,1784241330.7287753,True,False,True,False,1784241215.155123,False,True,1,0,False
1783947642.4476278,20,1784241340.7085533,37.50247959105822,0.6543129625391012,-500,True,37.5,36.5,38.6,0.95,0.05,0.0,0.7,0.03,2,1784241350.7345855,True,False,True,False,1784241215.155123,False,1,0,0,False
1783947642.4476278,20,1784241360.714467,37.507820248722055,0.6543129625391012,-500,True,37.5,36.5,38.6,0.95,0.05,0.0,0.7,0.03,2,1784241370.740625,True,False,True,False,1784241215.155123,False,1,0,0,False
1783947642.4476278,20,1784241380.7202811,37.507820248722055,0.6539505607690548,-500,True,37.5,36.5,38.6,0.95,0.05,0.0,0.7,0.03,2,1784241390.746437,True,False,True,True,1784241395.1551342,False,1,0,0,False
1783947642.4476278,20,1784241400.7260954,37.489127946898606,0.6545227740901808,-500,True,37.5,36.5,38.6,0.95,0.05,0.0,0.7,0.03,2,1784241410.7523456,True,False,True,True,1784241395.1551342,False,True,1,0,False
1783947642.4476278,20,1784241420.732048,37.44907301441978,0.6542938887617303,-500,True,37.5,36.5,38.6,0.95,0.05,0.0,0.7,0.03,2,1784241430.7583568,True,False,True,False,1784241395.1551342,False,True,1,0,False
1783947642.4476278,20,1784241440.7382174,37.481116960402844,0.65450370031281,-500,True,37.5,36.5,38.6,0.95,0.05,0.0,0.7,0.03,2,1784241450.764274,True,False,True,False,1784241395.1551342,False,True,1,0,False
1783947642.4476278,20,1784241460.744078,37.465094987411305,0.6544083314259557,-500,True,37.5,36.5,38.6,0.95,0.05,0.0,0.7,0.03,2,1784241470.7701359,True,False,True,False,1784241395.1551342,False,True,1,0,False
1783947642.4476278,20,1784241480.7499392,37.47577630273899,0.6542366674296177,-500,True,37.5,36.5,38.6,0.95,0.05,0.0,0.7,0.03,2,1784241490.7759824,True,False,True,False,1784241395.1551342,False,True,1,0,False
1783947642.4476278,20,1784241500.7558382,37.483787289234755,0.6541603723201342,-500,True,37.5,36.5,38.6,0.95,0.05,0.0,0.7,0.03,2,1784241510.7819948,True,False,True,False,1784241395.1551342,False,True,1,0,False
1783947642.4476278,20,1784241520.7617185,37.507820248722055,0.6542557412069887,-500,True,37.5,36.5,38.6,0.95,0.05,0.0,0.7,0.03,2,1784241530.7878313,True,False,True,False,1784241395.1551342,False,1,0,0,False
1783947642.4476278,20,1784241540.7675977,37.52384222171359,0.6543892576485847,-500,True,37.5,36.5,38.6,0.95,0.05,0.0,0.7,0.03,2,1784241550.793719,True,False,True,False,1784241395.1551342,False,1,0,0,False
1783947642.4476278,20,1784241560.7735014,37.507820248722055,0.6543129625391012,-500,True,37.5,36.5,38.6,0.95,0.05,0.0,0.7,0.03,2,1784241570.7995992,True,False,True,True,1784241575.155159,False,1,0,0,False
1783947642.4476278,20,1784241580.7794154,37.481116960402844,0.6546181429770351,-500,True,37.5,36.5,38.6,0.95,0.05,0.0,0.7,0.03,2,1784241590.8054557,True,False,True,True,1784241575.155159,False,True,1,0,False
1783947642.4476278,20,1784241600.785241,37.47310597390707,0.6541412985427634,-500,True,37.5,36.5,38.6,0.95,0.05,0.0,0.7,0.03,2,1784241610.8112786,True,False,True,False,1784241575.155159,False,True,1,0,False
1783947642.4476278,20,1784241620.7910795,37.44907301441978,0.6542557412069887,-500,True,37.5,36.5,38.6,0.95,0.05,0.0,0.7,0.03,2,1784241630.817265,True,False,True,False,1784241575.155159,False,True,1,0,False
1783947642.4476278,20,1784241640.7969344,37.44907301441978,0.6539505607690548,-500,True,37.5,36.5,38.6,0.95,0.05,0.0,0.7,0.03,2,1784241650.8230915,True,False,True,False,1784241575.155159,False,True,1,0,False
1783947642.4476278,20,1784241660.8029237,37.47577630273899,0.6541412985427634,-500,True,37.5,36.5,38.6,0.95,0.05,0.0,0.7,0.03,2,1784241670.8294568,True,False,True,False,1784241575.155159,False,True,1,0,False
1783947642.4476278,20,1784241680.8092103,37.48645761806668,0.6541412985427634,-500,True,37.5,36.5,38.6,0.95,0.05,0.0,0.7,0.03,2,1784241690.8354194,True,False,True,False,1784241575.155159,False,True,1,0,False
1783947642.4476278,20,1784241700.8151064,37.52117189288167,0.6542557412069887,-500,True,37.5,36.5,38.6,0.95,0.05,0.0,0.7,0.03,2,1784241710.8411424,True,False,True,False,1784241575.155159,False,1,0,0,False
1783947642.4476278,20,1784241720.8209972,37.481116960402844,0.6541794460975052,-500,True,37.5,36.5,38.6,0.95,0.05,0.0,0.7,0.03,2,1784241730.847122,True,False,True,False,1784241575.155159,False,True,1,0,False
1783947642.4476278,20,1784241740.8269527,37.48645761806668,0.6541412985427634,-500,True,37.5,36.5,38.6,0.95,0.05,0.0,0.7,0.03,2,1784241750.8530033,True,False,True,True,1784241755.1551611,False,True,1,0,False
1783947642.4476278,20,1784241760.8327763,37.470435645075156,0.6543701838712138,-500,True,37.5,36.5,38.6,0.95,0.05,0.0,0.7,0.03,2,1784241770.858819,True,False,True,True,1784241755.1551611,False,True,1,0,False
1783947642.4476278,20,1784241780.838668,37.45975432974747,0.6540077821011673,-500,True,37.5,36.5,38.6,0.95,0.05,0.0,0.7,0.03,2,1784241790.8649735,True,False,True,False,1784241755.1551611,False,True,1,0,False
1783947642.4476278,20,1784241800.8445897,37.47844663157092,0.6540650034332799,-500,True,37.5,36.5,38.6,0.95,0.05,0.0,0.7,0.03,2,1784241810.8706224,True,False,True,False,1784241755.1551611,False,True,1,0,False
1783947642.4476278,20,1784241820.8504455,37.481116960402844,0.6538361181048294,-500,True,37.5,36.5,38.6,0.95,0.05,0.0,0.7,0.03,2,1784241830.8764966,True,False,True,False,1784241755.1551611,False,True,1,0,False
1783947642.4476278,20,1784241840.8562696,37.48645761806668,0.6543129625391012,-500,True,37.5,36.5,38.6,0.95,0.05,0.0,0.7,0.03,2,1784241850.8827677,True,False,True,False,1784241755.1551611,False,True,1,0,False
1783947642.4476278,20,1784241860.8625042,37.48645761806668,0.6542175936522469,-500,True,37.5,36.5,38.6,0.95,0.05,0.0,0.7,0.03,2,1784241870.8886046,True,False,True,False,1784241755.1551611,False,True,1,0,False
1783947642.4476278,20,1784241880.8682642,37.52384222171359,0.6539696345464256,-500,True,37.5,36.5,38.6,0.95,0.05,0.0,0.7,0.03,2,1784241890.894559,True,False,True,False,1784241755.1551611,False,1,0,0,False
1783947642.4476278,20,1784241900.8742588,37.526512550545505,0.6541222247653926,-500,True,37.5,36.5,38.6,0.95,0.05,0.0,0.7,0.03,2,1784241910.9003367,True,False,True,False,1784241755.1551611,False,1,0,0,False
1783947642.4476278,20,1784241920.8801455,37.507820248722055,0.6542366674296177,-500,True,37.5,36.5,38.6,0.95,0.05,0.0,0.7,0.03,2,1784241930.9063346,True,False,True,True,1784241935.1551645,False,1,0,0,False
1783947642.4476278,20,1784241940.8862007,37.48645761806668,0.6538551918822003,-500,True,37.5,36.5,38.6,0.95,0.05,0.0,0.7,0.03,2,1784241950.9121945,True,False,True,True,1784241935.1551645,False,True,1,0,False
1783947642.4476278,20,1784241960.8919947,37.45441367208362,0.6542748149843596,-500,True,37.5,36.5,38.6,0.95,0.05,0.0,0.7,0.03,2,1784241970.9180675,True,False,True,False,1784241935.1551645,False,True,1,0,False
1783947642.4476278,20,1784241980.8978567,37.44373235675593,0.6539505607690548,-500,True,37.5,36.5,38.6,0.95,0.05,0.0,0.7,0.03,2,1784241990.923876,True,False,True,False,1784241935.1551645,False,True,1,0,False
1783947642.4476278,20,1784242000.9036846,37.441062027924005,0.6539696345464256,-500,True,37.5,36.5,38.6,0.95,0.05,0.0,0.7,0.03,2,1784242010.929792,True,False,True,False,1784241935.1551645,False,True,1,0,False
1783947642.4476278,20,1784242020.9095721,37.45441367208362,0.6542175936522469,-500,True,37.5,36.5,38.6,0.95,0.05,0.0,0.7,0.03,2,1784242030.935624,True,False,True,False,1784241935.1551645,False,True,1,0,False
1783947642.4476278,20,1784242040.9154563,37.481116960402844,0.6537216754406043,-500,True,37.5,36.5,38.6,0.95,0.05,0.0,0.7,0.03,2,1784242050.941518,True,False,True,False,1784241935.1551645,False,True,1,0,False
1783947642.4476278,20,1784242060.9212875,37.48645761806668,0.6538551918822003,-500,True,37.5,36.5,38.6,0.95,0.05,0.0,0.7,0.03,2,1784242070.9474237,True,False,True,False,1784241935.1551645,False,True,1,0,False
1783947642.4476278,20,1784242080.9272075,37.49179827573053,0.6544083314259557,-500,True,37.5,36.5,38.6,0.95,0.05,0.0,0.7,0.03,2,1784242090.953225,True,False,True,False,1784241935.1551645,False,True,1,0,False
1783947642.4476278,20,1784242100.9330053,37.51049057755398,0.6540459296559091,-500,True,37.5,36.5,38.6,0.95,0.05,0.0,0.7,0.03,2,1784242110.9590394,True,False,True,True,1784242115.155177,False,1,0,0,False
1783947642.4476278,20,1784242120.9388788,37.507820248722055,0.6543129625391012,-500,True,37.5,36.5,38.6,0.95,0.05,0.0,0.7,0.03,2,1784242130.9649053,True,False,True,True,1784242115.155177,False,1,0,0,False
1783947642.4476278,20,1784242140.9447806,37.49179827573053,0.6541412985427634,-500,True,37.5,36.5,38.6,0.95,0.05,0.0,0.7,0.03,2,1784242150.9709842,True,False,True,False,1784242115.155177,False,True,1,0,False
1783947642.4476278,20,1784242160.9507728,37.44373235675593,0.6539124132143129,-500,True,37.5,36.5,38.6,0.95,0.05,0.0,0.7,0.03,2,1784242170.9769561,True,False,True,False,1784242115.155177,False,True,1,0,False
1783947642.4476278,20,1784242180.9565709,37.45441367208362,0.6537407492179752,-500,True,37.5,36.5,38.6,0.95,0.05,0.0,0.7,0.03,2,1784242190.9826381,True,False,True,False,1784242115.155177,False,True,1,0,False
1783947642.4476278,20,1784242200.962453,37.47310597390707,0.6542175936522469,-500,True,37.5,36.5,38.6,0.95,0.05,0.0,0.7,0.03,2,1784242210.9884522,True,False,True,False,1784242115.155177,False,True,1,0,False
1783947642.4476278,20,1784242220.9682806,37.47577630273899,0.6540077821011673,-500,True,37.5,36.5,38.6,0.95,0.05,0.0,0.7,0.03,2,1784242230.9944086,True,False,True,False,1784242115.155177,False,True,1,0,False
1783947642.4476278,20,1784242240.974188,37.481116960402844,0.6541222247653926,-500,True,37.5,36.5,38.6,0.95,0.05,0.0,0.7,0.03,2,1784242251.0001771,True,False,True,False,1784242115.155177,False,True,1,0,False
1783947642.4476278,20,1784242260.9799514,37.49713893339437,0.6542366674296177,-500,True,37.5,36.5,38.6,0.95,0.05,0.0,0.7,0.03,2,1784242271.0062377,True,False,True,False,1784242115.155177,False,True,1,0,False
1783947642.4476278,20,1784242280.9858909,37.52384222171359,0.6542366674296177,-500,True,37.5,36.5,38.6,0.95,0.05,0.0,0.7,0.03,2,1784242291.0118582,True,False,True,True,1784242295.155199,False,1,0,0,False
1783947642.4476278,20,1784242300.9917157,37.52117189288167,0.6539887083237964,-500,True,37.5,36.5,38.6,0.95,0.05,0.0,0.7,0.03,2,1784242311.0177495,True,False,True,True,1784242295.155199,False,1,0,0,False
1783947642.4476278,20,1784242320.9975667,37.48645761806668,0.6541603723201342,-500,True,37.5,36.5,38.6,0.95,0.05,0.0,0.7,0.03,2,1784242331.0236688,True,False,True,False,1784242295.155199,False,True,1,0,False
1783947642.4476278,20,1784242341.0034971,37.465094987411305,0.6540077821011673,-500,True,37.5,36.5,38.6,0.95,0.05,0.0,0.7,0.03,2,1784242351.0295377,True,False,True,False,1784242295.155199,False,True,1,0,False
1783947642.4476278,20,1784242361.0093925,37.45441367208362,0.6538170443274587,-500,True,37.5,36.5,38.6,0.95,0.05,0.0,0.7,0.03,2,1784242371.0356634,True,False,True,False,1784242295.155199,False,True,1,0,False
1783947642.4476278,20,1784242381.0155663,37.465094987411305,0.6540459296559091,-500,True,37.5,36.5,38.6,0.95,0.05,0.0,0.7,0.03,2,1784242391.041661,True,False,True,False,1784242295.155199,False,True,1,0,False
1783947642.4476278,20,1784242401.0215263,37.46776531624323,0.6541222247653926,-500,True,37.5,36.5,38.6,0.95,0.05,0.0,0.7,0.03,2,1784242411.0475886,True,False,True,False,1784242295.155199,False,True,1,0,False
1783947642.4476278,20,1784242421.0275662,37.49179827573053,0.6539696345464256,-500,True,37.5,36.5,38.6,0.95,0.05,0.0,0.7,0.03,2,1784242431.0536776,True,False,True,False,1784242295.155199,False,True,1,0,False
1783947642.4476278,20,1784242441.0335515,37.513160906385906,0.6538551918822003,-500,True,37.5,36.5,38.6,0.95,0.05,0.0,0.7,0.03,2,1784242451.0597773,True,False,True,False,1784242295.155199,False,1,0,0,False
1783947642.4476278,20,1784242461.0395854,37.52384222171359,0.6543129625391012,-500,True,37.5,36.5,38.6,0.95,0.05,0.0,0.7,0.03,2,1784242471.065777,True,False,True,True,1784242475.1552017,False,1,0,0,False
1783947642.4476278,20,1784242481.0455081,37.481116960402844,0.6539124132143129,-500,True,37.5,36.5,38.6,0.95,0.05,0.0,0.7,0.03,2,1784242491.0717525,True,False,True,True,1784242475.1552017,False,True,1,0,False
1783947642.4476278,20,1784242501.0515819,37.49446860456244,0.6543129625391012,-500,True,37.5,36.5,38.6,0.95,0.05,0.0,0.7,0.03,2,1784242511.0777602,True,False,True,False,1784242475.1552017,False,True,1,0,False
1783947642.4476278,20,1784242521.0574937,37.49713893339437,0.6539887083237964,-500,True,37.5,36.5,38.6,0.95,0.05,0.0,0.7,0.03,2,1784242531.0835633,True,False,True,False,1784242475.1552017,False,True,1,0,False
1783947642.4476278,20,1784242541.0633109,37.47577630273899,0.6538933394369422,-500,True,37.5,36.5,38.6,0.95,0.05,0.0,0.7,0.03,2,1784242551.0893726,True,False,True,False,1784242475.1552017,False,True,1,0,False
1783947642.4476278,20,1784242561.0690827,37.49713893339437,0.6541222247653926,-500,True,37.5,36.5,38.6,0.95,0.05,0.0,0.7,0.03,2,1784242571.095149,True,False,True,False,1784242475.1552017,False,True,1,0,False
1783947642.4476278,20,1784242581.074925,37.48645761806668,0.6540077821011673,-500,True,37.5,36.5,38.6,0.95,0.05,0.0,0.7,0.03,2,1784242591.101048,True,False,True,False,1784242475.1552017,False,True,1,0,False
1783947642.4476278,20,1784242601.0807912,37.51049057755398,0.6541222247653926,-500,True,37.5,36.5,38.6,0.95,0.05,0.0,0.7,0.03,2,1784242611.1068728,True,False,True,False,1784242475.1552017,False,1,0,0,False
1783947642.4476278,20,1784242621.086685,37.507820248722055,0.6538933394369422,-500,True,37.5,36.5,38.6,0.95,0.05,0.0,0.7,0.03,2,1784242631.1127355,True,False,True,False,1784242475.1552017,False,1,0,0,False
1783947642.4476278,20,1784242641.0925536,37.481116960402844,0.6537979705500878,-500,True,37.5,36.5,38.6,0.95,0.05,0.0,0.7,0.03,2,1784242651.1188812,True,False,True,True,1784242655.155205,False,True,1,0,False
1783947642.4476278,20,1784242661.0984724,37.470435645075156,0.6537788967727168,-500,True,37.5,36.5,38.6,0.95,0.05,0.0,0.7,0.03,2,1784242671.1245174,True,False,True,True,1784242655.155205,False,True,1,0,False
1783947642.4476278,20,1784242681.1042733,37.45975432974747,0.6539124132143129,-500,True,37.5,36.5,38.6,0.95,0.05,0.0,0.7,0.03,2,1784242691.1303394,True,False,True,False,1784242655.155205,False,True,1,0,False
1783947642.4476278,20,1784242701.1101098,37.46242465857938,0.6537979705500878,-500,True,37.5,36.5,38.6,0.95,0.05,0.0,0.7,0.03,2,1784242711.1361816,True,False,True,False,1784242655.155205,False,True,1,0,False
1783947642.4476278,20,1784242721.1159775,37.481116960402844,0.653607232776379,-500,True,37.5,36.5,38.6,0.95,0.05,0.0,0.7,0.03,2,1784242731.1420617,True,False,True,False,1784242655.155205,False,True,1,0,False
1783947642.4476278,20,1784242741.1218452,37.47577630273899,0.6539887083237964,-500,True,37.5,36.5,38.6,0.95,0.05,0.0,0.7,0.03,2,1784242751.151636,True,False,True,False,1784242655.155205,False,True,1,0,False
1783947642.4476278,20,1784242761.1312373,37.49713893339437,0.653759822995346,-500,True,37.5,36.5,38.6,0.95,0.05,0.0,0.7,0.03,2,1784242771.157291,True,False,True,False,1784242655.155205,False,True,1,0,False
1783947642.4476278,20,1784242781.137097,37.49713893339437,0.6542175936522469,-500,True,37.5,36.5,38.6,0.95,0.05,0.0,0.7,0.03,2,1784242791.1632197,True,False,True,False,1784242655.155205,False,True,1,0,False
1783947642.4476278,20,1784242801.1430016,37.483787289234755,0.6538933394369422,-500,True,37.5,36.5,38.6,0.95,0.05,0.0,0.7,0.03,2,1784242811.1689785,False,True,True,False,1784242655.155205,False,True,1,0,False
1783947642.4476278,20,1784242821.1487567,37.48645761806668,0.6538551918822003,-500,True,37.5,36.5,38.6,0.95,0.05,0.0,0.7,0.03,2,1784242831.174779,False,True,True,True,1784242835.155241,False,True,1,0,False
1783947642.4476278,20,1784242841.1545773,37.45975432974747,0.6540840772106508,-500,True,37.5,36.5,38.6,0.95,0.05,0.0,0.7,0.03,2,1784242851.1809325,False,True,True,True,1784242835.155241,False,True,1,0,False
1783947642.4476278,20,1784242861.1607819,37.44373235675593,0.6537788967727168,-500,True,37.5,36.5,38.6,0.95,0.05,0.0,0.7,0.03,2,1784242871.186869,False,True,True,False,1784242835.155241,False,True,1,0,False
1783947642.4476278,20,1784242881.1666756,37.470435645075156,0.6536644541084917,-500,True,37.5,36.5,38.6,0.95,0.05,0.0,0.7,0.03,2,1784242891.1926782,False,True,True,False,1784242835.155241,False,True,1,0,False
1783947642.4476278,20,1784242901.1724672,37.46776531624323,0.6538361181048294,-500,True,37.5,36.5,38.6,0.95,0.05,0.0,0.7,0.03,2,1784242911.1985238,False,True,True,False,1784242835.155241,False,True,1,0,False
1783947642.4476278,20,1784242921.1783352,37.49179827573053,0.6538933394369422,-500,True,37.5,36.5,38.6,0.95,0.05,0.0,0.7,0.03,2,1784242931.204365,False,True,True,False,1784242835.155241,False,True,1,0,False
1783947642.4476278,20,1784242941.1841874,37.51850156404974,0.6540268558785383,-500,True,37.5,36.5,38.6,0.95,0.05,0.0,0.7,0.03,2,1784242951.2102726,False,True,True,False,1784242835.155241,False,1,0,0,False
1783947642.4476278,20,1784242961.190067,37.51850156404974,0.6536453803311209,-500,True,37.5,36.5,38.6,0.95,0.05,0.0,0.7,0.03,2,1784242971.2160401,False,True,True,False,1784242835.155241,False,1,0,0,False
1783947642.4476278,20,1784242981.195872,37.49179827573053,0.6541985198748761,-500,True,37.5,36.5,38.6,0.95,0.05,0.0,0.7,0.03,2,1784242991.2219625,False,True,True,False,1784242835.155241,False,True,1,0,False
1783947642.4476278,20,1784243001.2017145,37.49980926222629,0.6539124132143129,-500,True,37.5,36.5,38.6,0.95,0.05,0.0,0.7,0.03,2,1784243011.2277658,False,True,True,True,1784243015.1552436,False,True,1,0,False
1783947642.4476278,20,1784243021.2075813,37.44907301441978,0.6539887083237964,-500,True,37.5,36.5,38.6,0.95,0.05,0.0,0.7,0.03,2,1784243031.2336137,False,True,True,True,1784243015.1552436,False,True,1,0,False
1783947642.4476278,20,1784243041.2134125,37.41168841077287,0.6536453803311209,-500,True,37.5,36.5,38.6,0.95,0.05,0.0,0.7,0.03,2,1784243051.2394238,False,True,True,False,1784243015.1552436,False,True,1,0,False
1783947642.4476278,20,1784243061.2192268,37.45975432974747,0.653759822995346,-500,True,37.5,36.5,38.6,0.95,0.05,0.0,0.7,0.03,2,1784243071.245468,False,True,True,False,1784243015.1552436,False,True,1,0,False
1783947642.4476278,20,1784243081.2251546,37.481116960402844,0.653759822995346,-500,True,37.5,36.5,38.6,0.95,0.05,0.0,0.7,0.03,2,1784243091.2512834,False,True,True,False,1784243015.1552436,False,True,1,0,False
1783947642.4476278,20,1784243101.2309458,37.47310597390707,0.6537979705500878,-500,True,37.5,36.5,38.6,0.95,0.05,0.0,0.7,0.03,2,1784243111.2571158,False,True,True,False,1784243015.1552436,False,True,1,0,False
1783947642.4476278,20,1784243121.2367804,37.49713893339437,0.6536644541084917,-500,True,37.5,36.5,38.6,0.95,0.05,0.0,0.7,0.03,2,1784243131.2630937,False,True,True,False,1784243015.1552436,False,True,1,0,False
1783947642.4476278,20,1784243141.2427175,37.50247959105822,0.6538361181048294,-500,True,37.5,36.5,38.6,0.95,0.05,0.0,0.7,0.03,2,1784243151.2688112,False,True,True,False,1784243015.1552436,False,1,0,0,False
1783947642.4476278,20,1784243161.2485762,37.507820248722055,0.6537216754406043,-500,True,37.5,36.5,38.6,0.95,0.05,0.0,0.7,0.03,2,1784243171.2745507,False,True,True,False,1784243015.1552436,False,1,0,0,False
1783947642.4476278,20,1784243181.254398,37.50247959105822,0.6543511100938431,-500,True,37.5,36.5,38.6,0.95,0.05,0.0,0.7,0.03,2,1784243191.2803466,False,True,True,True,1784243195.1552582,False,1,0,0,False
1783947642.4476278,20,1784243201.260199,37.489127946898606,0.6538170443274587,-500,True,37.5,36.5,38.6,0.95,0.05,0.0,0.7,0.03,2,1784243211.2862508,False,True,True,True,1784243195.1552582,False,True,1,0,False
1783947642.4476278,20,1784243221.2660224,37.44373235675593,0.6537788967727168,-500,True,37.5,36.5,38.6,0.95,0.05,0.0,0.7,0.03,2,1784243231.2921464,False,True,True,False,1784243195.1552582,False,True,1,0,False
1783947642.4476278,20,1784243241.2717845,37.44373235675593,0.6536644541084917,-500,True,37.5,36.5,38.6,0.95,0.05,0.0,0.7,0.03,2,1784243251.2978387,False,True,True,False,1784243195.1552582,False,True,1,0,False
1783947642.4476278,20,1784243261.2775726,37.470435645075156,0.6537788967727168,-500,True,37.5,36.5,38.6,0.95,0.05,0.0,0.7,0.03,2,1784243271.3035896,False,True,True,False,1784243195.1552582,False,True,1,0,False
1783947642.4476278,20,1784243281.2834282,37.470435645075156,0.6538742656595713,-500,True,37.5,36.5,38.6,0.95,0.05,0.0,0.7,0.03,2,1784243291.3095481,False,True,True,False,1784243195.1552582,False,True,1,0,False
1783947642.4476278,20,1784243301.2893314,37.47844663157092,0.6535500114442664,-500,True,37.5,36.5,38.6,0.95,0.05,0.0,0.7,0.03,2,1784243311.3153553,False,True,True,False,1784243195.1552582,False,True,1,0,False
1783947642.4476278,20,1784243321.295178,37.52384222171359,0.6540840772106508,-500,True,37.5,36.5,38.6,0.95,0.05,0.0,0.7,0.03,2,1784243331.321318,False,True,True,False,1784243195.1552582,False,1,0,0,False
1783947642.4476278,20,1784243341.3009899,37.49713893339437,0.6535881589990082,-500,True,37.5,36.5,38.6,0.95,0.05,0.0,0.7,0.03,2,1784243351.327086,False,True,True,False,1784243195.1552582,False,True,1,0,False
1783947642.4476278,20,1784243361.3069115,37.50247959105822,0.6538361181048294,-500,True,37.5,36.5,38.6,0.95,0.05,0.0,0.7,0.03,2,1784243371.3329282,False,True,True,True,1784243375.155265,False,1,0,0,False
1783947642.4476278,20,1784243381.3127375,37.48645761806668,0.6537979705500878,-500,True,37.5,36.5,38.6,0.95,0.05,0.0,0.7,0.03,2,1784243391.3387547,False,True,True,True,1784243375.155265,False,True,1,0,False
1783947642.4476278,20,1784243401.3185656,37.483787289234755,0.6537979705500878,-500,True,37.5,36.5,38.6,0.95,0.05,0.0,0.7,0.03,2,1784243411.3445432,False,True,True,False,1784243375.155265,False,True,1,0,False
1783947642.4476278,20,1784243421.324332,37.44907301441978,0.6538170443274587,-500,True,37.5,36.5,38.6,0.95,0.05,0.0,0.7,0.03,2,1784243431.3503768,False,True,True,False,1784243375.155265,False,True,1,0,False
1783947642.4476278,20,1784243441.3301644,37.49179827573053,0.6540077821011673,-500,True,37.5,36.5,38.6,0.95,0.05,0.0,0.7,0.03,2,1784243451.3561277,False,True,True,False,1784243375.155265,False,True,1,0,False
1783947642.4476278,20,1784243461.335931,37.49713893339437,0.653759822995346,-500,True,37.5,36.5,38.6,0.95,0.05,0.0,0.7,0.03,2,1784243471.3619795,False,True,True,False,1784243375.155265,False,True,1,0,False
1783947642.4476278,20,1784243481.3417287,37.51850156404974,0.6540268558785383,-500,True,37.5,36.5,38.6,0.95,0.05,0.0,0.7,0.03,2,1784243491.367751,False,True,True,False,1784243375.155265,False,1,0,0,False
1783947642.4476278,20,1784243501.3476055,37.531853208209355,0.6536453803311209,-500,True,37.5,36.5,38.6,0.95,0.05,0.0,0.7,0.03,2,1784243511.3736658,False,True,True,False,1784243375.155265,False,1,0,0,False
1783947642.4476278,20,1784243521.3534777,37.507820248722055,0.6541412985427634,-500,True,37.5,36.5,38.6,0.95,0.05,0.0,0.7,0.03,2,1784243531.37945,False,True,True,False,1784243375.155265,False,1,0,0,False
1783947642.4476278,20,1784243541.3592758,37.481116960402844,0.6537979705500878,-500,True,37.5,36.5,38.6,0.95,0.05,0.0,0.7,0.03,2,1784243551.385292,False,True,True,True,1784243555.1552825,False,True,1,0,False
1783947642.4476278,20,1784243561.3651574,37.481116960402844,0.6536835278858625,-500,True,37.5,36.5,38.6,0.95,0.05,0.0,0.7,0.03,2,1784243571.3911803,False,True,True,True,1784243555.1552825,False,True,1,0,False
1783947642.4476278,20,1784243581.3709605,37.44373235675593,0.6533783474479286,-500,True,37.5,36.5,38.6,0.95,0.05,0.0,0.7,0.03,2,1784243591.396963,False,True,True,False,1784243555.1552825,False,True,1,0,False
1783947642.4476278,20,1784243601.3767216,37.47310597390707,0.6537407492179752,-500,True,37.5,36.5,38.6,0.95,0.05,0.0,0.7,0.03,2,1784243611.4029202,False,True,True,False,1784243555.1552825,False,True,1,0,False
1783947642.4476278,20,1784243621.3825567,37.470435645075156,0.6537788967727168,-500,True,37.5,36.5,38.6,0.95,0.05,0.0,0.7,0.03,2,1784243631.4086971,False,True,True,False,1784243555.1552825,False,True,1,0,False
1783947642.4476278,20,1784243641.3884938,37.48645761806668,0.6535881589990082,-500,True,37.5,36.5,38.6,0.95,0.05,0.0,0.7,0.03,2,1784243651.4144988,False,True,True,False,1784243555.1552825,False,True,1,0,False
1783947642.4476278,20,1784243661.394312,37.507820248722055,0.6536835278858625,-500,True,37.5,36.5,38.6,0.95,0.05,0.0,0.7,0.03,2,1784243671.4202726,False,True,True,False,1784243555.1552825,False,1,0,0,False
1783947642.4476278,20,1784243681.4000704,37.50247959105822,0.6539124132143129,-500,True,37.5,36.5,38.6,0.95,0.05,0.0,0.7,0.03,2,1784243691.4261034,False,True,True,False,1784243555.1552825,False,1,0,0,False
1783947642.4476278,20,1784243701.4059687,37.50514991989013,0.653759822995346,-500,True,37.5,36.5,38.6,0.95,0.05,0.0,0.7,0.03,2,1784243711.4321575,False,True,True,False,1784243555.1552825,False,1,0,0,False
1783947642.4476278,20,1784243721.411838,37.51850156404974,0.6536263065537499,-500,True,37.5,36.5,38.6,0.95,0.05,0.0,0.7,0.03,2,1784243731.4378748,False,True,True,True,1784243735.1553013,False,1,0,0,False
1783947642.4476278,20,1784243741.4176452,37.44907301441978,0.6537407492179752,-500,True,37.5,36.5,38.6,0.95,0.05,0.0,0.7,0.03,2,1784243751.4436965,False,True,True,True,1784243735.1553013,False,True,1,0,False
1783947642.4476278,20,1784243761.4235244,37.43305104142824,0.6535309376668955,-500,True,37.5,36.5,38.6,0.95,0.05,0.0,0.7,0.03,2,1784243771.449566,False,True,True,False,1784243735.1553013,False,True,1,0,False
1783947642.4476278,20,1784243781.4294012,37.43305104142824,0.6536453803311209,-500,True,37.5,36.5,38.6,0.95,0.05,0.0,0.7,0.03,2,1784243791.4554172,False,True,True,False,1784243735.1553013,False,True,1,0,False
1783947642.4476278,20,1784243801.4352236,37.46776531624323,0.6535500114442664,-500,True,37.5,36.5,38.6,0.95,0.05,0.0,0.7,0.03,2,1784243811.4614165,False,True,True,False,1784243735.1553013,False,True,1,0,False
1783947642.4476278,20,1784243821.4410212,37.470435645075156,0.6538170443274587,-500,True,37.5,36.5,38.6,0.95,0.05,0.0,0.7,0.03,2,1784243831.467042,False,True,True,False,1784243735.1553013,False,True,1,0,False
1783947642.4476278,20,1784243841.446881,37.49713893339437,0.6537216754406043,-500,True,37.5,36.5,38.6,0.95,0.05,0.0,0.7,0.03,2,1784243851.4729896,False,True,True,False,1784243735.1553013,False,True,1,0,False
1783947642.4476278,20,1784243861.4527202,37.49713893339437,0.6536453803311209,-500,True,37.5,36.5,38.6,0.95,0.05,0.0,0.7,0.03,2,1784243871.478712,False,True,True,False,1784243735.1553013,False,True,1,0,False
1783947642.4476278,20,1784243881.4585505,37.507820248722055,0.6534927901121539,-500,True,37.5,36.5,38.6,0.95,0.05,0.0,0.7,0.03,2,1784243891.4844973,False,True,True,False,1784243735.1553013,False,1,0,0,False
1783947642.4476278,20,1784243901.4642925,37.51049057755398,0.6534355687800413,-500,True,37.5,36.5,38.6,0.95,0.05,0.0,0.7,0.03,2,1784243911.4903915,False,True,True,True,1784243915.1553307,False,1,0,0,False
1783947642.4476278,20,1784243921.4702222,37.481116960402844,0.653759822995346,-500,True,37.5,36.5,38.6,0.95,0.05,0.0,0.7,0.03,2,1784243931.4962292,False,True,True,True,1784243915.1553307,False,True,1,0,False
1783947642.4476278,20,1784243941.4759977,37.49179827573053,0.6535500114442664,-500,True,37.5,36.5,38.6,0.95,0.05,0.0,0.7,0.03,2,1784243951.5020728,False,True,True,False,1784243915.1553307,False,True,1,0,False
1783947642.4476278,20,1784243961.4818494,37.470435645075156,0.6537026016632334,-500,True,37.5,36.5,38.6,0.95,0.05,0.0,0.7,0.03,2,1784243971.507921,False,True,True,False,1784243915.1553307,False,True,1,0,False
1783947642.4476278,20,1784243981.4877393,37.470435645075156,0.6535500114442664,-500,True,37.5,36.5,38.6,0.95,0.05,0.0,0.7,0.03,2,1784243991.5137587,False,True,True,False,1784243915.1553307,False,True,1,0,False
1783947642.4476278,20,1784244001.493585,37.50514991989013,0.6536835278858625,-500,True,37.5,36.5,38.6,0.95,0.05,0.0,0.7,0.03,2,1784244011.5196018,False,True,True,False,1784243915.1553307,False,1,0,0,False
1783947642.4476278,20,1784244021.4994318,37.50247959105822,0.6535309376668955,-500,True,37.5,36.5,38.6,0.95,0.05,0.0,0.7,0.03,2,1784244031.5254583,False,True,True,False,1784243915.1553307,False,1,0,0,False
1783947642.4476278,20,1784244041.5052383,37.507820248722055,0.6537216754406043,-500,True,37.5,36.5,38.6,0.95,0.05,0.0,0.7,0.03,2,1784244051.5312574,False,True,True,False,1784243915.1553307,False,1,0,0,False
1783947642.4476278,20,1784244061.5110867,37.47577630273899,0.653168535896849,-500,True,37.5,36.5,38.6,0.95,0.05,0.0,0.7,0.03,2,1784244071.5371363,False,True,True,False,1784243915.1553307,False,True,1,0,False
1783947642.4476278,20,1784244081.5169091,37.49713893339437,0.6536644541084917,-500,True,37.5,36.5,38.6,0.95,0.05,0.0,0.7,0.03,2,1784244091.5430713,False,True,True,True,1784244095.1553583,False,True,1,0,False
1783947642.4476278,20,1784244101.5227385,37.45708400091554,0.6533592736705578,-500,True,37.5,36.5,38.6,0.95,0.05,0.0,0.7,0.03,2,1784244111.5487525,False,True,True,True,1784244095.1553583,False,True,1,0,False
1783947642.4476278,20,1784244121.5285106,37.438391699092094,0.6535690852216374,-500,True,37.5,36.5,38.6,0.95,0.05,0.0,0.7,0.03,2,1784244131.5545363,False,True,True,False,1784244095.1553583,False,True,1,0,False
1783947642.4476278,20,1784244141.5343857,37.481116960402844,0.6534355687800413,-500,True,37.5,36.5,38.6,0.95,0.05,0.0,0.7,0.03,2,1784244151.5604134,False,True,True,False,1784244095.1553583,False,True,1,0,False
1783947642.4476278,20,1784244161.540203,37.49713893339437,0.6535118638895248,-500,True,37.5,36.5,38.6,0.95,0.05,0.0,0.7,0.03,2,1784244171.5662344,False,True,True,False,1784244095.1553583,False,True,1,0,False
1783947642.4476278,20,1784244181.54603,37.507820248722055,0.6532257572289616,-500,True,37.5,36.5,38.6,0.95,0.05,0.0,0.7,0.03,2,1784244191.5721443,False,True,True,False,1784244095.1553583,False,1,0,0,False
1783947642.4476278,20,1784244201.5518649,37.53719386587319,0.6533401998931869,-500,True,37.5,36.5,38.6,0.95,0.05,0.0,0.7,0.03,2,1784244211.5779548,False,True,True,False,1784244095.1553583,False,1,0,0,False
1783947642.4476278,20,1784244221.557776,37.51850156404974,0.6535500114442664,-500,True,37.5,36.5,38.6,0.95,0.05,0.0,0.7,0.03,2,1784244231.5838408,False,True,True,False,1784244095.1553583,False,1,0,0,False
1783947642.4476278,20,1784244241.5636473,37.48645761806668,0.6535881589990082,-500,True,37.5,36.5,38.6,0.95,0.05,0.0,0.7,0.03,2,1784244251.5896728,False,True,True,False,1784244095.1553583,False,True,1,0,False
1783947642.4476278,20,1784244261.569446,37.48645761806668,0.6533974212252994,-500,True,37.5,36.5,38.6,0.95,0.05,0.0,0.7,0.03,2,1784244271.5954857,False,True,True,True,1784244275.1553812,False,True,1,0,False
1783947642.4476278,20,1784244281.5753613,37.48645761806668,0.6534927901121539,-500,True,37.5,36.5,38.6,0.95,0.05,0.0,0.7,0.03,2,1784244291.601636,False,True,True,True,1784244275.1553812,False,True,1,0,False
1783947642.4476278,20,1784244301.5812306,37.46242465857938,0.653454642557412,-500,True,37.5,36.5,38.6,0.95,0.05,0.0,0.7,0.03,2,1784244311.6073675,False,True,True,False,1784244275.1553812,False,True,1,0,False
1783947642.4476278,20,1784244321.5872009,37.470435645075156,0.6533592736705578,-500,True,37.5,36.5,38.6,0.95,0.05,0.0,0.7,0.03,2,1784244331.6132724,False,True,True,False,1784244275.1553812,False,True,1,0,False
1783947642.4476278,20,1784244341.5930264,37.47577630273899,0.653168535896849,-500,True,37.5,36.5,38.6,0.95,0.05,0.0,0.7,0.03,2,1784244351.6191335,False,True,True,False,1784244275.1553812,False,True,1,0,False
1783947642.4476278,20,1784244361.5989013,37.52384222171359,0.6535500114442664,-500,True,37.5,36.5,38.6,0.95,0.05,0.0,0.7,0.03,2,1784244371.6249173,False,True,True,False,1784244275.1553812,False,1,0,0,False
1783947642.4476278,20,1784244381.6047266,37.51850156404974,0.6534355687800413,-500,True,37.5,36.5,38.6,0.95,0.05,0.0,0.7,0.03,2,1784244391.6307082,False,True,True,False,1784244275.1553812,False,1,0,0,False
1783947642.4476278,20,1784244401.6105645,37.526512550545505,0.653759822995346,-500,True,37.5,36.5,38.6,0.95,0.05,0.0,0.7,0.03,2,1784244411.6365285,False,True,True,False,1784244275.1553812,False,1,0,0,False
1783947642.4476278,20,1784244421.6163979,37.49713893339437,0.6534164950026704,-500,True,37.5,36.5,38.6,0.95,0.05,0.0,0.7,0.03,2,1784244431.642474,False,True,True,False,1784244275.1553812,False,True,1,0,False
1783947642.4476278,20,1784244441.6222637,37.470435645075156,0.6533974212252994,-500,True,37.5,36.5,38.6,0.95,0.05,0.0,0.7,0.03,2,1784244451.6482172,False,True,True,True,1784244455.1554108,False,True,1,0,False
1783947642.4476278,20,1784244461.6280432,37.465094987411305,0.6533020523384451,-500,True,37.5,36.5,38.6,0.95,0.05,0.0,0.7,0.03,2,1784244471.6540608,False,True,True,True,1784244455.1554108,False,True,1,0,False
1783947642.4476278,20,1784244481.6338644,37.45975432974747,0.6532448310063325,-500,True,37.5,36.5,38.6,0.95,0.05,0.0,0.7,0.03,2,1784244491.6598487,False,True,True,False,1784244455.1554108,False,True,1,0,False
1783947642.4476278,20,1784244501.6396713,37.46776531624323,0.653759822995346,-500,True,37.5,36.5,38.6,0.95,0.05,0.0,0.7,0.03,2,1784244511.6657498,False,True,True,False,1784244455.1554108,False,True,1,0,False
1783947642.4476278,20,1784244521.6455345,37.465094987411305,0.6536644541084917,-500,True,37.5,36.5,38.6,0.95,0.05,0.0,0.7,0.03,2,1784244531.671558,False,True,True,False,1784244455.1554108,False,True,1,0,False
1783947642.4476278,20,1784244541.6513784,37.48645761806668,0.6533974212252994,-500,True,37.5,36.5,38.6,0.95,0.05,0.0,0.7,0.03,2,1784244551.6774356,False,True,True,False,1784244455.1554108,False,True,1,0,False
1783947642.4476278,20,1784244561.6572316,37.52384222171359,0.6533974212252994,-500,True,37.5,36.5,38.6,0.95,0.05,0.0,0.7,0.03,2,1784244571.6834338,False,True,True,False,1784244455.1554108,False,1,0,0,False
1783947642.4476278,20,1784244581.6631138,37.52384222171359,0.6535500114442664,-500,True,37.5,36.5,38.6,0.95,0.05,0.0,0.7,0.03,2,1784244591.6891925,False,True,True,False,1784244455.1554108,False,1,0,0,False
1783947642.4476278,20,1784244601.669019,37.50514991989013,0.6534927901121539,-500,True,37.5,36.5,38.6,0.95,0.05,0.0,0.7,0.03,2,1784244611.695096,False,True,True,False,1784244455.1554108,False,1,0,0,False
1783947642.4476278,20,1784244621.6749103,37.470435645075156,0.6534355687800413,-500,True,37.5,36.5,38.6,0.95,0.05,0.0,0.7,0.03,2,1784244631.7009134,False,True,True,True,1784244635.1554267,False,True,1,0,False
1783947642.4476278,20,1784244641.6806684,37.438391699092094,0.6533783474479286,-500,True,37.5,36.5,38.6,0.95,0.05,0.0,0.7,0.03,2,1784244651.7067287,False,True,True,True,1784244635.1554267,False,True,1,0,False
1783947642.4476278,20,1784244661.6865525,37.395666437781344,0.6530922407873655,-500,True,37.5,36.5,38.6,0.95,0.05,0.0,0.7,0.03,2,1784244671.7126918,False,True,True,False,1784244635.1554267,False,True,1,0,False
1783947642.4476278,20,1784244681.6923063,37.43305104142824,0.65318760967422,-500,True,37.5,36.5,38.6,0.95,0.05,0.0,0.7,0.03,2,1784244691.7184584,False,True,True,False,1784244635.1554267,False,True,1,0,False
1783947642.4476278,20,1784244701.6982553,37.46242465857938,0.653168535896849,-500,True,37.5,36.5,38.6,0.95,0.05,0.0,0.7,0.03,2,1784244711.7243161,False,True,True,False,1784244635.1554267,False,True,1,0,False
1783947642.4476278,20,1784244721.7040968,37.470435645075156,0.6533974212252994,-500,True,37.5,36.5,38.6,0.95,0.05,0.0,0.7,0.03,2,1784244731.730173,False,True,True,False,1784244635.1554267,False,True,1,0,False
1783947642.4476278,20,1784244741.710031,37.48645761806668,0.6534355687800413,-500,True,37.5,36.5,38.6,0.95,0.05,0.0,0.7,0.03,2,1784244751.7361007,False,True,True,False,1784244635.1554267,False,True,1,0,False
1783947642.4476278,20,1784244761.7158308,37.49179827573053,0.65318760967422,-500,True,37.5,36.5,38.6,0.95,0.05,0.0,0.7,0.03,2,1784244771.7421703,False,True,True,False,1784244635.1554267,False,True,1,0,False
1783947642.4476278,20,1784244781.7216077,37.53986419470512,0.6534355687800413,-500,True,37.5,36.5,38.6,0.95,0.05,0.0,0.7,0.03,2,1784244791.7477655,False,True,True,False,1784244635.1554267,False,1,0,0,False
1783947642.4476278,20,1784244801.7274659,37.526512550545505,0.6532066834515908,-500,True,37.5,36.5,38.6,0.95,0.05,0.0,0.7,0.03,2,1784244811.7535963,False,True,True,True,1784244815.155437,False,1,0,0,False
1783947642.4476278,20,1784244821.7333353,37.49713893339437,0.6533974212252994,-500,True,37.5,36.5,38.6,0.95,0.05,0.0,0.7,0.03,2,1784244831.7598722,False,True,True,True,1784244815.155437,False,True,1,0,False
1783947642.4476278,20,1784244841.739647,37.44907301441978,0.6533974212252994,-500,True,37.5,36.5,38.6,0.95,0.05,0.0,0.7,0.03,2,1784244851.7657864,False,True,True,False,1784244815.155437,False,True,1,0,False
1783947642.4476278,20,1784244861.7455294,37.45975432974747,0.6531494621194781,-500,True,37.5,36.5,38.6,0.95,0.05,0.0,0.7,0.03,2,1784244871.7715738,False,True,True,False,1784244815.155437,False,True,1,0,False
1783947642.4476278,20,1784244881.75136,37.43305104142824,0.6533592736705578,-500,True,37.5,36.5,38.6,0.95,0.05,0.0,0.7,0.03,2,1784244891.7774038,False,True,True,False,1784244815.155437,False,True,1,0,False
1783947642.4476278,20,1784244901.7571945,37.47844663157092,0.6532066834515908,-500,True,37.5,36.5,38.6,0.95,0.05,0.0,0.7,0.03,2,1784244911.7833502,False,True,True,False,1784244815.155437,False,True,1,0,False
1783947642.4476278,20,1784244921.7631376,37.49713893339437,0.6533974212252994,-500,True,37.5,36.5,38.6,0.95,0.05,0.0,0.7,0.03,2,1784244931.7891502,False,True,True,False,1784244815.155437,False,True,1,0,False
1783947642.4476278,20,1784244941.7689192,37.49713893339437,0.6532448310063325,-500,True,37.5,36.5,38.6,0.95,0.05,0.0,0.7,0.03,2,1784244951.7949746,False,True,True,False,1784244815.155437,False,True,1,0,False
1783947642.4476278,20,1784244961.774761,37.49713893339437,0.6533592736705578,-500,True,37.5,36.5,38.6,0.95,0.05,0.0,0.7,0.03,2,1784244971.8007724,False,True,True,False,1784244815.155437,False,True,1,0,False
1783947642.4476278,20,1784244981.7805133,37.50247959105822,0.653454642557412,-500,True,37.5,36.5,38.6,0.95,0.05,0.0,0.7,0.03,2,1784244991.806579,False,True,True,True,1784244995.155448,False,1,0,0,False
1783947642.4476278,20,1784245001.786423,37.49446860456244,0.6533211261158159,-500,True,37.5,36.5,38.6,0.95,0.05,0.0,0.7,0.03,2,1784245011.812524,False,True,True,True,1784244995.155448,False,True,1,0,False
1783947642.4476278,20,1784245021.792222,37.43305104142824,0.653168535896849,-500,True,37.5,36.5,38.6,0.95,0.05,0.0,0.7,0.03,2,1784245031.818311,False,True,True,False,1784244995.155448,False,True,1,0,False
1783947642.4476278,20,1784245041.798135,37.470435645075156,0.6532829785610743,-500,True,37.5,36.5,38.6,0.95,0.05,0.0,0.7,0.03,2,1784245051.8242788,False,True,True,False,1784244995.155448,False,True,1,0,False
1783947642.4476278,20,1784245061.803945,37.481116960402844,0.6533783474479286,-500,True,37.5,36.5,38.6,0.95,0.05,0.0,0.7,0.03,2,1784245071.8300464,False,True,True,False,1784244995.155448,False,True,1,0,False
1783947642.4476278,20,1784245081.8098586,37.50247959105822,0.6532829785610743,-500,True,37.5,36.5,38.6,0.95,0.05,0.0,0.7,0.03,2,1784245091.8359015,False,True,True,False,1784244995.155448,False,1,0,0,False
1783947642.4476278,20,1784245101.8157096,37.49980926222629,0.6532448310063325,-500,True,37.5,36.5,38.6,0.95,0.05,0.0,0.7,0.03,2,1784245111.841745,False,True,True,False,1784244995.155448,False,True,1,0,False
1783947642.4476278,20,1784245121.8215082,37.47577630273899,0.6527489127946899,-500,True,37.5,36.5,38.6,0.95,0.05,0.0,0.7,0.03,2,1784245131.847625,False,True,True,False,1784244995.155448,False,True,1,0,False
1783947642.4476278,20,1784245141.8274481,37.49713893339437,0.6532829785610743,-500,True,37.5,36.5,38.6,0.95,0.05,0.0,0.7,0.03,2,1784245151.8536584,False,True,True,False,1784244995.155448,False,True,1,0,False
1783947642.4476278,20,1784245161.8332775,37.507820248722055,0.65318760967422,-500,True,37.5,36.5,38.6,0.95,0.05,0.0,0.7,0.03,2,1784245171.8592753,False,True,True,True,1784245175.1554751,False,1,0,0,False
1783947642.4476278,20,1784245181.8391078,37.507820248722055,0.65318760967422,-500,True,37.5,36.5,38.6,0.95,0.05,0.0,0.7,0.03,2,1784245191.865124,False,True,True,True,1784245175.1554751,False,1,0,0,False
1783947642.4476278,20,1784245201.8449206,37.46242465857938,0.6533974212252994,-500,True,37.5,36.5,38.6,0.95,0.05,0.0,0.7,0.03,2,1784245211.8709464,False,True,True,False,1784245175.1554751,False,True,1,0,False
1783947642.4476278,20,1784245221.8507795,37.470435645075156,0.6532257572289616,-500,True,37.5,36.5,38.6,0.95,0.05,0.0,0.7,0.03,2,1784245231.876774,False,True,True,False,1784245175.1554751,False,True,1,0,False
1783947642.4476278,20,1784245241.8566236,37.48645761806668,0.6533020523384451,-500,True,37.5,36.5,38.6,0.95,0.05,0.0,0.7,0.03,2,1784245251.8828177,False,True,True,False,1784245175.1554751,False,True,1,0,False
1783947642.4476278,20,1784245261.862469,37.49179827573053,0.6530922407873655,-500,True,37.5,36.5,38.6,0.95,0.05,0.0,0.7,0.03,2,1784245271.888479,False,True,True,False,1784245175.1554751,False,True,1,0,False
1783947642.4476278,20,1784245281.8682284,37.51850156404974,0.6532448310063325,-500,True,37.5,36.5,38.6,0.95,0.05,0.0,0.7,0.03,2,1784245291.8942533,False,True,True,False,1784245175.1554751,False,1,0,0,False
1783947642.4476278,20,1784245301.8740518,37.50514991989013,0.6530540932326239,-500,True,37.5,36.5,38.6,0.95,0.05,0.0,0.7,0.03,2,1784245311.900048,False,True,True,False,1784245175.1554751,False,1,0,0,False
1783947642.4476278,20,1784245321.8798666,37.470435645075156,0.653168535896849,-500,True,37.5,36.5,38.6,0.95,0.05,0.0,0.7,0.03,2,1784245331.905922,False,True,True,False,1784245175.1554751,False,True,1,0,False
1783947642.4476278,20,1784245341.8857665,37.470435645075156,0.6533020523384451,-500,True,37.5,36.5,38.6,0.95,0.05,0.0,0.7,0.03,2,1784245351.9117954,False,True,True,True,1784245355.1555085,False,True,1,0,False
1783947642.4476278,20,1784245361.8915946,37.470435645075156,0.6532639047837034,-500,True,37.5,36.5,38.6,0.95,0.05,0.0,0.7,0.03,2,1784245371.9176414,False,True,True,True,1784245355.1555085,False,True,1,0,False
1783947642.4476278,20,1784245381.897425,37.44373235675593,0.6533783474479286,-500,True,37.5,36.5,38.6,0.95,0.05,0.0,0.7,0.03,2,1784245391.9234993,False,True,True,False,1784245355.1555085,False,True,1,0,False
1783947642.4476278,20,1784245401.9033074,37.45708400091554,0.6533401998931869,-500,True,37.5,36.5,38.6,0.95,0.05,0.0,0.7,0.03,2,1784245411.9293423,False,True,True,False,1784245355.1555085,False,True,1,0,False
1783947642.4476278,20,1784245421.9091327,37.48645761806668,0.65318760967422,-500,True,37.5,36.5,38.6,0.95,0.05,0.0,0.7,0.03,2,1784245431.9356346,False,True,True,False,1784245355.1555085,False,True,1,0,False
1783947642.4476278,20,1784245441.9153686,37.51850156404974,0.6531113145647365,-500,True,37.5,36.5,38.6,0.95,0.05,0.0,0.7,0.03,2,1784245451.941493,False,True,True,False,1784245355.1555085,False,1,0,0,False
1783947642.4476278,20,1784245461.9211738,37.53452353704128,0.6531113145647365,-500,True,37.5,36.5,38.6,0.95,0.05,0.0,0.7,0.03,2,1784245471.9472086,False,True,True,False,1784245355.1555085,False,1,0,0,False
1783947642.4476278,20,1784245481.9270945,37.507820248722055,0.653035019455253,-500,True,37.5,36.5,38.6,0.95,0.05,0.0,0.7,0.03,2,1784245491.9531827,False,True,True,False,1784245355.1555085,False,1,0,0,False
1783947642.4476278,20,1784245501.9329743,37.489127946898606,0.6533401998931869,-500,True,37.5,36.5,38.6,0.95,0.05,0.0,0.7,0.03,2,1784245511.9589758,False,True,True,False,1784245355.1555085,False,True,1,0,False
1783947642.4476278,20,1784245521.9387774,37.465094987411305,0.653035019455253,-500,True,37.5,36.5,38.6,0.95,0.05,0.0,0.7,0.03,2,1784245531.9647512,False,True,True,True,1784245535.1555312,False,True,1,0,False
1783947642.4476278,20,1784245541.9445467,37.438391699092094,0.6530922407873655,-500,True,37.5,36.5,38.6,0.95,0.05,0.0,0.7,0.03,2,1784245551.9706993,False,True,True,True,1784245535.1555312,False,True,1,0,False
1783947642.4476278,20,1784245561.9505174,37.41702906843672,0.6530540932326239,-500,True,37.5,36.5,38.6,0.95,0.05,0.0,0.7,0.03,2,1784245571.9764845,False,True,True,False,1784245535.1555312,False,True,1,0,False
1783947642.4476278,20,1784245581.9562547,37.43305104142824,0.6529587243457695,-500,True,37.5,36.5,38.6,0.95,0.05,0.0,0.7,0.03,2,1784245591.9822845,False,True,True,False,1784245535.1555312,False,True,1,0,False
1783947642.4476278,20,1784245601.9621167,37.47310597390707,0.6529205767910277,-500,True,37.5,36.5,38.6,0.95,0.05,0.0,0.7,0.03,2,1784245611.9880855,False,True,True,False,1784245535.1555312,False,True,1,0,False
1783947642.4476278,20,1784245621.9678996,37.470435645075156,0.6530540932326239,-500,True,37.5,36.5,38.6,0.95,0.05,0.0,0.7,0.03,2,1784245631.994157,False,True,True,False,1784245535.1555312,False,True,1,0,False
1783947642.4476278,20,1784245641.9737813,37.513160906385906,0.6531113145647365,-500,True,37.5,36.5,38.6,0.95,0.05,0.0,0.7,0.03,2,1784245651.9998784,False,True,True,False,1784245535.1555312,False,1,0,0,False
1783947642.4476278,20,1784245661.9796233,37.50247959105822,0.6531494621194781,-500,True,37.5,36.5,38.6,0.95,0.05,0.0,0.7,0.03,2,1784245672.0056398,False,True,True,False,1784245535.1555312,False,1,0,0,False
1783947642.4476278,20,1784245681.9854484,37.513160906385906,0.6531113145647365,-500,True,37.5,36.5,38.6,0.95,0.05,0.0,0.7,0.03,2,1784245692.011434,False,True,True,False,1784245535.1555312,False,1,0,0,False
1783947642.4476278,20,1784245701.9912696,37.51049057755398,0.653015945677882,-500,True,37.5,36.5,38.6,0.95,0.05,0.0,0.7,0.03,2,1784245712.0172637,False,True,True,True,1784245715.1555529,False,1,0,0,False
1783947642.4476278,20,1784245721.9970767,37.465094987411305,0.6527870603494316,-500,True,37.5,36.5,38.6,0.95,0.05,0.0,0.7,0.03,2,1784245732.0233002,False,True,True,True,1784245715.1555529,False,True,1,0,False
1783947642.4476278,20,1784245742.0029767,37.41702906843672,0.652863355458915,-500,True,37.5,36.5,38.6,0.95,0.05,0.0,0.7,0.03,2,1784245752.028988,False,True,True,False,1784245715.1555529,False,True,1,0,False
1783947642.4476278,20,1784245762.0087922,37.44373235675593,0.6529015030136569,-500,True,37.5,36.5,38.6,0.95,0.05,0.0,0.7,0.03,2,1784245772.0348644,False,True,True,False,1784245715.1555529,False,True,1,0,False
1783947642.4476278,20,1784245782.0147157,37.470435645075156,0.6530731670099946,-500,True,37.5,36.5,38.6,0.95,0.05,0.0,0.7,0.03,2,1784245792.0407772,False,True,True,False,1784245715.1555529,False,True,1,0,False
1783947642.4476278,20,1784245802.0205207,37.483787289234755,0.653015945677882,-500,True,37.5,36.5,38.6,0.95,0.05,0.0,0.7,0.03,2,1784245812.0465229,False,True,True,False,1784245715.1555529,False,True,1,0,False
1783947642.4476278,20,1784245822.0263238,37.48645761806668,0.652863355458915,-500,True,37.5,36.5,38.6,0.95,0.05,0.0,0.7,0.03,2,1784245832.0523002,False,True,True,False,1784245715.1555529,False,True,1,0,False
1783947642.4476278,20,1784245842.0321338,37.481116960402844,0.6530922407873655,-500,True,37.5,36.5,38.6,0.95,0.05,0.0,0.7,0.03,2,1784245852.05821,False,True,True,False,1784245715.1555529,False,True,1,0,False
1783947642.4476278,20,1784245862.0380056,37.52918287937743,0.6532448310063325,-500,True,37.5,36.5,38.6,0.95,0.05,0.0,0.7,0.03,2,1784245872.0639887,False,True,True,False,1784245715.1555529,False,1,0,0,False
1783947642.4476278,20,1784245882.0438006,37.513160906385906,0.6531113145647365,-500,True,37.5,36.5,38.6,0.95,0.05,0.0,0.7,0.03,2,1784245892.0698354,False,True,True,True,1784245895.1555867,False,1,0,0,False
1783947642.4476278,20,1784245902.0496202,37.47310597390707,0.653168535896849,-500,True,37.5,36.5,38.6,0.95,0.05,0.0,0.7,0.03,2,1784245912.0756423,False,True,True,True,1784245895.1555867,False,True,1,0,False
1783947642.4476278,20,1784245922.055446,37.45975432974747,0.6527489127946899,-500,True,37.5,36.5,38.6,0.95,0.05,0.0,0.7,0.03,2,1784245932.0814161,False,True,True,False,1784245895.1555867,False,True,1,0,False
1783947642.4476278,20,1784245942.0611837,37.45975432974747,0.6531303883421073,-500,True,37.5,36.5,38.6,0.95,0.05,0.0,0.7,0.03,2,1784245952.087224,False,True,True,False,1784245895.1555867,False,True,1,0,False
1783947642.4476278,20,1784245962.0670383,37.47577630273899,0.6530540932326239,-500,True,37.5,36.5,38.6,0.95,0.05,0.0,0.7,0.03,2,1784245972.0930455,False,True,True,False,1784245895.1555867,False,True,1,0,False
1783947642.4476278,20,1784245982.0728328,37.48645761806668,0.6529968719005111,-500,True,37.5,36.5,38.6,0.95,0.05,0.0,0.7,0.03,2,1784245992.0988605,False,True,True,False,1784245895.1555867,False,True,1,0,False
1783947642.4476278,20,1784246002.078658,37.489127946898606,0.6529968719005111,-500,True,37.5,36.5,38.6,0.95,0.05,0.0,0.7,0.03,2,1784246012.104633,False,True,True,False,1784245895.1555867,False,True,1,0,False
1783947642.4476278,20,1784246022.0844247,37.52384222171359,0.6530731670099946,-500,True,37.5,36.5,38.6,0.95,0.05,0.0,0.7,0.03,2,1784246032.1104853,False,True,True,False,1784245895.1555867,False,1,0,0,False
1783947642.4476278,20,1784246042.090373,37.51850156404974,0.6526535439078356,-500,True,37.5,36.5,38.6,0.95,0.05,0.0,0.7,0.03,2,1784246052.1163626,False,True,True,False,1784245895.1555867,False,1,0,0,False
1783947642.4476278,20,1784246062.0961492,37.507820248722055,0.6529205767910277,-500,True,37.5,36.5,38.6,0.95,0.05,0.0,0.7,0.03,2,1784246072.1221893,False,True,True,True,1784246075.1556194,False,1,0,0,False
1783947642.4476278,20,1784246082.101999,37.45975432974747,0.6527870603494316,-500,True,37.5,36.5,38.6,0.95,0.05,0.0,0.7,0.03,2,1784246092.1279542,False,True,True,True,1784246075.1556194,False,True,1,0,False
1783947642.4476278,20,1784246102.107779,37.46242465857938,0.6527870603494316,-500,True,37.5,36.5,38.6,0.95,0.05,0.0,0.7,0.03,2,1784246112.1340094,False,True,True,False,1784246075.1556194,False,True,1,0,False
1783947642.4476278,20,1784246122.1135976,37.43305104142824,0.6528442816815442,-500,True,37.5,36.5,38.6,0.95,0.05,0.0,0.7,0.03,2,1784246132.1396198,False,True,True,False,1784246075.1556194,False,True,1,0,False
1783947642.4476278,20,1784246142.1194289,37.47577630273899,0.6526153963530937,-500,True,37.5,36.5,38.6,0.95,0.05,0.0,0.7,0.03,2,1784246152.1454687,False,True,True,False,1784246075.1556194,False,True,1,0,False
1783947642.4476278,20,1784246162.1253037,37.465094987411305,0.6528442816815442,-500,True,37.5,36.5,38.6,0.95,0.05,0.0,0.7,0.03,2,1784246172.1513128,False,True,True,False,1784246075.1556194,False,True,1,0,False
1783947642.4476278,20,1784246182.1311178,37.470435645075156,0.6526153963530937,-500,True,37.5,36.5,38.6,0.95,0.05,0.0,0.7,0.03,2,1784246192.1572866,False,True,True,False,1784246075.1556194,False,True,1,0,False
1783947642.4476278,20,1784246202.137066,37.49980926222629,0.6527679865720607,-500,True,37.5,36.5,38.6,0.95,0.05,0.0,0.7,0.03,2,1784246212.1632276,False,True,True,False,1784246075.1556194,False,True,1,0,False
1783947642.4476278,20,1784246222.142882,37.507820248722055,0.652863355458915,-500,True,37.5,36.5,38.6,0.95,0.05,0.0,0.7,0.03,2,1784246232.1688633,False,True,True,False,1784246075.1556194,False,1,0,0,False
1783947642.4476278,20,1784246242.14865,37.507820248722055,0.6526726176852065,-500,True,37.5,36.5,38.6,0.95,0.05,0.0,0.7,0.03,2,1784246252.1746597,False,True,True,True,1784246255.1556327,False,1,0,0,False
1783947642.4476278,20,1784246262.1544774,37.49179827573053,0.652882429236286,-500,True,37.5,36.5,38.6,0.95,0.05,0.0,0.7,0.03,2,1784246272.1804905,False,True,True,True,1784246255.1556327,False,True,1,0,False
1783947642.4476278,20,1784246282.160272,37.438391699092094,0.6529968719005111,-500,True,37.5,36.5,38.6,0.95,0.05,0.0,0.7,0.03,2,1784246292.1863217,False,True,True,False,1784246255.1556327,False,True,1,0,False
1783947642.4476278,20,1784246302.1661158,37.446402685587856,0.6530731670099946,-500,True,37.5,36.5,38.6,0.95,0.05,0.0,0.7,0.03,2,1784246312.1921604,False,True,True,False,1784246255.1556327,False,True,1,0,False
1783947642.4476278,20,1784246322.1719131,37.41168841077287,0.6526344701304646,-500,True,37.5,36.5,38.6,0.95,0.05,0.0,0.7,0.03,2,1784246332.1979938,False,True,True,False,1784246255.1556327,False,True,1,0,False
1783947642.4476278,20,1784246342.177718,37.45975432974747,0.6525581750209811,-500,True,37.5,36.5,38.6,0.95,0.05,0.0,0.7,0.03,2,1784246352.203844,False,True,True,False,1784246255.1556327,False,True,1,0,False
1783947642.4476278,20,1784246362.1836782,37.49179827573053,0.6527298390173191,-500,True,37.5,36.5,38.6,0.95,0.05,0.0,0.7,0.03,2,1784246372.2098489,False,True,True,False,1784246255.1556327,False,True,1,0,False
1783947642.4476278,20,1784246382.1896126,37.513160906385906,0.653035019455253,-500,True,37.5,36.5,38.6,0.95,0.05,0.0,0.7,0.03,2,1784246392.2158334,False,True,True,False,1784246255.1556327,False,1,0,0,False
1783947642.4476278,20,1784246402.1955605,37.51049057755398,0.6529777981231404,-500,True,37.5,36.5,38.6,0.95,0.05,0.0,0.7,0.03,2,1784246412.2216763,False,False,True,False,1784246255.1556327,False,1,0,0,False
1783947642.4476278,20,1784246422.201375,37.513160906385906,0.6530540932326239,-500,True,37.5,36.5,38.6,0.95,0.05,0.0,0.7,0.03,2,1784246432.2274022,True,False,True,True,1784246435.1556585,False,1,0,0,False
1783947642.4476278,20,1784246442.2072167,37.50247959105822,0.6531494621194781,-500,True,37.5,36.5,38.6,0.95,0.05,0.0,0.7,0.03,2,1784246452.2332585,True,False,True,True,1784246435.1556585,False,1,0,0,False
1783947642.4476278,20,1784246462.2131133,37.48645761806668,0.6526916914625772,-500,True,37.5,36.5,38.6,0.95,0.05,0.0,0.7,0.03,2,1784246472.2391887,True,False,True,False,1784246435.1556585,False,True,1,0,False
1783947642.4476278,20,1784246482.219002,37.49713893339437,0.6529968719005111,-500,True,37.5,36.5,38.6,0.95,0.05,0.0,0.7,0.03,2,1784246492.2450068,True,False,True,False,1784246435.1556585,False,True,1,0,False
1783947642.4476278,20,1784246502.224787,37.49446860456244,0.6529587243457695,-500,True,37.5,36.5,38.6,0.95,0.05,0.0,0.7,0.03,2,1784246512.2508016,True,False,True,False,1784246435.1556585,False,True,1,0,False
1783947642.4476278,20,1784246522.2306385,37.48645761806668,0.6530731670099946,-500,True,37.5,36.5,38.6,0.95,0.05,0.0,0.7,0.03,2,1784246532.256613,True,False,True,False,1784246435.1556585,False,True,1,0,False
1783947642.4476278,20,1784246542.2363608,37.50247959105822,0.653168535896849,-500,True,37.5,36.5,38.6,0.95,0.05,0.0,0.7,0.03,2,1784246552.2623806,True,False,True,False,1784246435.1556585,False,1,0,0,False
1783947642.4476278,20,1784246562.2421997,37.52384222171359,0.6525581750209811,-500,True,37.5,36.5,38.6,0.95,0.05,0.0,0.7,0.03,2,1784246572.2681723,True,False,True,False,1784246435.1556585,False,1,0,0,False
1783947642.4476278,20,1784246582.2480183,37.48645761806668,0.6530731670099946,-500,True,37.5,36.5,38.6,0.95,0.05,0.0,0.7,0.03,2,1784246592.2742362,True,False,True,False,1784246435.1556585,False,True,1,0,False
1783947642.4476278,20,1784246602.2539515,37.47844663157092,0.6527298390173191,-500,True,37.5,36.5,38.6,0.95,0.05,0.0,0.7,0.03,2,1784246612.2799442,True,False,True,True,1784246615.1556826,False,True,1,0,False
1783947642.4476278,20,1784246622.2597485,37.47577630273899,0.653015945677882,-500,True,37.5,36.5,38.6,0.95,0.05,0.0,0.7,0.03,2,1784246632.285875,True,False,True,True,1784246615.1556826,False,True,1,0,False
1783947642.4476278,20,1784246642.265604,37.48645761806668,0.6526726176852065,-500,True,37.5,36.5,38.6,0.95,0.05,0.0,0.7,0.03,2,1784246652.2916193,True,False,True,False,1784246615.1556826,False,True,1,0,False
1783947642.4476278,20,1784246662.2714074,37.50247959105822,0.6529396505683985,-500,True,37.5,36.5,38.6,0.95,0.05,0.0,0.7,0.03,2,1784246672.297494,True,False,True,False,1784246615.1556826,False,1,0,0,False
1783947642.4476278,20,1784246682.277257,37.50247959105822,0.6530922407873655,-500,True,37.5,36.5,38.6,0.95,0.05,0.0,0.7,0.03,2,1784246692.303455,True,False,True,False,1784246615.1556826,False,1,0,0,False
1783947642.4476278,20,1784246702.2830966,37.489127946898606,0.6529968719005111,-500,True,37.5,36.5,38.6,0.95,0.05,0.0,0.7,0.03,2,1784246712.3092024,True,False,True,False,1784246615.1556826,False,True,1,0,False
1783947642.4476278,20,1784246722.2889874,37.50247959105822,0.653035019455253,-500,True,37.5,36.5,38.6,0.95,0.05,0.0,0.7,0.03,2,1784246732.3150117,True,False,True,False,1784246615.1556826,False,1,0,0,False
1783947642.4476278,20,1784246742.2949219,37.507820248722055,0.652596322575723,-500,True,37.5,36.5,38.6,0.95,0.05,0.0,0.7,0.03,2,1784246752.3210232,True,False,True,False,1784246615.1556826,False,1,0,0,False
1783947642.4476278,20,1784246762.3008347,37.513160906385906,0.6529396505683985,-500,True,37.5,36.5,38.6,0.95,0.05,0.0,0.7,0.03,2,1784246772.3268216,True,False,True,False,1784246615.1556826,False,1,0,0,False
1783947642.4476278,20,1784246782.3066704,37.48645761806668,0.6529205767910277,-500,True,37.5,36.5,38.6,0.95,0.05,0.0,0.7,0.03,2,1784246792.332732,True,False,True,True,1784246795.1557136,False,True,1,0,False
1783947642.4476278,20,1784246802.3124866,37.47844663157092,0.6526726176852065,-500,True,37.5,36.5,38.6,0.95,0.05,0.0,0.7,0.03,2,1784246812.3385367,True,False,True,True,1784246795.1557136,False,True,1,0,False
1783947642.4476278,20,1784246822.318356,37.45975432974747,0.6525772487983521,-500,True,37.5,36.5,38.6,0.95,0.05,0.0,0.7,0.03,2,1784246832.3443553,True,False,True,False,1784246795.1557136,False,True,1,0,False
1783947642.4476278,20,1784246842.3241422,37.470435645075156,0.6526535439078356,-500,True,37.5,36.5,38.6,0.95,0.05,0.0,0.7,0.03,2,1784246852.3502192,True,False,True,False,1784246795.1557136,False,True,1,0,False
1783947642.4476278,20,1784246862.3300395,37.48645761806668,0.652882429236286,-500,True,37.5,36.5,38.6,0.95,0.05,0.0,0.7,0.03,2,1784246872.3560026,True,False,True,False,1784246795.1557136,False,True,1,0,False
1783947642.4476278,20,1784246882.3358061,37.507820248722055,0.6525200274662395,-500,True,37.5,36.5,38.6,0.95,0.05,0.0,0.7,0.03,2,1784246892.3619266,True,False,True,False,1784246795.1557136,False,1,0,0,False
1783947642.4476278,20,1784246902.3417163,37.50514991989013,0.6528061341268026,-500,True,37.5,36.5,38.6,0.95,0.05,0.0,0.7,0.03,2,1784246912.3677545,True,False,True,False,1784246795.1557136,False,1,0,0,False
1783947642.4476278,20,1784246922.3475711,37.507820248722055,0.6526153963530937,-500,True,37.5,36.5,38.6,0.95,0.05,0.0,0.7,0.03,2,1784246932.3735697,True,False,True,False,1784246795.1557136,False,1,0,0,False
1783947642.4476278,20,1784246942.3533702,37.50247959105822,0.6527107652399481,-500,True,37.5,36.5,38.6,0.95,0.05,0.0,0.7,0.03,2,1784246952.3794074,True,False,True,False,1784246795.1557136,False,1,0,0,False
1783947642.4476278,20,1784246962.3592548,37.470435645075156,0.6527298390173191,-500,True,37.5,36.5,38.6,0.95,0.05,0.0,0.7,0.03,2,1784246972.3853605,True,False,True,True,1784246975.1557386,False,True,1,0,False
1783947642.4476278,20,1784246982.3651564,37.44373235675593,0.6526916914625772,-500,True,37.5,36.5,38.6,0.95,0.05,0.0,0.7,0.03,2,1784246992.391212,True,False,True,True,1784246975.1557386,False,True,1,0,False
1783947642.4476278,20,1784247002.3710296,37.446402685587856,0.652596322575723,-500,True,37.5,36.5,38.6,0.95,0.05,0.0,0.7,0.03,2,1784247012.39707,True,False,True,False,1784246975.1557386,False,True,1,0,False
1783947642.4476278,20,1784247022.3768265,37.427710383764406,0.6527298390173191,-500,True,37.5,36.5,38.6,0.95,0.05,0.0,0.7,0.03,2,1784247032.4028666,True,False,True,False,1784246975.1557386,False,True,1,0,False
1783947642.4476278,20,1784247042.3826802,37.470435645075156,0.6529587243457695,-500,True,37.5,36.5,38.6,0.95,0.05,0.0,0.7,0.03,2,1784247052.408792,True,False,True,False,1784246975.1557386,False,True,1,0,False
1783947642.4476278,20,1784247062.3885632,37.481116960402844,0.6525581750209811,-500,True,37.5,36.5,38.6,0.95,0.05,0.0,0.7,0.03,2,1784247072.4148016,True,False,True,False,1784246975.1557386,False,True,1,0,False
1783947642.4476278,20,1784247082.3944774,37.49713893339437,0.6526916914625772,-500,True,37.5,36.5,38.6,0.95,0.05,0.0,0.7,0.03,2,1784247092.4204202,True,False,True,False,1784246975.1557386,False,True,1,0,False
1783947642.4476278,20,1784247102.400242,37.51049057755398,0.6527489127946899,-500,True,37.5,36.5,38.6,0.95,0.05,0.0,0.7,0.03,2,1784247112.4263253,True,False,True,False,1784246975.1557386,False,1,0,0,False
1783947642.4476278,20,1784247122.4062667,37.507820248722055,0.6527870603494316,-500,True,37.5,36.5,38.6,0.95,0.05,0.0,0.7,0.03,2,1784247132.4322884,True,False,True,False,1784246975.1557386,False,1,0,0,False
1783947642.4476278,20,1784247142.4120648,37.48645761806668,0.6527489127946899,-500,True,37.5,36.5,38.6,0.95,0.05,0.0,0.7,0.03,2,1784247152.4381046,True,False,True,True,1784247155.1557424,False,True,1,0,False
1783947642.4476278,20,1784247162.4178894,37.49713893339437,0.6525772487983521,-500,True,37.5,36.5,38.6,0.95,0.05,0.0,0.7,0.03,2,1784247172.444057,True,False,True,True,1784247155.1557424,False,True,1,0,False
1783947642.4476278,20,1784247182.423734,37.470435645075156,0.6528061341268026,-500,True,37.5,36.5,38.6,0.95,0.05,0.0,0.7,0.03,2,1784247192.449762,True,False,True,False,1784247155.1557424,False,True,1,0,False
1783947642.4476278,20,1784247202.429539,37.49446860456244,0.6527298390173191,-500,True,37.5,36.5,38.6,0.95,0.05,0.0,0.7,0.03,2,1784247212.4555473,True,False,True,False,1784247155.1557424,False,True,1,0,False
1783947642.4476278,20,1784247222.4353545,37.49713893339437,0.652596322575723,-500,True,37.5,36.5,38.6,0.95,0.05,0.0,0.7,0.03,2,1784247232.4614093,True,False,True,False,1784247155.1557424,False,True,1,0,False
1783947642.4476278,20,1784247242.4412334,37.52384222171359,0.6524246585793851,-500,True,37.5,36.5,38.6,0.95,0.05,0.0,0.7,0.03,2,1784247252.4672487,True,False,True,False,1784247155.1557424,False,1,0,0,False
1783947642.4476278,20,1784247262.4470623,37.507820248722055,0.6527298390173191,-500,True,37.5,36.5,38.6,0.95,0.05,0.0,0.7,0.03,2,1784247272.4730752,True,False,True,False,1784247155.1557424,False,1,0,0,False
1783947642.4476278,20,1784247282.4528482,37.49713893339437,0.6526153963530937,-500,True,37.5,36.5,38.6,0.95,0.05,0.0,0.7,0.03,2,1784247292.4788454,True,False,True,False,1784247155.1557424,False,True,1,0,False
1783947642.4476278,20,1784247302.4586635,37.45174334325169,0.6526535439078356,-500,True,37.5,36.5,38.6,0.95,0.05,0.0,0.7,0.03,2,1784247312.4846904,True,False,True,False,1784247155.1557424,False,True,1,0,False
1783947642.4476278,20,1784247322.4644904,37.470435645075156,0.6526344701304646,-500,True,37.5,36.5,38.6,0.95,0.05,0.0,0.7,0.03,2,1784247332.4905946,True,False,True,True,1784247335.155754,False,True,1,0,False
1783947642.4476278,20,1784247342.470383,37.49179827573053,0.6525200274662395,-500,True,37.5,36.5,38.6,0.95,0.05,0.0,0.7,0.03,2,1784247352.4963489,True,False,True,True,1784247335.155754,False,True,1,0,False
1783947642.4476278,20,1784247362.4761193,37.45975432974747,0.652443732356756,-500,True,37.5,36.5,38.6,0.95,0.05,0.0,0.7,0.03,2,1784247372.5021608,True,False,True,False,1784247335.155754,False,True,1,0,False
1783947642.4476278,20,1784247382.4819422,37.48645761806668,0.6524055848020142,-500,True,37.5,36.5,38.6,0.95,0.05,0.0,0.7,0.03,2,1784247392.5080407,True,False,True,False,1784247335.155754,False,True,1,0,False
1783947642.4476278,20,1784247402.4878922,37.49980926222629,0.6527107652399481,-500,True,37.5,36.5,38.6,0.95,0.05,0.0,0.7,0.03,2,1784247412.513986,True,False,True,False,1784247335.155754,False,True,1,0,False
1783947642.4476278,20,1784247422.4937341,37.507820248722055,0.6528442816815442,-500,True,37.5,36.5,38.6,0.95,0.05,0.0,0.7,0.03,2,1784247432.5197356,True,False,True,False,1784247335.155754,False,1,0,0,False
1783947642.4476278,20,1784247442.4995823,37.507820248722055,0.6528442816815442,-500,True,37.5,36.5,38.6,0.95,0.05,0.0,0.7,0.03,2,1784247452.5256271,True,False,True,False,1784247335.155754,False,1,0,0,False
1783947642.4476278,20,1784247462.505423,37.49713893339437,0.6527679865720607,-500,True,37.5,36.5,38.6,0.95,0.05,0.0,0.7,0.03,2,1784247472.5316474,True,False,True,False,1784247335.155754,False,True,1,0,False
1783947642.4476278,20,1784247482.5114536,37.481116960402844,0.6525009536888686,-500,True,37.5,36.5,38.6,0.95,0.05,0.0,0.7,0.03,2,1784247492.5374272,True,False,True,False,1784247335.155754,False,True,1,0,False
1783947642.4476278,20,1784247502.51721,37.46242465857938,0.6525009536888686,-500,True,37.5,36.5,38.6,0.95,0.05,0.0,0.7,0.03,2,1784247512.5432587,True,False,True,True,1784247515.1557899,False,True,1,0,False
1783947642.4476278,20,1784247522.5230587,37.44373235675593,0.6525009536888686,-500,True,37.5,36.5,38.6,0.95,0.05,0.0,0.7,0.03,2,1784247532.5490854,True,False,True,True,1784247515.1557899,False,True,1,0,False
1783947642.4476278,20,1784247542.5288923,37.45975432974747,0.6523292896925307,-500,True,37.5,36.5,38.6,0.95,0.05,0.0,0.7,0.03,2,1784247552.555089,True,False,True,False,1784247515.1557899,False,True,1,0,False
1783947642.4476278,20,1784247562.5347471,37.44907301441978,0.6525772487983521,-500,True,37.5,36.5,38.6,0.95,0.05,0.0,0.7,0.03,2,1784247572.5608194,True,False,True,False,1784247515.1557899,False,True,1,0,False
1783947642.4476278,20,1784247582.5405748,37.470435645075156,0.652443732356756,-500,True,37.5,36.5,38.6,0.95,0.05,0.0,0.7,0.03,2,1784247592.5666413,True,False,True,False,1784247515.1557899,False,True,1,0,False
1783947642.4476278,20,1784247602.5464563,37.51049057755398,0.6523483634699017,-500,True,37.5,36.5,38.6,0.95,0.05,0.0,0.7,0.03,2,1784247612.5724328,True,False,True,False,1784247515.1557899,False,1,0,0,False
1783947642.4476278,20,1784247622.5524113,37.52384222171359,0.6526916914625772,-500,True,37.5,36.5,38.6,0.95,0.05,0.0,0.7,0.03,2,1784247632.5785642,True,False,True,False,1784247515.1557899,False,1,0,0,False
1783947642.4476278,20,1784247642.5583053,37.49179827573053,0.6525772487983521,-500,True,37.5,36.5,38.6,0.95,0.05,0.0,0.7,0.03,2,1784247652.5845463,True,False,True,False,1784247515.1557899,False,True,1,0,False
1783947642.4476278,20,1784247662.5641208,37.49179827573053,0.6524055848020142,-500,True,37.5,36.5,38.6,0.95,0.05,0.0,0.7,0.03,2,1784247672.5902858,True,False,True,False,1784247515.1557899,False,True,1,0,False
1783947642.4476278,20,1784247682.5699964,37.481116960402844,0.6524246585793851,-500,True,37.5,36.5,38.6,0.95,0.05,0.0,0.7,0.03,2,1784247692.5960763,True,False,True,True,1784247695.1557987,False,True,1,0,False
1783947642.4476278,20,1784247702.5758116,37.489127946898606,0.6526726176852065,-500,True,37.5,36.5,38.6,0.95,0.05,0.0,0.7,0.03,2,1784247712.6018624,True,False,True,True,1784247695.1557987,False,True,1,0,False
1783947642.4476278,20,1784247722.581631,37.49713893339437,0.6523483634699017,-500,True,37.5,36.5,38.6,0.95,0.05,0.0,0.7,0.03,2,1784247732.607711,True,False,True,False,1784247695.1557987,False,True,1,0,False
1783947642.4476278,20,1784247742.5875323,37.49713893339437,0.6523865110246433,-500,True,37.5,36.5,38.6,0.95,0.05,0.0,0.7,0.03,2,1784247752.613557,True,False,True,False,1784247695.1557987,False,True,1,0,False
1783947642.4476278,20,1784247762.5933738,37.52384222171359,0.6525772487983521,-500,True,37.5,36.5,38.6,0.95,0.05,0.0,0.7,0.03,2,1784247772.6194522,True,False,True,False,1784247695.1557987,False,1,0,0,False
1783947642.4476278,20,1784247782.5992959,37.49713893339437,0.6523292896925307,-500,True,37.5,36.5,38.6,0.95,0.05,0.0,0.7,0.03,2,1784247792.6253219,True,False,True,False,1784247695.1557987,False,True,1,0,False
1783947642.4476278,20,1784247802.6050918,37.47310597390707,0.6524628061341268,-500,True,37.5,36.5,38.6,0.95,0.05,0.0,0.7,0.03,2,1784247812.6311154,True,False,True,False,1784247695.1557987,False,True,1,0,False
1783947642.4476278,20,1784247822.6109545,37.48645761806668,0.6526344701304646,-500,True,37.5,36.5,38.6,0.95,0.05,0.0,0.7,0.03,2,1784247832.6369987,True,False,True,False,1784247695.1557987,False,True,1,0,False
1783947642.4476278,20,1784247842.616787,37.49713893339437,0.6522720683604182,-500,True,37.5,36.5,38.6,0.95,0.05,0.0,0.7,0.03,2,1784247852.6428728,True,False,True,False,1784247695.1557987,False,True,1,0,False
1783947642.4476278,20,1784247862.6227057,37.507820248722055,0.6523483634699017,-500,True,37.5,36.5,38.6,0.95,0.05,0.0,0.7,0.03,2,1784247872.6487687,True,False,True,True,1784247875.155817,False,1,0,0,False
1783947642.4476278,20,1784247882.6285453,37.49713893339437,0.6524818799114976,-500,True,37.5,36.5,38.6,0.95,0.05,0.0,0.7,0.03,2,1784247892.6545565,True,False,True,True,1784247875.155817,False,True,1,0,False
1783947642.4476278,20,1784247902.6343825,37.47310597390707,0.6523483634699017,-500,True,37.5,36.5,38.6,0.95,0.05,0.0,0.7,0.03,2,1784247912.6603858,True,False,True,False,1784247875.155817,False,True,1,0,False
1783947642.4476278,20,1784247922.640166,37.481116960402844,0.6527107652399481,-500,True,37.5,36.5,38.6,0.95,0.05,0.0,0.7,0.03,2,1784247932.6661909,True,False,True,False,1784247875.155817,False,True,1,0,False
1783947642.4476278,20,1784247942.645978,37.50247959105822,0.6523483634699017,-500,True,37.5,36.5,38.6,0.95,0.05,0.0,0.7,0.03,2,1784247952.67193,True,False,True,False,1784247875.155817,False,1,0,0,False
1783947642.4476278,20,1784247962.6518016,37.49713893339437,0.6525391012436103,-500,True,37.5,36.5,38.6,0.95,0.05,0.0,0.7,0.03,2,1784247972.677853,True,False,True,False,1784247875.155817,False,True,1,0,False
1783947642.4476278,20,1784247982.6576014,37.48645761806668,0.6524818799114976,-500,True,37.5,36.5,38.6,0.95,0.05,0.0,0.7,0.03,2,1784247992.6835816,True,False,True,False,1784247875.155817,False,True,1,0,False
1783947642.4476278,20,1784248002.6634011,37.483787289234755,0.6524246585793851,-500,True,37.5,36.5,38.6,0.95,0.05,0.0,0.7,0.03,2,1784248012.6894097,True,False,True,False,1784247875.155817,False,True,1,0,False
1783947642.4476278,20,1784248022.6691785,37.50247959105822,0.6525009536888686,-500,True,37.5,36.5,38.6,0.95,0.05,0.0,0.7,0.03,2,1784248032.6953437,True,False,True,False,1784247875.155817,False,1,0,0,False
1783947642.4476278,20,1784248042.6750264,37.49713893339437,0.6523865110246433,-500,True,37.5,36.5,38.6,0.95,0.05,0.0,0.7,0.03,2,1784248052.7010686,True,False,True,True,1784248055.1558418,False,True,1,0,False
1783947642.4476278,20,1784248062.6809154,37.49713893339437,0.6523674372472725,-500,True,37.5,36.5,38.6,0.95,0.05,0.0,0.7,0.03,2,1784248072.7069967,True,False,True,True,1784248055.1558418,False,True,1,0,False
1783947642.4476278,20,1784248082.6868498,37.49713893339437,0.6523292896925307,-500,True,37.5,36.5,38.6,0.95,0.05,0.0,0.7,0.03,2,1784248092.712847,True,False,True,False,1784248055.1558418,False,True,1,0,False
1783947642.4476278,20,1784248102.6926787,37.49980926222629,0.6525772487983521,-500,True,37.5,36.5,38.6,0.95,0.05,0.0,0.7,0.03,2,1784248112.7188118,True,False,True,False,1784248055.1558418,False,True,1,0,False
1783947642.4476278,20,1784248122.6986265,37.49713893339437,0.6521766994735637,-500,True,37.5,36.5,38.6,0.95,0.05,0.0,0.7,0.03,2,1784248132.7247753,True,False,True,False,1784248055.1558418,False,True,1,0,False
1783947642.4476278,20,1784248142.7044032,37.50247959105822,0.6523865110246433,-500,True,37.5,36.5,38.6,0.95,0.05,0.0,0.7,0.03,2,1784248152.7304082,True,False,True,False,1784248055.1558418,False,1,0,0,False
1783947642.4476278,20,1784248162.7101922,37.49179827573053,0.6524055848020142,-500,True,37.5,36.5,38.6,0.95,0.05,0.0,0.7,0.03,2,1784248172.7362893,True,False,True,False,1784248055.1558418,False,True,1,0,False
1783947642.4476278,20,1784248182.715986,37.481116960402844,0.6523865110246433,-500,True,37.5,36.5,38.6,0.95,0.05,0.0,0.7,0.03,2,1784248192.7421823,True,False,True,False,1784248055.1558418,False,True,1,0,False
1783947642.4476278,20,1784248202.7218492,37.49980926222629,0.6523865110246433,-500,True,37.5,36.5,38.6,0.95,0.05,0.0,0.7,0.03,2,1784248212.7479506,True,False,True,False,1784248055.1558418,False,True,1,0,False
1783947642.4476278,20,1784248222.7276294,37.53452353704128,0.6525200274662395,-500,True,37.5,36.5,38.6,0.95,0.05,0.0,0.7,0.03,2,1784248232.753957,True,False,True,True,1784248235.15587,False,1,0,0,False
1783947642.4476278,20,1784248242.7336135,37.513160906385906,0.652291142137789,-500,True,37.5,36.5,38.6,0.95,0.05,0.0,0.7,0.03,2,1784248252.7601812,True,False,True,True,1784248235.15587,False,1,0,0,False
1783947642.4476278,20,1784248262.7399938,37.49713893339437,0.6523102159151598,-500,True,37.5,36.5,38.6,0.95,0.05,0.0,0.7,0.03,2,1784248272.766062,True,False,True,False,1784248235.15587,False,True,1,0,False
1783947642.4476278,20,1784248282.7458434,37.465094987411305,0.6521194781414512,-500,True,37.5,36.5,38.6,0.95,0.05,0.0,0.7,0.03,2,1784248292.7753942,True,False,True,False,1784248235.15587,False,True,1,0,False
1783947642.4476278,20,1784248302.755192,37.49980926222629,0.6525772487983521,-500,True,37.5,36.5,38.6,0.95,0.05,0.0,0.7,0.03,2,1784248312.7812796,True,False,True,False,1784248235.15587,False,True,1,0,False
1783947642.4476278,20,1784248322.7610478,37.49179827573053,0.6523674372472725,-500,True,37.5,36.5,38.6,0.95,0.05,0.0,0.7,0.03,2,1784248332.7871187,True,False,True,False,1784248235.15587,False,True,1,0,False
1783947642.4476278,20,1784248342.7669315,37.49179827573053,0.6520622568093386,-500,True,37.5,36.5,38.6,0.95,0.05,0.0,0.7,0.03,2,1784248352.7929673,True,False,True,False,1784248235.15587,False,True,1,0,False
1783947642.4476278,20,1784248362.7727325,37.507820248722055,0.6523865110246433,-500,True,37.5,36.5,38.6,0.95,0.05,0.0,0.7,0.03,2,1784248372.7988436,True,False,True,False,1784248235.15587,False,1,0,0,False
1783947642.4476278,20,1784248382.7787373,37.52384222171359,0.6523292896925307,-500,True,37.5,36.5,38.6,0.95,0.05,0.0,0.7,0.03,2,1784248392.8049347,True,False,True,False,1784248235.15587,False,1,0,0,False
1783947642.4476278,20,1784248402.7846606,37.51583123521782,0.6523674372472725,-500,True,37.5,36.5,38.6,0.95,0.05,0.0,0.7,0.03,2,1784248412.8106842,True,False,True,True,1784248415.1558888,False,1,0,0,False
1783947642.4476278,20,1784248422.790509,37.470435645075156,0.6521766994735637,-500,True,37.5,36.5,38.6,0.95,0.05,0.0,0.7,0.03,2,1784248432.8164709,True,False,True,True,1784248415.1558888,False,True,1,0,False
1783947642.4476278,20,1784248442.796241,37.48645761806668,0.6518524452582589,-500,True,37.5,36.5,38.6,0.95,0.05,0.0,0.7,0.03,2,1784248452.822483,True,False,True,False,1784248415.1558888,False,True,1,0,False
1783947642.4476278,20,1784248462.8021805,37.45975432974747,0.6523292896925307,-500,True,37.5,36.5,38.6,0.95,0.05,0.0,0.7,0.03,2,1784248472.828159,True,False,True,False,1784248415.1558888,False,True,1,0,False
1783947642.4476278,20,1784248482.807992,37.44907301441978,0.6524246585793851,-500,True,37.5,36.5,38.6,0.95,0.05,0.0,0.7,0.03,2,1784248492.834046,True,False,True,False,1784248415.1558888,False,True,1,0,False
1783947642.4476278,20,1784248502.8138354,37.489127946898606,0.6523674372472725,-500,True,37.5,36.5,38.6,0.95,0.05,0.0,0.7,0.03,2,1784248512.8399734,True,False,True,False,1784248415.1558888,False,True,1,0,False
1783947642.4476278,20,1784248522.8196278,37.507820248722055,0.6521957732509347,-500,True,37.5,36.5,38.6,0.95,0.05,0.0,0.7,0.03,2,1784248532.845667,True,False,True,False,1784248415.1558888,False,1,0,0,False
1783947642.4476278,20,1784248542.8254774,37.507820248722055,0.6520431830319677,-500,True,37.5,36.5,38.6,0.95,0.05,0.0,0.7,0.03,2,1784248552.8514698,True,False,True,False,1784248415.1558888,False,1,0,0,False
1783947642.4476278,20,1784248562.831295,37.507820248722055,0.6523292896925307,-500,True,37.5,36.5,38.6,0.95,0.05,0.0,0.7,0.03,2,1784248572.8572907,True,False,True,False,1784248415.1558888,False,1,0,0,False
1783947642.4476278,20,1784248582.837051,37.49713893339437,0.6521766994735637,-500,True,37.5,36.5,38.6,0.95,0.05,0.0,0.7,0.03,2,1784248592.8630278,True,False,True,True,1784248595.1559,False,True,1,0,False
1783947642.4476278,20,1784248602.8429048,37.46242465857938,0.6521194781414512,-500,True,37.5,36.5,38.6,0.95,0.05,0.0,0.7,0.03,2,1784248612.8690383,True,False,True,True,1784248595.1559,False,True,1,0,False
1783947642.4476278,20,1784248622.8486402,37.45975432974747,0.6522148470283056,-500,True,37.5,36.5,38.6,0.95,0.05,0.0,0.7,0.03,2,1784248632.8746643,True,False,True,False,1784248595.1559,False,True,1,0,False
1783947642.4476278,20,1784248642.8544884,37.44907301441978,0.6522148470283056,-500,True,37.5,36.5,38.6,0.95,0.05,0.0,0.7,0.03,2,1784248652.8805435,True,False,True,False,1784248595.1559,False,True,1,0,False
1783947642.4476278,20,1784248662.8603435,37.470435645075156,0.6522720683604182,-500,True,37.5,36.5,38.6,0.95,0.05,0.0,0.7,0.03,2,1784248672.8863833,True,False,True,False,1784248595.1559,False,True,1,0,False
1783947642.4476278,20,1784248682.8661513,37.470435645075156,0.6520622568093386,-500,True,37.5,36.5,38.6,0.95,0.05,0.0,0.7,0.03,2,1784248692.8921046,True,False,True,False,1784248595.1559,False,True,1,0,False
1783947642.4476278,20,1784248702.871892,37.51049057755398,0.6523483634699017,-500,True,37.5,36.5,38.6,0.95,0.05,0.0,0.7,0.03,2,1784248712.898064,True,False,True,False,1784248595.1559,False,1,0,0,False
1783947642.4476278,20,1784248722.8776727,37.52384222171359,0.6522339208056763,-500,True,37.5,36.5,38.6,0.95,0.05,0.0,0.7,0.03,2,1784248732.9037085,True,False,True,False,1784248595.1559,False,1,0,0,False
1783947642.4476278,20,1784248742.8835611,37.513160906385906,0.6521385519188221,-500,True,37.5,36.5,38.6,0.95,0.05,0.0,0.7,0.03,2,1784248752.909669,True,False,True,False,1784248595.1559,False,1,0,0,False
1783947642.4476278,20,1784248762.889478,37.48645761806668,0.6524055848020142,-500,True,37.5,36.5,38.6,0.95,0.05,0.0,0.7,0.03,2,1784248772.9154835,True,False,True,True,1784248775.1559093,False,True,1,0,False
1783947642.4476278,20,1784248782.8953133,37.470435645075156,0.6520622568093386,-500,True,37.5,36.5,38.6,0.95,0.05,0.0,0.7,0.03,2,1784248792.9213266,True,False,True,True,1784248775.1559093,False,True,1,0,False
1783947642.4476278,20,1784248802.901089,37.47844663157092,0.6524246585793851,-500,True,37.5,36.5,38.6,0.95,0.05,0.0,0.7,0.03,2,1784248812.9270887,True,False,True,False,1784248775.1559093,False,True,1,0,False
1783947642.4476278,20,1784248822.9069521,37.48645761806668,0.6523483634699017,-500,True,37.5,36.5,38.6,0.95,0.05,0.0,0.7,0.03,2,1784248832.9329467,True,False,True,False,1784248775.1559093,False,True,1,0,False
1783947642.4476278,20,1784248842.9127269,37.48645761806668,0.6520050354772259,-500,True,37.5,36.5,38.6,0.95,0.05,0.0,0.7,0.03,2,1784248852.938769,True,False,True,False,1784248775.1559093,False,True,1,0,False
1783947642.4476278,20,1784248862.9185777,37.50247959105822,0.6520050354772259,-500,True,37.5,36.5,38.6,0.95,0.05,0.0,0.7,0.03,2,1784248872.9445224,True,False,True,False,1784248775.1559093,False,1,0,0,False
1783947642.4476278,20,1784248882.9243734,37.49179827573053,0.6521576256961928,-500,True,37.5,36.5,38.6,0.95,0.05,0.0,0.7,0.03,2,1784248892.9504688,True,False,True,False,1784248775.1559093,False,True,1,0,False
1783947642.4476278,20,1784248902.9302652,37.49980926222629,0.6521385519188221,-500,True,37.5,36.5,38.6,0.95,0.05,0.0,0.7,0.03,2,1784248912.9562068,True,False,True,False,1784248775.1559093,False,True,1,0,False
1783947642.4476278,20,1784248922.9359808,37.48645761806668,0.6522339208056763,-500,True,37.5,36.5,38.6,0.95,0.05,0.0,0.7,0.03,2,1784248932.9620612,True,False,True,False,1784248775.1559093,False,True,1,0,False
1783947642.4476278,20,1784248942.94184,37.507820248722055,0.6524055848020142,-500,True,37.5,36.5,38.6,0.95,0.05,0.0,0.7,0.03,2,1784248952.9678192,True,False,True,True,1784248955.1559186,False,1,0,0,False
1783947642.4476278,20,1784248962.9476953,37.49713893339437,0.6520241092545968,-500,True,37.5,36.5,38.6,0.95,0.05,0.0,0.7,0.03,2,1784248972.9737036,True,False,True,True,1784248955.1559186,False,True,1,0,False
1783947642.4476278,20,1784248982.9534647,37.44373235675593,0.6519668879224843,-500,True,37.5,36.5,38.6,0.95,0.05,0.0,0.7,0.03,2,1784248992.9796042,True,False,True,False,1784248955.1559186,False,True,1,0,False
1783947642.4476278,20,1784249002.959277,37.441062027924005,0.6520050354772259,-500,True,37.5,36.5,38.6,0.95,0.05,0.0,0.7,0.03,2,1784249012.98533,True,False,True,False,1784248955.1559186,False,True,1,0,False
1783947642.4476278,20,1784249022.9651182,37.465094987411305,0.6519287403677424,-500,True,37.5,36.5,38.6,0.95,0.05,0.0,0.7,0.03,2,1784249032.9912474,True,False,True,False,1784248955.1559186,False,True,1,0,False
1783947642.4476278,20,1784249042.9710937,37.470435645075156,0.6520050354772259,-500,True,37.5,36.5,38.6,0.95,0.05,0.0,0.7,0.03,2,1784249052.9972045,True,False,True,False,1784248955.1559186,False,True,1,0,False
1783947642.4476278,20,1784249062.9769547,37.49713893339437,0.6521194781414512,-500,True,37.5,36.5,38.6,0.95,0.05,0.0,0.7,0.03,2,1784249073.0029771,True,False,True,False,1784248955.1559186,False,True,1,0,False
1783947642.4476278,20,1784249082.9828048,37.513160906385906,0.6522148470283056,-500,True,37.5,36.5,38.6,0.95,0.05,0.0,0.7,0.03,2,1784249093.009069,True,False,True,False,1784248955.1559186,False,1,0,0,False
1783947642.4476278,20,1784249102.9887588,37.51583123521782,0.6522148470283056,-500,True,37.5,36.5,38.6,0.95,0.05,0.0,0.7,0.03,2,1784249113.0148144,True,False,True,False,1784248955.1559186,False,1,0,0,False
1783947642.4476278,20,1784249122.994655,37.49713893339437,0.6523674372472725,-500,True,37.5,36.5,38.6,0.95,0.05,0.0,0.7,0.03,2,1784249133.0206456,True,False,True,True,1784249135.1559298,False,True,1,0,False
1783947642.4476278,20,1784249143.0004401,37.49713893339437,0.6523674372472725,-500,True,37.5,36.5,38.6,0.95,0.05,0.0,0.7,0.03,2,1784249153.0264742,True,False,True,True,1784249135.1559298,False,True,1,0,False
1783947642.4476278,20,1784249163.006338,37.45975432974747,0.6519096665903716,-500,True,37.5,36.5,38.6,0.95,0.05,0.0,0.7,0.03,2,1784249173.0323203,True,False,True,False,1784249135.1559298,False,True,1,0,False
1783947642.4476278,20,1784249183.0121589,37.48645761806668,0.6518524452582589,-500,True,37.5,36.5,38.6,0.95,0.05,0.0,0.7,0.03,2,1784249193.0383916,True,False,True,False,1784249135.1559298,False,True,1,0,False
1783947642.4476278,20,1784249203.017989,37.49980926222629,0.6519478141451133,-500,True,37.5,36.5,38.6,0.95,0.05,0.0,0.7,0.03,2,1784249213.0439966,True,False,True,False,1784249135.1559298,False,True,1,0,False
1783947642.4476278,20,1784249223.0238104,37.52384222171359,0.6522148470283056,-500,True,37.5,36.5,38.6,0.95,0.05,0.0,0.7,0.03,2,1784249233.049844,True,False,True,False,1784249135.1559298,False,1,0,0,False
1783947642.4476278,20,1784249243.029835,37.52918287937743,0.6519287403677424,-500,True,37.5,36.5,38.6,0.95,0.05,0.0,0.7,0.03,2,1784249253.05604,True,False,True,False,1784249135.1559298,False,1,0,0,False
1783947642.4476278,20,1784249263.0357869,37.507820248722055,0.6521957732509347,-500,True,37.5,36.5,38.6,0.95,0.05,0.0,0.7,0.03,2,1784249273.0618896,True,False,True,False,1784249135.1559298,False,1,0,0,False
1783947642.4476278,20,1784249283.0415382,37.45975432974747,0.6519668879224843,-500,True,37.5,36.5,38.6,0.95,0.05,0.0,0.7,0.03,2,1784249293.0676281,True,False,True,False,1784249135.1559298,False,True,1,0,False
1783947642.4476278,20,1784249303.0473337,37.489127946898606,0.6520050354772259,-500,True,37.5,36.5,38.6,0.95,0.05,0.0,0.7,0.03,2,1784249313.0733397,True,False,True,True,1784249315.155941,False,True,1,0,False
1783947642.4476278,20,1784249323.0531695,37.470435645075156,0.6520241092545968,-500,True,37.5,36.5,38.6,0.95,0.05,0.0,0.7,0.03,2,1784249333.0792046,True,False,True,True,1784249315.155941,False,True,1,0,False
1783947642.4476278,20,1784249343.0590272,37.45441367208362,0.6521194781414512,-500,True,37.5,36.5,38.6,0.95,0.05,0.0,0.7,0.03,2,1784249353.0850804,True,False,True,False,1784249315.155941,False,True,1,0,False
1783947642.4476278,20,1784249363.064831,37.470435645075156,0.6520050354772259,-500,True,37.5,36.5,38.6,0.95,0.05,0.0,0.7,0.03,2,1784249373.090886,True,False,True,False,1784249315.155941,False,True,1,0,False
1783947642.4476278,20,1784249383.070738,37.49179827573053,0.6522720683604182,-500,True,37.5,36.5,38.6,0.95,0.05,0.0,0.7,0.03,2,1784249393.0967388,True,False,True,False,1784249315.155941,False,True,1,0,False
1783947642.4476278,20,1784249403.0765061,37.51583123521782,0.6521766994735637,-500,True,37.5,36.5,38.6,0.95,0.05,0.0,0.7,0.03,2,1784249413.1025395,True,False,True,False,1784249315.155941,False,1,0,0,False
1783947642.4476278,20,1784249423.082362,37.52384222171359,0.6517952239261463,-500,True,37.5,36.5,38.6,0.95,0.05,0.0,0.7,0.03,2,1784249433.1084232,True,False,True,False,1784249315.155941,False,1,0,0,False
1783947642.4476278,20,1784249443.0882537,37.507820248722055,0.6521004043640802,-500,True,37.5,36.5,38.6,0.95,0.05,0.0,0.7,0.03,2,1784249453.1143668,True,False,True,False,1784249315.155941,False,1,0,0,False
1783947642.4476278,20,1784249463.094242,37.49713893339437,0.6521957732509347,-500,True,37.5,36.5,38.6,0.95,0.05,0.0,0.7,0.03,2,1784249473.1202261,True,False,True,False,1784249315.155941,False,True,1,0,False
1783947642.4476278,20,1784249483.1000342,37.49713893339437,0.6521004043640802,-500,True,37.5,36.5,38.6,0.95,0.05,0.0,0.7,0.03,2,1784249493.126227,True,False,True,True,1784249495.1559653,False,True,1,0,False
1783947642.4476278,20,1784249503.1060262,37.483787289234755,0.6519668879224843,-500,True,37.5,36.5,38.6,0.95,0.05,0.0,0.7,0.03,2,1784249513.132016,True,False,True,True,1784249495.1559653,False,True,1,0,False
1783947642.4476278,20,1784249523.1118948,37.465094987411305,0.6522529945830472,-500,True,37.5,36.5,38.6,0.95,0.05,0.0,0.7,0.03,2,1784249533.1379626,True,False,True,False,1784249495.1559653,False,True,1,0,False
1783947642.4476278,20,1784249543.1177042,37.49179827573053,0.6517952239261463,-500,True,37.5,36.5,38.6,0.95,0.05,0.0,0.7,0.03,2,1784249553.1437187,True,False,True,False,1784249495.1559653,False,True,1,0,False
1783947642.4476278,20,1784249563.12353,37.49713893339437,0.6522339208056763,-500,True,37.5,36.5,38.6,0.95,0.05,0.0,0.7,0.03,2,1784249573.1496947,True,False,True,False,1784249495.1559653,False,True,1,0,False
1783947642.4476278,20,1784249583.1293094,37.507820248722055,0.6518905928130008,-500,True,37.5,36.5,38.6,0.95,0.05,0.0,0.7,0.03,2,1784249593.1554127,True,False,True,False,1784249495.1559653,False,1,0,0,False
1783947642.4476278,20,1784249603.1352656,37.51049057755398,0.6519668879224843,-500,True,37.5,36.5,38.6,0.95,0.05,0.0,0.7,0.03,2,1784249613.1612747,True,False,True,False,1784249495.1559653,False,1,0,0,False
1783947642.4476278,20,1784249623.141068,37.470435645075156,0.6518715190356298,-500,True,37.5,36.5,38.6,0.95,0.05,0.0,0.7,0.03,2,1784249633.167088,True,False,True,False,1784249495.1559653,False,True,1,0,False
1783947642.4476278,20,1784249643.1469102,37.48645761806668,0.6518142977035173,-500,True,37.5,36.5,38.6,0.95,0.05,0.0,0.7,0.03,2,1784249653.1729193,True,False,True,False,1784249495.1559653,False,True,1,0,False
1783947642.4476278,20,1784249663.152776,37.470435645075156,0.6519096665903716,-500,True,37.5,36.5,38.6,0.95,0.05,0.0,0.7,0.03,2,1784249673.1789672,True,False,True,True,1784249675.1559684,False,True,1,0,False
1783947642.4476278,20,1784249683.158591,37.47577630273899,0.6516807812619212,-500,True,37.5,36.5,38.6,0.95,0.05,0.0,0.7,0.03,2,1784249693.1845758,True,False,True,True,1784249675.1559684,False,True,1,0,False
1783947642.4476278,20,1784249703.1643543,37.47310597390707,0.6517570763714047,-500,True,37.5,36.5,38.6,0.95,0.05,0.0,0.7,0.03,2,1784249713.1904004,True,False,True,False,1784249675.1559684,False,True,1,0,False
1783947642.4476278,20,1784249723.1702387,37.470435645075156,0.6520241092545968,-500,True,37.5,36.5,38.6,0.95,0.05,0.0,0.7,0.03,2,1784249733.1962366,True,False,True,False,1784249675.1559684,False,True,1,0,False
1783947642.4476278,20,1784249743.1760488,37.513160906385906,0.6519096665903716,-500,True,37.5,36.5,38.6,0.95,0.05,0.0,0.7,0.03,2,1784249753.2020822,True,False,True,False,1784249675.1559684,False,1,0,0,False
1783947642.4476278,20,1784249763.1819088,37.49713893339437,0.6516235599298085,-500,True,37.5,36.5,38.6,0.95,0.05,0.0,0.7,0.03,2,1784249773.2079852,True,False,True,False,1784249675.1559684,False,True,1,0,False
1783947642.4476278,20,1784249783.1878092,37.53452353704128,0.6521766994735637,-500,True,37.5,36.5,38.6,0.95,0.05,0.0,0.7,0.03,2,1784249793.2138531,True,False,True,False,1784249675.1559684,False,1,0,0,False
1783947642.4476278,20,1784249803.1937072,37.526512550545505,0.6520050354772259,-500,True,37.5,36.5,38.6,0.95,0.05,0.0,0.7,0.03,2,1784249813.2197337,True,False,True,False,1784249675.1559684,False,1,0,0,False
1783947642.4476278,20,1784249823.1995702,37.47577630273899,0.6519096665903716,-500,True,37.5,36.5,38.6,0.95,0.05,0.0,0.7,0.03,2,1784249833.225629,True,False,True,False,1784249675.1559684,False,True,1,0,False
1783947642.4476278,20,1784249843.205383,37.45441367208362,0.6516426337071793,-500,True,37.5,36.5,38.6,0.95,0.05,0.0,0.7,0.03,2,1784249853.2314343,True,False,True,True,1784249855.1559896,False,True,1,0,False
1783947642.4476278,20,1784249863.2112658,37.43305104142824,0.6516807812619212,-500,True,37.5,36.5,38.6,0.95,0.05,0.0,0.7,0.03,2,1784249873.2373786,True,False,True,True,1784249855.1559896,False,True,1,0,False
1783947642.4476278,20,1784249883.217144,37.438391699092094,0.6519668879224843,-500,True,37.5,36.5,38.6,0.95,0.05,0.0,0.7,0.03,2,1784249893.2431338,True,False,True,False,1784249855.1559896,False,True,1,0,False
1783947642.4476278,20,1784249903.222929,37.46776531624323,0.6521194781414512,-500,True,37.5,36.5,38.6,0.95,0.05,0.0,0.7,0.03,2,1784249913.2489355,True,False,True,False,1784249855.1559896,False,True,1,0,False
1783947642.4476278,20,1784249923.228707,37.43305104142824,0.6520813305867094,-500,True,37.5,36.5,38.6,0.95,0.05,0.0,0.7,0.03,2,1784249933.2547355,True,False,True,False,1784249855.1559896,False,True,1,0,False
1783947642.4476278,20,1784249943.2346177,37.47577630273899,0.6517380025940338,-500,True,37.5,36.5,38.6,0.95,0.05,0.0,0.7,0.03,2,1784249953.260586,True,False,True,False,1784249855.1559896,False,True,1,0,False
1783947642.4476278,20,1784249963.2403705,37.50247959105822,0.6518142977035173,-500,True,37.5,36.5,38.6,0.95,0.05,0.0,0.7,0.03,2,1784249973.266385,True,False,True,False,1784249855.1559896,False,1,0,0,False
1783947642.4476278,20,1784249983.2461963,37.513160906385906,0.6518333714808882,-500,True,37.5,36.5,38.6,0.95,0.05,0.0,0.7,0.03,2,1784249993.2721436,True,False,True,False,1784249855.1559896,False,1,0,0,False
1783947642.4476278,20,1784250003.2520368,37.483787289234755,0.6517380025940338,-500,True,37.5,36.5,38.6,0.95,0.05,0.0,0.7,0.03,2,1784250013.2781074,False,True,True,False,1784249855.1559896,False,True,1,0,False
1783947642.4476278,20,1784250023.2578995,37.45975432974747,0.6517952239261463,-500,True,37.5,36.5,38.6,0.95,0.05,0.0,0.7,0.03,2,1784250033.2838762,False,True,True,True,1784250035.155998,False,True,1,0,False
1783947642.4476278,20,1784250043.2636862,37.43305104142824,0.6516617074845503,-500,True,37.5,36.5,38.6,0.95,0.05,0.0,0.7,0.03,2,1784250053.2899199,False,True,True,True,1784250035.155998,False,True,1,0,False
1783947642.4476278,20,1784250063.26952,37.41702906843672,0.6517380025940338,-500,True,37.5,36.5,38.6,0.95,0.05,0.0,0.7,0.03,2,1784250073.295574,False,True,True,False,1784250035.155998,False,True,1,0,False
1783947642.4476278,20,1784250083.2753866,37.43305104142824,0.6519859616998551,-500,True,37.5,36.5,38.6,0.95,0.05,0.0,0.7,0.03,2,1784250093.3014767,False,True,True,False,1784250035.155998,False,True,1,0,False
1783947642.4476278,20,1784250103.2812383,37.446402685587856,0.6517380025940338,-500,True,37.5,36.5,38.6,0.95,0.05,0.0,0.7,0.03,2,1784250113.3072937,False,True,True,False,1784250035.155998,False,True,1,0,False
1783947642.4476278,20,1784250123.2871366,37.465094987411305,0.6516617074845503,-500,True,37.5,36.5,38.6,0.95,0.05,0.0,0.7,0.03,2,1784250133.313143,False,True,True,False,1784250035.155998,False,True,1,0,False
1783947642.4476278,20,1784250143.2929192,37.49713893339437,0.6517952239261463,-500,True,37.5,36.5,38.6,0.95,0.05,0.0,0.7,0.03,2,1784250153.3191235,False,True,True,False,1784250035.155998,False,True,1,0,False
1783947642.4476278,20,1784250163.2988067,37.513160906385906,0.6517189288166628,-500,True,37.5,36.5,38.6,0.95,0.05,0.0,0.7,0.03,2,1784250173.3248591,False,True,True,False,1784250035.155998,False,1,0,0,False
1783947642.4476278,20,1784250183.30467,37.48645761806668,0.6519668879224843,-500,True,37.5,36.5,38.6,0.95,0.05,0.0,0.7,0.03,2,1784250193.330719,False,True,True,False,1784250035.155998,False,True,1,0,False
1783947642.4476278,20,1784250203.3104966,37.526512550545505,0.6519287403677424,-500,True,37.5,36.5,38.6,0.95,0.05,0.0,0.7,0.03,2,1784250213.3364828,False,True,True,True,1784250215.1560051,False,1,0,0,False
1783947642.4476278,20,1784250223.3163674,37.48645761806668,0.6517570763714047,-500,True,37.5,36.5,38.6,0.95,0.05,0.0,0.7,0.03,2,1784250233.3425038,False,True,True,True,1784250215.1560051,False,True,1,0,False
1783947642.4476278,20,1784250243.3223882,37.44907301441978,0.6516807812619212,-500,True,37.5,36.5,38.6,0.95,0.05,0.0,0.7,0.03,2,1784250253.348354,False,True,True,False,1784250215.1560051,False,True,1,0,False
1783947642.4476278,20,1784250263.3281298,37.470435645075156,0.6519287403677424,-500,True,37.5,36.5,38.6,0.95,0.05,0.0,0.7,0.03,2,1784250273.3541512,False,True,True,False,1784250215.1560051,False,True,1,0,False
1783947642.4476278,20,1784250283.3339393,37.481116960402844,0.6519668879224843,-500,True,37.5,36.5,38.6,0.95,0.05,0.0,0.7,0.03,2,1784250293.3599303,False,True,True,False,1784250215.1560051,False,True,1,0,False
1783947642.4476278,20,1784250303.339805,37.49980926222629,0.6519859616998551,-500,True,37.5,36.5,38.6,0.95,0.05,0.0,0.7,0.03,2,1784250313.3659525,False,True,True,False,1784250215.1560051,False,True,1,0,False
1783947642.4476278,20,1784250323.3456733,37.507820248722055,0.6517761501487754,-500,True,37.5,36.5,38.6,0.95,0.05,0.0,0.7,0.03,2,1784250333.3716815,False,True,True,False,1784250215.1560051,False,1,0,0,False
1783947642.4476278,20,1784250343.35151,37.49713893339437,0.6521385519188221,-500,True,37.5,36.5,38.6,0.95,0.05,0.0,0.7,0.03,2,1784250353.3776321,False,True,True,False,1784250215.1560051,False,True,1,0,False
1783947642.4476278,20,1784250363.3573744,37.49179827573053,0.6516617074845503,-500,True,37.5,36.5,38.6,0.95,0.05,0.0,0.7,0.03,2,1784250373.3834257,False,True,True,False,1784250215.1560051,False,True,1,0,False
1783947642.4476278,20,1784250383.363288,37.50247959105822,0.6519668879224843,-500,True,37.5,36.5,38.6,0.95,0.05,0.0,0.7,0.03,2,1784250393.3892875,False,True,True,True,1784250395.1560209,False,1,0,0,False
1783947642.4476278,20,1784250403.3690631,37.489127946898606,0.6517761501487754,-500,True,37.5,36.5,38.6,0.95,0.05,0.0,0.7,0.03,2,1784250413.395109,False,True,True,True,1784250395.1560209,False,True,1,0,False
1783947642.4476278,20,1784250423.3749354,37.438391699092094,0.6514709697108415,-500,True,37.5,36.5,38.6,0.95,0.05,0.0,0.7,0.03,2,1784250433.4009714,False,True,True,False,1784250395.1560209,False,True,1,0,False
1783947642.4476278,20,1784250443.380806,37.45441367208362,0.6515281910429542,-500,True,37.5,36.5,38.6,0.95,0.05,0.0,0.7,0.03,2,1784250453.4069211,False,True,True,False,1784250395.1560209,False,True,1,0,False
1783947642.4476278,20,1784250463.3867362,37.44373235675593,0.6517761501487754,-500,True,37.5,36.5,38.6,0.95,0.05,0.0,0.7,0.03,2,1784250473.4128034,False,True,True,False,1784250395.1560209,False,True,1,0,False
1783947642.4476278,20,1784250483.392542,37.465094987411305,0.6516617074845503,-500,True,37.5,36.5,38.6,0.95,0.05,0.0,0.7,0.03,2,1784250493.418602,False,True,True,False,1784250395.1560209,False,True,1,0,False
1783947642.4476278,20,1784250503.3984206,37.483787289234755,0.6516617074845503,-500,True,37.5,36.5,38.6,0.95,0.05,0.0,0.7,0.03,2,1784250513.4244215,False,True,True,False,1784250395.1560209,False,True,1,0,False
1783947642.4476278,20,1784250523.404308,37.54520485236897,0.6519478141451133,-500,True,37.5,36.5,38.6,0.95,0.05,0.0,0.7,0.03,2,1784250533.4305615,False,True,True,False,1784250395.1560209,False,1,0,0,False
1783947642.4476278,20,1784250543.4103723,37.50247959105822,0.6520050354772259,-500,True,37.5,36.5,38.6,0.95,0.05,0.0,0.7,0.03,2,1784250553.4364703,False,True,True,False,1784250395.1560209,False,1,0,0,False
1783947642.4476278,20,1784250563.4162638,37.49179827573053,0.6516235599298085,-500,True,37.5,36.5,38.6,0.95,0.05,0.0,0.7,0.03,2,1784250573.442447,False,True,True,True,1784250575.1560428,False,True,1,0,False
1783947642.4476278,20,1784250583.4221535,37.44373235675593,0.6517380025940338,-500,True,37.5,36.5,38.6,0.95,0.05,0.0,0.7,0.03,2,1784250593.4482431,False,True,True,True,1784250575.1560428,False,True,1,0,False
1783947642.4476278,20,1784250603.4279294,37.41435873960479,0.6517570763714047,-500,True,37.5,36.5,38.6,0.95,0.05,0.0,0.7,0.03,2,1784250613.453965,False,True,True,False,1784250575.1560428,False,True,1,0,False
1783947642.4476278,20,1784250623.4337204,37.427710383764406,0.6518524452582589,-500,True,37.5,36.5,38.6,0.95,0.05,0.0,0.7,0.03,2,1784250633.459974,False,True,True,False,1784250575.1560428,False,True,1,0,False
1783947642.4476278,20,1784250643.4395766,37.45975432974747,0.6518524452582589,-500,True,37.5,36.5,38.6,0.95,0.05,0.0,0.7,0.03,2,1784250653.4689913,False,True,True,False,1784250575.1560428,False,True,1,0,False
1783947642.4476278,20,1784250663.448762,37.44373235675593,0.6517380025940338,-500,True,37.5,36.5,38.6,0.95,0.05,0.0,0.7,0.03,2,1784250673.4747884,False,True,True,False,1784250575.1560428,False,True,1,0,False
1783947642.4476278,20,1784250683.454594,37.47577630273899,0.6516235599298085,-500,True,37.5,36.5,38.6,0.95,0.05,0.0,0.7,0.03,2,1784250693.4805744,False,True,True,False,1784250575.1560428,False,True,1,0,False
1783947642.4476278,20,1784250703.4603393,37.489127946898606,0.651699855039292,-500,True,37.5,36.5,38.6,0.95,0.05,0.0,0.7,0.03,2,1784250713.4863615,False,True,True,False,1784250575.1560428,False,True,1,0,False
1783947642.4476278,20,1784250723.466182,37.49713893339437,0.651547264820325,-500,True,37.5,36.5,38.6,0.95,0.05,0.0,0.7,0.03,2,1784250733.4922087,False,True,True,False,1784250575.1560428,False,True,1,0,False
1783947642.4476278,20,1784250743.4720013,37.513160906385906,0.6514709697108415,-500,True,37.5,36.5,38.6,0.95,0.05,0.0,0.7,0.03,2,1784250753.4980211,False,True,True,True,1784250755.1560752,False,1,0,0,False
1783947642.4476278,20,1784250763.4777715,37.49179827573053,0.6519287403677424,-500,True,37.5,36.5,38.6,0.95,0.05,0.0,0.7,0.03,2,1784250773.5038266,False,True,True,True,1784250755.1560752,False,True,1,0,False
1783947642.4476278,20,1784250783.4836602,37.45975432974747,0.6514137483787289,-500,True,37.5,36.5,38.6,0.95,0.05,0.0,0.7,0.03,2,1784250793.5097392,False,True,True,False,1784250755.1560752,False,True,1,0,False
1783947642.4476278,20,1784250803.4895995,37.47310597390707,0.6519287403677424,-500,True,37.5,36.5,38.6,0.95,0.05,0.0,0.7,0.03,2,1784250813.5156112,False,True,True,False,1784250755.1560752,False,True,1,0,False
1783947642.4476278,20,1784250823.4954247,37.45975432974747,0.6516044861524377,-500,True,37.5,36.5,38.6,0.95,0.05,0.0,0.7,0.03,2,1784250833.5215013,False,True,True,False,1784250755.1560752,False,True,1,0,False
1783947642.4476278,20,1784250843.5012703,37.47577630273899,0.6516807812619212,-500,True,37.5,36.5,38.6,0.95,0.05,0.0,0.7,0.03,2,1784250853.527298,False,True,True,False,1784250755.1560752,False,True,1,0,False
1783947642.4476278,20,1784250863.5071127,37.481116960402844,0.6515281910429542,-500,True,37.5,36.5,38.6,0.95,0.05,0.0,0.7,0.03,2,1784250873.533148,False,True,True,False,1784250755.1560752,False,True,1,0,False
1783947642.4476278,20,1784250883.5129547,37.513160906385906,0.6514328221560999,-500,True,37.5,36.5,38.6,0.95,0.05,0.0,0.7,0.03,2,1784250893.5392168,False,True,True,False,1784250755.1560752,False,1,0,0,False
1783947642.4476278,20,1784250903.5190458,37.52117189288167,0.6514900434882124,-500,True,37.5,36.5,38.6,0.95,0.05,0.0,0.7,0.03,2,1784250913.5450158,False,True,True,False,1784250755.1560752,False,1,0,0,False
1783947642.4476278,20,1784250923.5247962,37.507820248722055,0.6516617074845503,-500,True,37.5,36.5,38.6,0.95,0.05,0.0,0.7,0.03,2,1784250933.5508027,False,True,True,True,1784250935.1560795,False,1,0,0,False
1783947642.4476278,20,1784250943.5306726,37.45975432974747,0.6512993057145038,-500,True,37.5,36.5,38.6,0.95,0.05,0.0,0.7,0.03,2,1784250953.556642,False,True,True,True,1784250935.1560795,False,True,1,0,False
1783947642.4476278,20,1784250963.5364172,37.427710383764406,0.651394674601358,-500,True,37.5,36.5,38.6,0.95,0.05,0.0,0.7,0.03,2,1784250973.562569,False,True,True,False,1784250935.1560795,False,True,1,0,False
1783947642.4476278,20,1784250983.542393,37.43305104142824,0.6516044861524377,-500,True,37.5,36.5,38.6,0.95,0.05,0.0,0.7,0.03,2,1784250993.5683231,False,True,True,False,1784250935.1560795,False,True,1,0,False
1783947642.4476278,20,1784251003.5481486,37.43572137026017,0.6515663385976959,-500,True,37.5,36.5,38.6,0.95,0.05,0.0,0.7,0.03,2,1784251013.5744276,False,True,True,False,1784250935.1560795,False,True,1,0,False
1783947642.4476278,20,1784251023.5540922,37.44373235675593,0.6516235599298085,-500,True,37.5,36.5,38.6,0.95,0.05,0.0,0.7,0.03,2,1784251033.5801318,False,True,True,False,1784250935.1560795,False,True,1,0,False
1783947642.4476278,20,1784251043.5599377,37.465094987411305,0.6514900434882124,-500,True,37.5,36.5,38.6,0.95,0.05,0.0,0.7,0.03,2,1784251053.585997,False,True,True,False,1784250935.1560795,False,True,1,0,False
1783947642.4476278,20,1784251063.565768,37.48645761806668,0.6515281910429542,-500,True,37.5,36.5,38.6,0.95,0.05,0.0,0.7,0.03,2,1784251073.591768,False,True,True,False,1784250935.1560795,False,True,1,0,False
1783947642.4476278,20,1784251083.5715759,37.513160906385906,0.6517761501487754,-500,True,37.5,36.5,38.6,0.95,0.05,0.0,0.7,0.03,2,1784251093.597583,False,True,True,False,1784250935.1560795,False,1,0,0,False
1783947642.4476278,20,1784251103.5774505,37.51583123521782,0.6514709697108415,-500,True,37.5,36.5,38.6,0.95,0.05,0.0,0.7,0.03,2,1784251113.6036189,False,True,True,True,1784251115.1560864,False,1,0,0,False
1783947642.4476278,20,1784251123.583283,37.49179827573053,0.6515091172655834,-500,True,37.5,36.5,38.6,0.95,0.05,0.0,0.7,0.03,2,1784251133.6094134,False,True,True,True,1784251115.1560864,False,True,1,0,False
1783947642.4476278,20,1784251143.589183,37.465094987411305,0.6516235599298085,-500,True,37.5,36.5,38.6,0.95,0.05,0.0,0.7,0.03,2,1784251153.615239,False,True,True,False,1784251115.1560864,False,True,1,0,False
1783947642.4476278,20,1784251163.5951204,37.507820248722055,0.6518524452582589,-500,True,37.5,36.5,38.6,0.95,0.05,0.0,0.7,0.03,2,1784251173.6211357,False,True,True,False,1784251115.1560864,False,1,0,0,False
1783947642.4476278,20,1784251183.6009407,37.49713893339437,0.6517380025940338,-500,True,37.5,36.5,38.6,0.95,0.05,0.0,0.7,0.03,2,1784251193.6269622,False,True,True,False,1784251115.1560864,False,True,1,0,False
1783947642.4476278,20,1784251203.606791,37.489127946898606,0.6514328221560999,-500,True,37.5,36.5,38.6,0.95,0.05,0.0,0.7,0.03,2,1784251213.6327968,False,True,True,False,1784251115.1560864,False,True,1,0,False
1783947642.4476278,20,1784251223.6125925,37.50247959105822,0.651699855039292,-500,True,37.5,36.5,38.6,0.95,0.05,0.0,0.7,0.03,2,1784251233.6386106,False,True,True,False,1784251115.1560864,False,1,0,0,False
1783947642.4476278,20,1784251243.6184232,37.52384222171359,0.6516807812619212,-500,True,37.5,36.5,38.6,0.95,0.05,0.0,0.7,0.03,2,1784251253.6444595,False,True,True,False,1784251115.1560864,False,1,0,0,False
1783947642.4476278,20,1784251263.6242578,37.49713893339437,0.6516044861524377,-500,True,37.5,36.5,38.6,0.95,0.05,0.0,0.7,0.03,2,1784251273.650284,False,True,True,False,1784251115.1560864,False,True,1,0,False
1783947642.4476278,20,1784251283.6300774,37.507820248722055,0.6518142977035173,-500,True,37.5,36.5,38.6,0.95,0.05,0.0,0.7,0.03,2,1784251293.6560535,False,True,True,True,1784251295.156115,False,1,0,0,False
1783947642.4476278,20,1784251303.6359112,37.489127946898606,0.6513756008239873,-500,True,37.5,36.5,38.6,0.95,0.05,0.0,0.7,0.03,2,1784251313.6619618,False,True,True,True,1784251295.156115,False,True,1,0,False
1783947642.4476278,20,1784251323.6417158,37.45975432974747,0.6516807812619212,-500,True,37.5,36.5,38.6,0.95,0.05,0.0,0.7,0.03,2,1784251333.6677177,False,True,True,False,1784251295.156115,False,True,1,0,False
1783947642.4476278,20,1784251343.6475437,37.470435645075156,0.651394674601358,-500,True,37.5,36.5,38.6,0.95,0.05,0.0,0.7,0.03,2,1784251353.673581,False,True,True,False,1784251295.156115,False,True,1,0,False
1783947642.4476278,20,1784251363.6533663,37.47577630273899,0.6514900434882124,-500,True,37.5,36.5,38.6,0.95,0.05,0.0,0.7,0.03,2,1784251373.6793878,False,True,True,False,1784251295.156115,False,True,1,0,False
1783947642.4476278,20,1784251383.659247,37.49713893339437,0.6516617074845503,-500,True,37.5,36.5,38.6,0.95,0.05,0.0,0.7,0.03,2,1784251393.6854153,False,True,True,False,1784251295.156115,False,True,1,0,False
1783947642.4476278,20,1784251403.6651769,37.49980926222629,0.6517570763714047,-500,True,37.5,36.5,38.6,0.95,0.05,0.0,0.7,0.03,2,1784251413.6912384,False,True,True,False,1784251295.156115,False,True,1,0,False
1783947642.4476278,20,1784251423.671058,37.53452353704128,0.6517570763714047,-500,True,37.5,36.5,38.6,0.95,0.05,0.0,0.7,0.03,2,1784251433.697054,False,True,True,False,1784251295.156115,False,1,0,0,False
1783947642.4476278,20,1784251443.6768754,37.507820248722055,0.651394674601358,-500,True,37.5,36.5,38.6,0.95,0.05,0.0,0.7,0.03,2,1784251453.702948,False,True,True,False,1784251295.156115,False,1,0,0,False
1783947642.4476278,20,1784251463.6827803,37.48645761806668,0.6512420843823911,-500,True,37.5,36.5,38.6,0.95,0.05,0.0,0.7,0.03,2,1784251473.708926,False,True,True,True,1784251475.156125,False,True,1,0,False
1783947642.4476278,20,1784251483.6887155,37.470435645075156,0.6513565270466164,-500,True,37.5,36.5,38.6,0.95,0.05,0.0,0.7,0.03,2,1784251493.714916,False,True,True,True,1784251475.156125,False,True,1,0,False
1783947642.4476278,20,1784251503.6945934,37.446402685587856,0.6512993057145038,-500,True,37.5,36.5,38.6,0.95,0.05,0.0,0.7,0.03,2,1784251513.7206068,False,True,True,False,1784251475.156125,False,True,1,0,False
1783947642.4476278,20,1784251523.7004178,37.49179827573053,0.6515854123750668,-500,True,37.5,36.5,38.6,0.95,0.05,0.0,0.7,0.03,2,1784251533.7265544,False,True,True,False,1784251475.156125,False,True,1,0,False
1783947642.4476278,20,1784251543.706364,37.481116960402844,0.6516617074845503,-500,True,37.5,36.5,38.6,0.95,0.05,0.0,0.7,0.03,2,1784251553.7323704,False,True,True,False,1784251475.156125,False,True,1,0,False
1783947642.4476278,20,1784251563.712181,37.48645761806668,0.6515854123750668,-500,True,37.5,36.5,38.6,0.95,0.05,0.0,0.7,0.03,2,1784251573.738452,False,True,True,False,1784251475.156125,False,True,1,0,False
1783947642.4476278,20,1784251583.7181478,37.49713893339437,0.6514518959334707,-500,True,37.5,36.5,38.6,0.95,0.05,0.0,0.7,0.03,2,1784251593.7444184,False,True,True,False,1784251475.156125,False,True,1,0,False
1783947642.4476278,20,1784251603.724003,37.526512550545505,0.6516426337071793,-500,True,37.5,36.5,38.6,0.95,0.05,0.0,0.7,0.03,2,1784251613.7502563,False,True,True,False,1784251475.156125,False,1,0,0,False
1783947642.4476278,20,1784251623.7298903,37.507820248722055,0.6513756008239873,-500,True,37.5,36.5,38.6,0.95,0.05,0.0,0.7,0.03,2,1784251633.7559404,False,True,True,False,1784251475.156125,False,1,0,0,False
1783947642.4476278,20,1784251643.7358043,37.507820248722055,0.6514518959334707,-500,True,37.5,36.5,38.6,0.95,0.05,0.0,0.7,0.03,2,1784251653.7620876,False,True,True,True,1784251655.156151,False,1,0,0,False
1783947642.4476278,20,1784251663.742067,37.45975432974747,0.6512802319371329,-500,True,37.5,36.5,38.6,0.95,0.05,0.0,0.7,0.03,2,1784251673.7683241,False,True,True,True,1784251655.156151,False,True,1,0,False
1783947642.4476278,20,1784251683.7481377,37.43305104142824,0.6510513466086825,-500,True,37.5,36.5,38.6,0.95,0.05,0.0,0.7,0.03,2,1784251693.7742395,False,True,True,False,1784251655.156151,False,True,1,0,False
1783947642.4476278,20,1784251703.7540553,37.46242465857938,0.6514900434882124,-500,True,37.5,36.5,38.6,0.95,0.05,0.0,0.7,0.03,2,1784251713.7800462,False,True,True,False,1784251655.156151,False,True,1,0,False
1783947642.4476278,20,1784251723.7598424,37.43305104142824,0.6512611581597619,-500,True,37.5,36.5,38.6,0.95,0.05,0.0,0.7,0.03,2,1784251733.7860355,False,True,True,False,1784251655.156151,False,True,1,0,False
1783947642.4476278,20,1784251743.7657986,37.470435645075156,0.6512993057145038,-500,True,37.5,36.5,38.6,0.95,0.05,0.0,0.7,0.03,2,1784251753.7918425,False,True,True,False,1784251655.156151,False,True,1,0,False
1783947642.4476278,20,1784251763.7716544,37.48645761806668,0.6514328221560999,-500,True,37.5,36.5,38.6,0.95,0.05,0.0,0.7,0.03,2,1784251773.797724,False,True,True,False,1784251655.156151,False,True,1,0,False
1783947642.4476278,20,1784251783.7774951,37.50247959105822,0.6516426337071793,-500,True,37.5,36.5,38.6,0.95,0.05,0.0,0.7,0.03,2,1784251793.8035166,False,True,True,False,1784251655.156151,False,1,0,0,False
1783947642.4476278,20,1784251803.783354,37.526512550545505,0.6512993057145038,-500,True,37.5,36.5,38.6,0.95,0.05,0.0,0.7,0.03,2,1784251813.8095953,False,True,True,False,1784251655.156151,False,1,0,0,False
1783947642.4476278,20,1784251823.789404,37.53986419470512,0.6517189288166628,-500,True,37.5,36.5,38.6,0.95,0.05,0.0,0.7,0.03,2,1784251833.815404,False,True,True,True,1784251835.1561818,False,1,0,0,False
1783947642.4476278,20,1784251843.795244,37.470435645075156,0.651108567940795,-500,True,37.5,36.5,38.6,0.95,0.05,0.0,0.7,0.03,2,1784251853.8213067,False,True,True,True,1784251835.1561818,False,True,1,0,False
1783947642.4476278,20,1784251863.8011074,37.44373235675593,0.6514518959334707,-500,True,37.5,36.5,38.6,0.95,0.05,0.0,0.7,0.03,2,1784251873.8271031,False,True,True,False,1784251835.1561818,False,True,1,0,False
1783947642.4476278,20,1784251883.806944,37.45975432974747,0.6516235599298085,-500,True,37.5,36.5,38.6,0.95,0.05,0.0,0.7,0.03,2,1784251893.8330321,False,True,True,False,1784251835.1561818,False,True,1,0,False
1783947642.4476278,20,1784251903.8128068,37.45174334325169,0.6512802319371329,-500,True,37.5,36.5,38.6,0.95,0.05,0.0,0.7,0.03,2,1784251913.8388312,False,True,True,False,1784251835.1561818,False,True,1,0,False
1783947642.4476278,20,1784251923.8186898,37.470435645075156,0.651394674601358,-500,True,37.5,36.5,38.6,0.95,0.05,0.0,0.7,0.03,2,1784251933.8447282,False,True,True,False,1784251835.1561818,False,True,1,0,False
1783947642.4476278,20,1784251943.8245366,37.465094987411305,0.6513183794918745,-500,True,37.5,36.5,38.6,0.95,0.05,0.0,0.7,0.03,2,1784251953.8505821,False,True,True,False,1784251835.1561818,False,True,1,0,False
1783947642.4476278,20,1784251963.830369,37.50247959105822,0.6512420843823911,-500,True,37.5,36.5,38.6,0.95,0.05,0.0,0.7,0.03,2,1784251973.856491,False,True,True,False,1784251835.1561818,False,1,0,0,False
1783947642.4476278,20,1784251983.8361676,37.49713893339437,0.6513183794918745,-500,True,37.5,36.5,38.6,0.95,0.05,0.0,0.7,0.03,2,1784251993.8622353,False,True,True,False,1784251835.1561818,False,True,1,0,False
1783947642.4476278,20,1784252003.8420472,37.49446860456244,0.6513374532692454,-500,True,37.5,36.5,38.6,0.95,0.05,0.0,0.7,0.03,2,1784252013.86804,False,True,True,True,1784252015.1562107,False,True,1,0,False
1783947642.4476278,20,1784252023.847894,37.49179827573053,0.6513565270466164,-500,True,37.5,36.5,38.6,0.95,0.05,0.0,0.7,0.03,2,1784252033.8739676,False,True,True,True,1784252015.1562107,False,True,1,0,False
1783947642.4476278,20,1784252043.8536892,37.470435645075156,0.6514137483787289,-500,True,37.5,36.5,38.6,0.95,0.05,0.0,0.7,0.03,2,1784252053.8796985,False,True,True,False,1784252015.1562107,False,True,1,0,False
1783947642.4476278,20,1784252063.8595178,37.481116960402844,0.6514137483787289,-500,True,37.5,36.5,38.6,0.95,0.05,0.0,0.7,0.03,2,1784252073.8856964,False,True,True,False,1784252015.1562107,False,True,1,0,False
1783947642.4476278,20,1784252083.8652794,37.50247959105822,0.6512611581597619,-500,True,37.5,36.5,38.6,0.95,0.05,0.0,0.7,0.03,2,1784252093.891303,False,True,True,False,1784252015.1562107,False,1,0,0,False
1783947642.4476278,20,1784252103.8711157,37.49980926222629,0.6512039368276494,-500,True,37.5,36.5,38.6,0.95,0.05,0.0,0.7,0.03,2,1784252113.8971307,False,True,True,False,1784252015.1562107,False,True,1,0,False
1783947642.4476278,20,1784252123.876916,37.52384222171359,0.6514137483787289,-500,True,37.5,36.5,38.6,0.95,0.05,0.0,0.7,0.03,2,1784252133.9029286,False,True,True,False,1784252015.1562107,False,1,0,0,False
1783947642.4476278,20,1784252143.8827562,37.49713893339437,0.6511657892729076,-500,True,37.5,36.5,38.6,0.95,0.05,0.0,0.7,0.03,2,1784252153.9088547,False,True,True,False,1784252015.1562107,False,True,1,0,False
1783947642.4476278,20,1784252163.8886645,37.49179827573053,0.6512039368276494,-500,True,37.5,36.5,38.6,0.95,0.05,0.0,0.7,0.03,2,1784252173.9147196,False,True,True,False,1784252015.1562107,False,True,1,0,False
1783947642.4476278,20,1784252183.8945694,37.49713893339437,0.6510513466086825,-500,True,37.5,36.5,38.6,0.95,0.05,0.0,0.7,0.03,2,1784252193.920592,False,True,True,True,1784252195.1562257,False,True,1,0,False
1783947642.4476278,20,1784252203.900368,37.483787289234755,0.6515281910429542,-500,True,37.5,36.5,38.6,0.95,0.05,0.0,0.7,0.03,2,1784252213.9264922,False,True,True,True,1784252195.1562257,False,True,1,0,False
1783947642.4476278,20,1784252223.9063106,37.470435645075156,0.6512993057145038,-500,True,37.5,36.5,38.6,0.95,0.05,0.0,0.7,0.03,2,1784252233.9323099,False,True,True,False,1784252195.1562257,False,True,1,0,False
1783947642.4476278,20,1784252243.9121146,37.45975432974747,0.6512230106050203,-500,True,37.5,36.5,38.6,0.95,0.05,0.0,0.7,0.03,2,1784252253.9383557,False,True,True,False,1784252195.1562257,False,True,1,0,False
1783947642.4476278,20,1784252263.9181445,37.49713893339437,0.6512993057145038,-500,True,37.5,36.5,38.6,0.95,0.05,0.0,0.7,0.03,2,1784252273.9441333,False,True,True,False,1784252195.1562257,False,True,1,0,False
1783947642.4476278,20,1784252283.9239168,37.51850156404974,0.6512039368276494,-500,True,37.5,36.5,38.6,0.95,0.05,0.0,0.7,0.03,2,1784252293.9499443,False,True,True,False,1784252195.1562257,False,1,0,0,False
1783947642.4476278,20,1784252303.9297082,37.526512550545505,0.6513374532692454,-500,True,37.5,36.5,38.6,0.95,0.05,0.0,0.7,0.03,2,1784252313.9557307,False,True,True,False,1784252195.1562257,False,1,0,0,False
1783947642.4476278,20,1784252323.9355876,37.513160906385906,0.651127641718166,-500,True,37.5,36.5,38.6,0.95,0.05,0.0,0.7,0.03,2,1784252333.9615808,False,True,True,False,1784252195.1562257,False,1,0,0,False
1783947642.4476278,20,1784252343.9413996,37.49713893339437,0.6512420843823911,-500,True,37.5,36.5,38.6,0.95,0.05,0.0,0.7,0.03,2,1784252353.9673462,False,True,True,False,1784252195.1562257,False,True,1,0,False
1783947642.4476278,20,1784252363.9471767,37.465094987411305,0.6508606088349737,-500,True,37.5,36.5,38.6,0.95,0.05,0.0,0.7,0.03,2,1784252373.973189,False,True,True,True,1784252375.1562393,False,True,1,0,False
1783947642.4476278,20,1784252383.9529877,37.44373235675593,0.6510704203860533,-500,True,37.5,36.5,38.6,0.95,0.05,0.0,0.7,0.03,2,1784252393.9790058,False,True,True,True,1784252375.1562393,False,True,1,0,False
1783947642.4476278,20,1784252403.95881,37.41969939726863,0.650975051499199,-500,True,37.5,36.5,38.6,0.95,0.05,0.0,0.7,0.03,2,1784252413.984801,False,True,True,False,1784252375.1562393,False,True,1,0,False
1783947642.4476278,20,1784252423.9645746,37.43305104142824,0.650975051499199,-500,True,37.5,36.5,38.6,0.95,0.05,0.0,0.7,0.03,2,1784252433.9905906,False,True,True,False,1784252375.1562393,False,True,1,0,False
1783947642.4476278,20,1784252443.9703794,37.45975432974747,0.6509369039444571,-500,True,37.5,36.5,38.6,0.95,0.05,0.0,0.7,0.03,2,1784252453.9965065,False,True,True,False,1784252375.1562393,False,True,1,0,False
1783947642.4476278,20,1784252463.9761627,37.470435645075156,0.6514709697108415,-500,True,37.5,36.5,38.6,0.95,0.05,0.0,0.7,0.03,2,1784252474.0022438,False,True,True,False,1784252375.1562393,False,True,1,0,False
1783947642.4476278,20,1784252483.9820142,37.481116960402844,0.6513183794918745,-500,True,37.5,36.5,38.6,0.95,0.05,0.0,0.7,0.03,2,1784252494.0080955,False,True,True,False,1784252375.1562393,False,True,1,0,False
1783947642.4476278,20,1784252503.9879334,37.49980926222629,0.6513183794918745,-500,True,37.5,36.5,38.6,0.95,0.05,0.0,0.7,0.03,2,1784252514.0140114,False,True,True,False,1784252375.1562393,False,True,1,0,False
1783947642.4476278,20,1784252523.9938,37.51850156404974,0.6512039368276494,-500,True,37.5,36.5,38.6,0.95,0.05,0.0,0.7,0.03,2,1784252534.019864,False,True,True,False,1784252375.1562393,False,1,0,0,False
1783947642.4476278,20,1784252543.9997034,37.49713893339437,0.6510513466086825,-500,True,37.5,36.5,38.6,0.95,0.05,0.0,0.7,0.03,2,1784252554.0258794,False,True,True,True,1784252555.1562436,False,True,1,0,False
1783947642.4476278,20,1784252564.0054662,37.48645761806668,0.6510322728313115,-500,True,37.5,36.5,38.6,0.95,0.05,0.0,0.7,0.03,2,1784252574.031508,False,True,True,True,1784252555.1562436,False,True,1,0,False
1783947642.4476278,20,1784252584.0113237,37.48645761806668,0.6510322728313115,-500,True,37.5,36.5,38.6,0.95,0.05,0.0,0.7,0.03,2,1784252594.0374095,False,True,True,False,1784252555.1562436,False,True,1,0,False
1783947642.4476278,20,1784252604.0172062,37.49446860456244,0.650955977721828,-500,True,37.5,36.5,38.6,0.95,0.05,0.0,0.7,0.03,2,1784252614.043427,False,True,True,False,1784252555.1562436,False,True,1,0,False
1783947642.4476278,20,1784252624.0232608,37.51850156404974,0.6510131990539406,-500,True,37.5,36.5,38.6,0.95,0.05,0.0,0.7,0.03,2,1784252634.0492473,False,True,True,False,1784252555.1562436,False,1,0,0,False
1783947642.4476278,20,1784252644.0291307,37.52384222171359,0.6512230106050203,-500,True,37.5,36.5,38.6,0.95,0.05,0.0,0.7,0.03,2,1784252654.0553434,False,True,True,False,1784252555.1562436,False,1,0,0,False
1783947642.4476278,20,1784252664.0352106,37.52918287937743,0.651108567940795,-500,True,37.5,36.5,38.6,0.95,0.05,0.0,0.7,0.03,2,1784252674.0612915,False,True,True,False,1784252555.1562436,False,1,0,0,False
1783947642.4476278,20,1784252684.0411007,37.513160906385906,0.651127641718166,-500,True,37.5,36.5,38.6,0.95,0.05,0.0,0.7,0.03,2,1784252694.0671263,False,True,True,False,1784252555.1562436,False,1,0,0,False
1783947642.4476278,20,1784252704.0469613,37.47310597390707,0.651127641718166,-500,True,37.5,36.5,38.6,0.95,0.05,0.0,0.7,0.03,2,1784252714.0729418,False,True,True,False,1784252555.1562436,False,True,1,0,False
1783947642.4476278,20,1784252724.0528796,37.465094987411305,0.6510894941634241,-500,True,37.5,36.5,38.6,0.95,0.05,0.0,0.7,0.03,2,1784252734.0790248,False,True,True,True,1784252735.1562626,False,True,1,0,False
1783947642.4476278,20,1784252744.0587897,37.44907301441978,0.6512039368276494,-500,True,37.5,36.5,38.6,0.95,0.05,0.0,0.7,0.03,2,1784252754.0849485,False,True,True,True,1784252735.1562626,False,True,1,0,False
1783947642.4476278,20,1784252764.0645916,37.41702906843672,0.6511467154955368,-500,True,37.5,36.5,38.6,0.95,0.05,0.0,0.7,0.03,2,1784252774.090617,False,True,True,False,1784252735.1562626,False,True,1,0,False
1783947642.4476278,20,1784252784.0704298,37.44907301441978,0.650975051499199,-500,True,37.5,36.5,38.6,0.95,0.05,0.0,0.7,0.03,2,1784252794.0966237,False,True,True,False,1784252735.1562626,False,True,1,0,False
1783947642.4476278,20,1784252804.0764263,37.46776531624323,0.650803387502861,-500,True,37.5,36.5,38.6,0.95,0.05,0.0,0.7,0.03,2,1784252814.1024861,False,True,True,False,1784252735.1562626,False,True,1,0,False
1783947642.4476278,20,1784252824.0822513,37.49713893339437,0.6510513466086825,-500,True,37.5,36.5,38.6,0.95,0.05,0.0,0.7,0.03,2,1784252834.1082563,False,True,True,False,1784252735.1562626,False,True,1,0,False
1783947642.4476278,20,1784252844.0880537,37.513160906385906,0.6510131990539406,-500,True,37.5,36.5,38.6,0.95,0.05,0.0,0.7,0.03,2,1784252854.1140728,False,True,True,False,1784252735.1562626,False,1,0,0,False
1783947642.4476278,20,1784252864.0938652,37.513160906385906,0.6510131990539406,-500,True,37.5,36.5,38.6,0.95,0.05,0.0,0.7,0.03,2,1784252874.119828,False,True,True,False,1784252735.1562626,False,1,0,0,False
1783947642.4476278,20,1784252884.0996873,37.507820248722055,0.650955977721828,-500,True,37.5,36.5,38.6,0.95,0.05,0.0,0.7,0.03,2,1784252894.125729,False,True,True,False,1784252735.1562626,False,1,0,0,False
1783947642.4476278,20,1784252904.105472,37.49446860456244,0.6512230106050203,-500,True,37.5,36.5,38.6,0.95,0.05,0.0,0.7,0.03,2,1784252914.1315978,False,True,True,True,1784252915.1562786,False,True,1,0,False
1783947642.4476278,20,1784252924.11143,37.45975432974747,0.6508796826123445,-500,True,37.5,36.5,38.6,0.95,0.05,0.0,0.7,0.03,2,1784252934.1376116,False,True,True,True,1784252915.1562786,False,True,1,0,False
1783947642.4476278,20,1784252944.1173031,37.45441367208362,0.6510704203860533,-500,True,37.5,36.5,38.6,0.95,0.05,0.0,0.7,0.03,2,1784252954.1434095,False,True,True,False,1784252915.1562786,False,True,1,0,False
1783947642.4476278,20,1784252964.123153,37.45975432974747,0.6510513466086825,-500,True,37.5,36.5,38.6,0.95,0.05,0.0,0.7,0.03,2,1784252974.1491725,False,True,True,False,1784252915.1562786,False,True,1,0,False
1783947642.4476278,20,1784252984.128956,37.470435645075156,0.6511848630502785,-500,True,37.5,36.5,38.6,0.95,0.05,0.0,0.7,0.03,2,1784252994.1550364,False,True,True,False,1784252915.1562786,False,True,1,0,False
1783947642.4476278,20,1784253004.1348608,37.49980926222629,0.6510513466086825,-500,True,37.5,36.5,38.6,0.95,0.05,0.0,0.7,0.03,2,1784253014.1608791,False,True,True,False,1784252915.1562786,False,True,1,0,False
1783947642.4476278,20,1784253024.140695,37.507820248722055,0.650955977721828,-500,True,37.5,36.5,38.6,0.95,0.05,0.0,0.7,0.03,2,1784253034.1668785,False,True,True,False,1784252915.1562786,False,1,0,0,False
1783947642.4476278,20,1784253044.1465375,37.507820248722055,0.6512230106050203,-500,True,37.5,36.5,38.6,0.95,0.05,0.0,0.7,0.03,2,1784253054.172507,False,True,True,False,1784252915.1562786,False,1,0,0,False
1783947642.4476278,20,1784253064.1522987,37.49179827573053,0.6511657892729076,-500,True,37.5,36.5,38.6,0.95,0.05,0.0,0.7,0.03,2,1784253074.1783047,False,True,True,False,1784252915.1562786,False,True,1,0,False
1783947642.4476278,20,1784253084.1581228,37.49179827573053,0.6506126497291524,-500,True,37.5,36.5,38.6,0.95,0.05,0.0,0.7,0.03,2,1784253094.1841643,False,True,True,True,1784253095.1563082,False,True,1,0,False
1783947642.4476278,20,1784253104.1639476,37.45174334325169,0.6510704203860533,-500,True,37.5,36.5,38.6,0.95,0.05,0.0,0.7,0.03,2,1784253114.190033,False,True,True,True,1784253095.1563082,False,True,1,0,False
1783947642.4476278,20,1784253124.169761,37.44373235675593,0.6509941252765699,-500,True,37.5,36.5,38.6,0.95,0.05,0.0,0.7,0.03,2,1784253134.1959362,False,True,True,False,1784253095.1563082,False,True,1,0,False
1783947642.4476278,20,1784253144.1757212,37.470435645075156,0.6510704203860533,-500,True,37.5,36.5,38.6,0.95,0.05,0.0,0.7,0.03,2,1784253154.201765,False,True,True,False,1784253095.1563082,False,True,1,0,False
1783947642.4476278,20,1784253164.181567,37.507820248722055,0.6508796826123445,-500,True,37.5,36.5,38.6,0.95,0.05,0.0,0.7,0.03,2,1784253174.2076402,False,True,True,False,1784253095.1563082,False,1,0,0,False
1783947642.4476278,20,1784253184.1874893,37.507820248722055,0.650955977721828,-500,True,37.5,36.5,38.6,0.95,0.05,0.0,0.7,0.03,2,1784253194.2135153,False,True,True,False,1784253095.1563082,False,1,0,0,False
1783947642.4476278,20,1784253204.1933208,37.51049057755398,0.6512993057145038,-500,True,37.5,36.5,38.6,0.95,0.05,0.0,0.7,0.03,2,1784253214.219338,False,True,True,False,1784253095.1563082,False,1,0,0,False
1783947642.4476278,20,1784253224.1992724,37.507820248722055,0.6509369039444571,-500,True,37.5,36.5,38.6,0.95,0.05,0.0,0.7,0.03,2,1784253234.225298,False,True,True,False,1784253095.1563082,False,1,0,0,False
1783947642.4476278,20,1784253244.2051916,37.481116960402844,0.6510131990539406,-500,True,37.5,36.5,38.6,0.95,0.05,0.0,0.7,0.03,2,1784253254.2312317,False,True,True,False,1784253095.1563082,False,True,1,0,False
1783947642.4476278,20,1784253264.211055,37.49179827573053,0.650955977721828,-500,True,37.5,36.5,38.6,0.95,0.05,0.0,0.7,0.03,2,1784253274.2371094,False,True,True,True,1784253275.1563225,False,True,1,0,False
1783947642.4476278,20,1784253284.2168686,37.45441367208362,0.650975051499199,-500,True,37.5,36.5,38.6,0.95,0.05,0.0,0.7,0.03,2,1784253294.2428985,False,True,True,True,1784253275.1563225,False,True,1,0,False
1783947642.4476278,20,1784253304.2227209,37.43572137026017,0.6508987563897155,-500,True,37.5,36.5,38.6,0.95,0.05,0.0,0.7,0.03,2,1784253314.2487547,False,True,True,False,1784253275.1563225,False,True,1,0,False
1783947642.4476278,20,1784253324.2285428,37.45441367208362,0.6508987563897155,-500,True,37.5,36.5,38.6,0.95,0.05,0.0,0.7,0.03,2,1784253334.2545161,False,True,True,False,1784253275.1563225,False,True,1,0,False
1783947642.4476278,20,1784253344.234349,37.481116960402844,0.6510131990539406,-500,True,37.5,36.5,38.6,0.95,0.05,0.0,0.7,0.03,2,1784253354.2603083,False,True,True,False,1784253275.1563225,False,True,1,0,False
1783947642.4476278,20,1784253364.2400975,37.49713893339437,0.6508987563897155,-500,True,37.5,36.5,38.6,0.95,0.05,0.0,0.7,0.03,2,1784253374.2661762,False,True,True,False,1784253275.1563225,False,True,1,0,False
1783947642.4476278,20,1784253384.2459455,37.52918287937743,0.6512230106050203,-500,True,37.5,36.5,38.6,0.95,0.05,0.0,0.7,0.03,2,1784253394.2719753,False,True,True,False,1784253275.1563225,False,1,0,0,False
1783947642.4476278,20,1784253404.2518113,37.526512550545505,0.6508606088349737,-500,True,37.5,36.5,38.6,0.95,0.05,0.0,0.7,0.03,2,1784253414.2780123,False,True,True,False,1784253275.1563225,False,1,0,0,False
1783947642.4476278,20,1784253424.2576847,37.49713893339437,0.6510513466086825,-500,True,37.5,36.5,38.6,0.95,0.05,0.0,0.7,0.03,2,1784253434.283736,False,True,True,False,1784253275.1563225,False,True,1,0,False
1783947642.4476278,20,1784253444.263526,37.51850156404974,0.6508796826123445,-500,True,37.5,36.5,38.6,0.95,0.05,0.0,0.7,0.03,2,1784253454.289533,False,True,True,True,1784253455.1563282,False,1,0,0,False
1783947642.4476278,20,1784253464.2693462,37.44907301441978,0.650803387502861,-500,True,37.5,36.5,38.6,0.95,0.05,0.0,0.7,0.03,2,1784253474.2953808,False,True,True,True,1784253455.1563282,False,True,1,0,False
1783947642.4476278,20,1784253484.275143,37.44907301441978,0.650955977721828,-500,True,37.5,36.5,38.6,0.95,0.05,0.0,0.7,0.03,2,1784253494.3011296,False,True,True,False,1784253455.1563282,False,True,1,0,False
1783947642.4476278,20,1784253504.2809348,37.43572137026017,0.6509369039444571,-500,True,37.5,36.5,38.6,0.95,0.05,0.0,0.7,0.03,2,1784253514.3071854,False,True,True,False,1784253455.1563282,False,True,1,0,False
1783947642.4476278,20,1784253524.286925,37.45975432974747,0.6507843137254902,-500,True,37.5,36.5,38.6,0.95,0.05,0.0,0.7,0.03,2,1784253534.3129706,False,True,True,False,1784253455.1563282,False,True,1,0,False
1783947642.4476278,20,1784253544.29273,37.48645761806668,0.6507843137254902,-500,True,37.5,36.5,38.6,0.95,0.05,0.0,0.7,0.03,2,1784253554.3187625,False,True,True,False,1784253455.1563282,False,True,1,0,False
1783947642.4476278,20,1784253564.298564,37.49713893339437,0.6507843137254902,-500,True,37.5,36.5,38.6,0.95,0.05,0.0,0.7,0.03,2,1784253574.3245442,False,True,True,False,1784253455.1563282,False,True,1,0,False
1783947642.4476278,20,1784253584.3043115,37.507820248722055,0.6509178301670864,-500,True,37.5,36.5,38.6,0.95,0.05,0.0,0.7,0.03,2,1784253594.3303344,False,True,True,False,1784253455.1563282,False,1,0,0,False
1783947642.4476278,20,1784253604.3101552,37.50514991989013,0.6509369039444571,-500,True,37.5,36.5,38.6,0.95,0.05,0.0,0.7,0.03,2,1784253614.336239,False,False,True,False,1784253455.1563282,False,1,0,0,False
1783947642.4476278,20,1784253624.315925,37.53452353704128,0.6508415350576029,-500,True,37.5,36.5,38.6,0.95,0.05,0.0,0.7,0.03,2,1784253634.3419933,True,False,True,True,1784253635.1563513,False,1,0,0,False
1783947642.4476278,20,1784253644.3217719,37.481116960402844,0.6509178301670864,-500,True,37.5,36.5,38.6,0.95,0.05,0.0,0.7,0.03,2,1784253654.3478193,True,False,True,True,1784253635.1563513,False,True,1,0,False
1783947642.4476278,20,1784253664.3276098,37.481116960402844,0.6508606088349737,-500,True,37.5,36.5,38.6,0.95,0.05,0.0,0.7,0.03,2,1784253674.353614,True,False,True,False,1784253635.1563513,False,True,1,0,False
1783947642.4476278,20,1784253684.3333967,37.49179827573053,0.6509178301670864,-500,True,37.5,36.5,38.6,0.95,0.05,0.0,0.7,0.03,2,1784253694.3593707,True,False,True,False,1784253635.1563513,False,True,1,0,False
1783947642.4476278,20,1784253704.339175,37.49980926222629,0.6508415350576029,-500,True,37.5,36.5,38.6,0.95,0.05,0.0,0.7,0.03,2,1784253714.3651757,True,False,True,False,1784253635.1563513,False,True,1,0,False
1783947642.4476278,20,1784253724.3449485,37.507820248722055,0.6506507972838941,-500,True,37.5,36.5,38.6,0.95,0.05,0.0,0.7,0.03,2,1784253734.3709486,True,False,True,False,1784253635.1563513,False,1,0,0,False
1783947642.4476278,20,1784253744.3507514,37.507820248722055,0.6507652399481194,-500,True,37.5,36.5,38.6,0.95,0.05,0.0,0.7,0.03,2,1784253754.376726,True,False,True,False,1784253635.1563513,False,1,0,0,False
1783947642.4476278,20,1784253764.3565104,37.48645761806668,0.6507080186160067,-500,True,37.5,36.5,38.6,0.95,0.05,0.0,0.7,0.03,2,1784253774.3826401,True,False,True,False,1784253635.1563513,False,True,1,0,False
1783947642.4476278,20,1784253784.3624108,37.48645761806668,0.6509941252765699,-500,True,37.5,36.5,38.6,0.95,0.05,0.0,0.7,0.03,2,1784253794.3888867,True,False,True,False,1784253635.1563513,False,True,1,0,False
1783947642.4476278,20,1784253804.3685582,37.50514991989013,0.6508987563897155,-500,True,37.5,36.5,38.6,0.95,0.05,0.0,0.7,0.03,2,1784253814.3946545,True,False,True,True,1784253815.156355,False,1,0,0,False
1783947642.4476278,20,1784253824.3743875,37.470435645075156,0.6508796826123445,-500,True,37.5,36.5,38.6,0.95,0.05,0.0,0.7,0.03,2,1784253834.4004297,True,False,True,True,1784253815.156355,False,True,1,0,False
1783947642.4476278,20,1784253844.380126,37.44907301441978,0.6504982070649271,-500,True,37.5,36.5,38.6,0.95,0.05,0.0,0.7,0.03,2,1784253854.4061763,True,False,True,False,1784253815.156355,False,True,1,0,False
1783947642.4476278,20,1784253864.3859735,37.45975432974747,0.650803387502861,-500,True,37.5,36.5,38.6,0.95,0.05,0.0,0.7,0.03,2,1784253874.411912,True,False,True,False,1784253815.156355,False,True,1,0,False
1783947642.4476278,20,1784253884.3917296,37.470435645075156,0.6509369039444571,-500,True,37.5,36.5,38.6,0.95,0.05,0.0,0.7,0.03,2,1784253894.41797,True,False,True,False,1784253815.156355,False,True,1,0,False
1783947642.4476278,20,1784253904.3976464,37.49980926222629,0.6507843137254902,-500,True,37.5,36.5,38.6,0.95,0.05,0.0,0.7,0.03,2,1784253914.4237044,True,False,True,False,1784253815.156355,False,True,1,0,False
1783947642.4476278,20,1784253924.403489,37.481116960402844,0.6503074692912185,-500,True,37.5,36.5,38.6,0.95,0.05,0.0,0.7,0.03,2,1784253934.4295304,True,False,True,False,1784253815.156355,False,True,1,0,False
1783947642.4476278,20,1784253944.4093025,37.48645761806668,0.6510704203860533,-500,True,37.5,36.5,38.6,0.95,0.05,0.0,0.7,0.03,2,1784253954.4353602,True,False,True,False,1784253815.156355,False,True,1,0,False
1783947642.4476278,20,1784253964.4151483,37.507820248722055,0.6507461661707485,-500,True,37.5,36.5,38.6,0.95,0.05,0.0,0.7,0.03,2,1784253974.441197,True,False,True,False,1784253815.156355,False,1,0,0,False
1783947642.4476278,20,1784253984.420988,37.507820248722055,0.650803387502861,-500,True,37.5,36.5,38.6,0.95,0.05,0.0,0.7,0.03,2,1784253994.4472415,True,False,True,True,1784253995.1563742,False,1,0,0,False
1783947642.4476278,20,1784254004.426916,37.483787289234755,0.6504600595101855,-500,True,37.5,36.5,38.6,0.95,0.05,0.0,0.7,0.03,2,1784254014.4529474,True,False,True,True,1784253995.1563742,False,True,1,0,False
1783947642.4476278,20,1784254024.4327524,37.44373235675593,0.6507461661707485,-500,True,37.5,36.5,38.6,0.95,0.05,0.0,0.7,0.03,2,1784254034.4588168,True,False,True,False,1784253995.1563742,False,True,1,0,False
1783947642.4476278,20,1784254044.4386117,37.44373235675593,0.6506507972838941,-500,True,37.5,36.5,38.6,0.95,0.05,0.0,0.7,0.03,2,1784254054.464594,True,False,True,False,1784253995.1563742,False,True,1,0,False
1783947642.4476278,20,1784254064.4443796,37.465094987411305,0.6506126497291524,-500,True,37.5,36.5,38.6,0.95,0.05,0.0,0.7,0.03,2,1784254074.4704106,True,False,True,False,1784253995.1563742,False,True,1,0,False
1783947642.4476278,20,1784254084.4501963,37.48645761806668,0.6507270923933776,-500,True,37.5,36.5,38.6,0.95,0.05,0.0,0.7,0.03,2,1784254094.4763205,True,False,True,False,1784253995.1563742,False,True,1,0,False
1783947642.4476278,20,1784254104.455983,37.50514991989013,0.6505935759517816,-500,True,37.5,36.5,38.6,0.95,0.05,0.0,0.7,0.03,2,1784254114.4819963,True,False,True,False,1784253995.1563742,False,1,0,0,False
1783947642.4476278,20,1784254124.461749,37.51850156404974,0.6508796826123445,-500,True,37.5,36.5,38.6,0.95,0.05,0.0,0.7,0.03,2,1784254134.4877696,True,False,True,False,1784253995.1563742,False,1,0,0,False
1783947642.4476278,20,1784254144.4675865,37.507820248722055,0.6508606088349737,-500,True,37.5,36.5,38.6,0.95,0.05,0.0,0.7,0.03,2,1784254154.4935768,True,False,True,False,1784253995.1563742,False,1,0,0,False
1783947642.4476278,20,1784254164.4733577,37.49713893339437,0.6504600595101855,-500,True,37.5,36.5,38.6,0.95,0.05,0.0,0.7,0.03,2,1784254174.4995413,True,False,True,True,1784254175.1564126,False,True,1,0,False
1783947642.4476278,20,1784254184.4793603,37.470435645075156,0.6507080186160067,-500,True,37.5,36.5,38.6,0.95,0.05,0.0,0.7,0.03,2,1784254194.5053973,True,False,True,True,1784254175.1564126,False,True,1,0,False
1783947642.4476278,20,1784254204.4852273,37.46242465857938,0.6506317235065232,-500,True,37.5,36.5,38.6,0.95,0.05,0.0,0.7,0.03,2,1784254214.5113003,True,False,True,False,1784254175.1564126,False,True,1,0,False
1783947642.4476278,20,1784254224.4911277,37.48645761806668,0.6508415350576029,-500,True,37.5,36.5,38.6,0.95,0.05,0.0,0.7,0.03,2,1784254234.5171754,True,False,True,False,1784254175.1564126,False,True,1,0,False
1783947642.4476278,20,1784254244.4969304,37.50247959105822,0.6505554283970397,-500,True,37.5,36.5,38.6,0.95,0.05,0.0,0.7,0.03,2,1784254254.5230074,True,False,True,False,1784254175.1564126,False,1,0,0,False
1783947642.4476278,20,1784254264.5028617,37.48645761806668,0.6507270923933776,-500,True,37.5,36.5,38.6,0.95,0.05,0.0,0.7,0.03,2,1784254274.5288582,True,False,True,False,1784254175.1564126,False,True,1,0,False
1783947642.4476278,20,1784254284.5086472,37.513160906385906,0.6507652399481194,-500,True,37.5,36.5,38.6,0.95,0.05,0.0,0.7,0.03,2,1784254294.5346825,True,False,True,False,1784254175.1564126,False,1,0,0,False
1783947642.4476278,20,1784254304.514538,37.51049057755398,0.6510513466086825,-500,True,37.5,36.5,38.6,0.95,0.05,0.0,0.7,0.03,2,1784254314.5405245,True,False,True,False,1784254175.1564126,False,1,0,0,False
1783947642.4476278,20,1784254324.5203097,37.48645761806668,0.650536354619669,-500,True,37.5,36.5,38.6,0.95,0.05,0.0,0.7,0.03,2,1784254334.5463738,True,False,True,False,1784254175.1564126,False,True,1,0,False
1783947642.4476278,20,1784254344.5261838,37.48645761806668,0.6506889448386359,-500,True,37.5,36.5,38.6,0.95,0.05,0.0,0.7,0.03,2,1784254354.5521421,True,False,True,True,1784254355.1564167,False,True,1,0,False
1783947642.4476278,20,1784254364.531935,37.45975432974747,0.6507843137254902,-500,True,37.5,36.5,38.6,0.95,0.05,0.0,0.7,0.03,2,1784254374.558139,True,False,True,True,1784254355.1564167,False,True,1,0,False
1783947642.4476278,20,1784254384.5377383,37.45975432974747,0.6504791332875562,-500,True,37.5,36.5,38.6,0.95,0.05,0.0,0.7,0.03,2,1784254394.5637987,True,False,True,False,1784254355.1564167,False,True,1,0,False
1783947642.4476278,20,1784254404.5436347,37.45174334325169,0.6504982070649271,-500,True,37.5,36.5,38.6,0.95,0.05,0.0,0.7,0.03,2,1784254414.5696766,True,False,True,False,1784254355.1564167,False,True,1,0,False
1783947642.4476278,20,1784254424.5494523,37.48645761806668,0.6506698710612651,-500,True,37.5,36.5,38.6,0.95,0.05,0.0,0.7,0.03,2,1784254434.5755484,True,False,True,False,1784254355.1564167,False,True,1,0,False
1783947642.4476278,20,1784254444.555431,37.49179827573053,0.6508415350576029,-500,True,37.5,36.5,38.6,0.95,0.05,0.0,0.7,0.03,2,1784254454.5814826,True,False,True,False,1784254355.1564167,False,True,1,0,False
1783947642.4476278,20,1784254464.5612545,37.49179827573053,0.6504791332875562,-500,True,37.5,36.5,38.6,0.95,0.05,0.0,0.7,0.03,2,1784254474.5874066,True,False,True,False,1784254355.1564167,False,True,1,0,False
1783947642.4476278,20,1784254484.567062,37.513160906385906,0.6506507972838941,-500,True,37.5,36.5,38.6,0.95,0.05,0.0,0.7,0.03,2,1784254494.5930698,True,False,True,False,1784254355.1564167,False,1,0,0,False
1783947642.4476278,20,1784254504.5728638,37.53719386587319,0.6505935759517816,-500,True,37.5,36.5,38.6,0.95,0.05,0.0,0.7,0.03,2,1784254514.5989482,True,False,True,False,1784254355.1564167,False,1,0,0,False
1783947642.4476278,20,1784254524.5787737,37.51850156404974,0.6506698710612651,-500,True,37.5,36.5,38.6,0.95,0.05,0.0,0.7,0.03,2,1784254534.604889,True,False,True,True,1784254535.1564252,False,1,0,0,False
1783947642.4476278,20,1784254544.5847197,37.48645761806668,0.6507080186160067,-500,True,37.5,36.5,38.6,0.95,0.05,0.0,0.7,0.03,2,1784254554.6107328,True,False,True,True,1784254535.1564252,False,True,1,0,False
1783947642.4476278,20,1784254564.5905626,37.43305104142824,0.650803387502861,-500,True,37.5,36.5,38.6,0.95,0.05,0.0,0.7,0.03,2,1784254574.6167943,True,False,True,False,1784254535.1564252,False,True,1,0,False
1783947642.4476278,20,1784254584.5964408,37.43305104142824,0.6505935759517816,-500,True,37.5,36.5,38.6,0.95,0.05,0.0,0.7,0.03,2,1784254594.6224942,True,False,True,False,1784254535.1564252,False,True,1,0,False
1783947642.4476278,20,1784254604.6022797,37.42504005493248,0.6504791332875562,-500,True,37.5,36.5,38.6,0.95,0.05,0.0,0.7,0.03,2,1784254614.6282828,True,False,True,False,1784254535.1564252,False,True,1,0,False
1783947642.4476278,20,1784254624.6081011,37.43305104142824,0.6504409857328146,-500,True,37.5,36.5,38.6,0.95,0.05,0.0,0.7,0.03,2,1784254634.6341367,True,False,True,False,1784254535.1564252,False,True,1,0,False
1783947642.4476278,20,1784254644.613992,37.44373235675593,0.6508796826123445,-500,True,37.5,36.5,38.6,0.95,0.05,0.0,0.7,0.03,2,1784254654.6399753,True,False,True,False,1784254535.1564252,False,True,1,0,False
1783947642.4476278,20,1784254664.619803,37.49713893339437,0.6505554283970397,-500,True,37.5,36.5,38.6,0.95,0.05,0.0,0.7,0.03,2,1784254674.6459174,True,False,True,False,1784254535.1564252,False,True,1,0,False
1783947642.4476278,20,1784254684.625659,37.45975432974747,0.650536354619669,-500,True,37.5,36.5,38.6,0.95,0.05,0.0,0.7,0.03,2,1784254694.65165,True,False,True,False,1784254535.1564252,False,True,1,0,False
1783947642.4476278,20,1784254704.6314464,37.49980926222629,0.6504600595101855,-500,True,37.5,36.5,38.6,0.95,0.05,0.0,0.7,0.03,2,1784254714.6575177,True,False,True,True,1784254715.156435,False,True,1,0,False
1783947642.4476278,20,1784254724.637281,37.49179827573053,0.6504219119554436,-500,True,37.5,36.5,38.6,0.95,0.05,0.0,0.7,0.03,2,1784254734.6634068,True,False,True,True,1784254715.156435,False,True,1,0,False
1783947642.4476278,20,1784254744.6432133,37.507820248722055,0.6504791332875562,-500,True,37.5,36.5,38.6,0.95,0.05,0.0,0.7,0.03,2,1784254754.6691892,True,False,True,False,1784254715.156435,False,1,0,0,False
1783947642.4476278,20,1784254764.6489885,37.51850156404974,0.6506126497291524,-500,True,37.5,36.5,38.6,0.95,0.05,0.0,0.7,0.03,2,1784254774.6749709,True,False,True,False,1784254715.156435,False,1,0,0,False
1783947642.4476278,20,1784254784.6547804,37.507820248722055,0.6506507972838941,-500,True,37.5,36.5,38.6,0.95,0.05,0.0,0.7,0.03,2,1784254794.6807559,True,False,True,False,1784254715.156435,False,1,0,0,False
1783947642.4476278,20,1784254804.6606045,37.45174334325169,0.6504982070649271,-500,True,37.5,36.5,38.6,0.95,0.05,0.0,0.7,0.03,2,1784254814.6867208,True,False,True,False,1784254715.156435,False,True,1,0,False
1783947642.4476278,20,1784254824.6665263,37.44907301441978,0.6504600595101855,-500,True,37.5,36.5,38.6,0.95,0.05,0.0,0.7,0.03,2,1784254834.6924846,True,False,True,False,1784254715.156435,False,True,1,0,False
1783947642.4476278,20,1784254844.6722643,37.44373235675593,0.6506507972838941,-500,True,37.5,36.5,38.6,0.95,0.05,0.0,0.7,0.03,2,1784254854.6984694,True,False,True,False,1784254715.156435,False,True,1,0,False
1783947642.4476278,20,1784254864.6781337,37.44373235675593,0.6502121004043642,-500,True,37.5,36.5,38.6,0.95,0.05,0.0,0.7,0.03,2,1784254874.7041676,True,False,True,False,1784254715.156435,False,True,1,0,False
1783947642.4476278,20,1784254884.683987,37.43305104142824,0.6503456168459602,-500,True,37.5,36.5,38.6,0.95,0.05,0.0,0.7,0.03,2,1784254894.7100763,True,False,True,True,1784254895.1564734,False,True,1,0,False
1783947642.4476278,20,1784254904.6898646,37.46242465857938,0.6506317235065232,-500,True,37.5,36.5,38.6,0.95,0.05,0.0,0.7,0.03,2,1784254914.7158546,True,False,True,True,1784254895.1564734,False,True,1,0,False
1783947642.4476278,20,1784254924.6956806,37.44907301441978,0.6506698710612651,-500,True,37.5,36.5,38.6,0.95,0.05,0.0,0.7,0.03,2,1784254934.7217293,True,False,True,False,1784254895.1564734,False,True,1,0,False
1783947642.4476278,20,1784254944.70147,37.470435645075156,0.6505745021744106,-500,True,37.5,36.5,38.6,0.95,0.05,0.0,0.7,0.03,2,1784254954.72782,True,False,True,False,1784254895.1564734,False,True,1,0,False
1783947642.4476278,20,1784254964.707377,37.507820248722055,0.6504791332875562,-500,True,37.5,36.5,38.6,0.95,0.05,0.0,0.7,0.03,2,1784254974.7334466,True,False,True,False,1784254895.1564734,False,1,0,0,False
1783947642.4476278,20,1784254984.7132273,37.49179827573053,0.6502883955138477,-500,True,37.5,36.5,38.6,0.95,0.05,0.0,0.7,0.03,2,1784254994.739387,True,False,True,False,1784254895.1564734,False,True,1,0,False
1783947642.4476278,20,1784255004.7191334,37.49446860456244,0.6505172808422981,-500,True,37.5,36.5,38.6,0.95,0.05,0.0,0.7,0.03,2,1784255014.745249,True,False,True,False,1784254895.1564734,False,True,1,0,False
1783947642.4476278,20,1784255024.7249496,37.48645761806668,0.6504791332875562,-500,True,37.5,36.5,38.6,0.95,0.05,0.0,0.7,0.03,2,1784255034.751085,True,False,True,False,1784254895.1564734,False,True,1,0,False
1783947642.4476278,20,1784255044.7307596,37.48645761806668,0.6503646906233311,-500,True,37.5,36.5,38.6,0.95,0.05,0.0,0.7,0.03,2,1784255054.757058,True,False,True,False,1784254895.1564734,False,True,1,0,False
1783947642.4476278,20,1784255064.7367775,37.49713893339437,0.6505554283970397,-500,True,37.5,36.5,38.6,0.95,0.05,0.0,0.7,0.03,2,1784255074.7628798,True,False,True,True,1784255075.1564875,False,True,1,0,False
1783947642.4476278,20,1784255084.7426898,37.48645761806668,0.6505554283970397,-500,True,37.5,36.5,38.6,0.95,0.05,0.0,0.7,0.03,2,1784255094.7687204,True,False,True,True,1784255075.1564875,False,True,1,0,False
1783947642.4476278,20,1784255104.7485044,37.46242465857938,0.6504409857328146,-500,True,37.5,36.5,38.6,0.95,0.05,0.0,0.7,0.03,2,1784255114.7745888,True,False,True,False,1784255075.1564875,False,True,1,0,False
1783947642.4476278,20,1784255124.7543335,37.48645761806668,0.6502883955138477,-500,True,37.5,36.5,38.6,0.95,0.05,0.0,0.7,0.03,2,1784255134.7803154,True,False,True,False,1784255075.1564875,False,True,1,0,False
1783947642.4476278,20,1784255144.760154,37.513160906385906,0.6505745021744106,-500,True,37.5,36.5,38.6,0.95,0.05,0.0,0.7,0.03,2,1784255154.7862623,True,False,True,False,1784255075.1564875,False,1,0,0,False
1783947642.4476278,20,1784255164.7661057,37.507820248722055,0.6503646906233311,-500,True,37.5,36.5,38.6,0.95,0.05,0.0,0.7,0.03,2,1784255174.7921228,True,False,True,False,1784255075.1564875,False,1,0,0,False
1783947642.4476278,20,1784255184.7719345,37.507820248722055,0.6505745021744106,-500,True,37.5,36.5,38.6,0.95,0.05,0.0,0.7,0.03,2,1784255194.79801,True,False,True,False,1784255075.1564875,False,1,0,0,False
1783947642.4476278,20,1784255204.7777832,37.489127946898606,0.6504028381780728,-500,True,37.5,36.5,38.6,0.95,0.05,0.0,0.7,0.03,2,1784255214.8038776,True,False,True,False,1784255075.1564875,False,True,1,0,False
1783947642.4476278,20,1784255224.7836401,37.470435645075156,0.6505745021744106,-500,True,37.5,36.5,38.6,0.95,0.05,0.0,0.7,0.03,2,1784255234.8096912,True,False,True,False,1784255075.1564875,False,True,1,0,False
1783947642.4476278,20,1784255244.7894807,37.44373235675593,0.6503646906233311,-500,True,37.5,36.5,38.6,0.95,0.05,0.0,0.7,0.03,2,1784255254.8155134,True,False,True,True,1784255255.1565213,False,True,1,0,False
1783947642.4476278,20,1784255264.7953289,37.44373235675593,0.6501739528496223,-500,True,37.5,36.5,38.6,0.95,0.05,0.0,0.7,0.03,2,1784255274.8214064,True,False,True,True,1784255255.1565213,False,True,1,0,False
1783947642.4476278,20,1784255284.8011625,37.470435645075156,0.6504219119554436,-500,True,37.5,36.5,38.6,0.95,0.05,0.0,0.7,0.03,2,1784255294.827223,True,False,True,False,1784255255.1565213,False,True,1,0,False
1783947642.4476278,20,1784255304.8072953,37.489127946898606,0.6504409857328146,-500,True,37.5,36.5,38.6,0.95,0.05,0.0,0.7,0.03,2,1784255314.8334002,True,False,True,False,1784255255.1565213,False,True,1,0,False
1783947642.4476278,20,1784255324.8131995,37.481116960402844,0.6503265430685893,-500,True,37.5,36.5,38.6,0.95,0.05,0.0,0.7,0.03,2,1784255334.839391,True,False,True,False,1784255255.1565213,False,True,1,0,False
1783947642.4476278,20,1784255344.8190615,37.49713893339437,0.6501167315175097,-500,True,37.5,36.5,38.6,0.95,0.05,0.0,0.7,0.03,2,1784255354.8451207,True,False,True,False,1784255255.1565213,False,True,1,0,False
1783947642.4476278,20,1784255364.8249204,37.51850156404974,0.6504219119554436,-500,True,37.5,36.5,38.6,0.95,0.05,0.0,0.7,0.03,2,1784255374.8509889,True,False,True,False,1784255255.1565213,False,1,0,0,False
1783947642.4476278,20,1784255384.8308022,37.53452353704128,0.6505554283970397,-500,True,37.5,36.5,38.6,0.95,0.05,0.0,0.7,0.03,2,1784255394.856759,True,False,True,False,1784255255.1565213,False,1,0,0,False
1783947642.4476278,20,1784255404.8365288,37.51049057755398,0.6503265430685893,-500,True,37.5,36.5,38.6,0.95,0.05,0.0,0.7,0.03,2,1784255414.8625083,True,False,True,False,1784255255.1565213,False,1,0,0,False
1783947642.4476278,20,1784255424.8423502,37.481116960402844,0.650383764400702,-500,True,37.5,36.5,38.6,0.95,0.05,0.0,0.7,0.03,2,1784255434.8684936,True,False,True,True,1784255435.156557,False,True,1,0,False
1783947642.4476278,20,1784255444.8481412,37.45441367208362,0.650231174181735,-500,True,37.5,36.5,38.6,0.95,0.05,0.0,0.7,0.03,2,1784255454.8742795,True,False,True,True,1784255435.156557,False,True,1,0,False
1783947642.4476278,20,1784255464.8540528,37.427710383764406,0.6504219119554436,-500,True,37.5,36.5,38.6,0.95,0.05,0.0,0.7,0.03,2,1784255474.8800082,True,False,True,False,1784255435.156557,False,True,1,0,False
1783947642.4476278,20,1784255484.8597937,37.422369726100555,0.6502502479591058,-500,True,37.5,36.5,38.6,0.95,0.05,0.0,0.7,0.03,2,1784255494.8857985,True,False,True,False,1784255435.156557,False,True,1,0,False
1783947642.4476278,20,1784255504.8655517,37.441062027924005,0.6501358052948807,-500,True,37.5,36.5,38.6,0.95,0.05,0.0,0.7,0.03,2,1784255514.8915627,True,False,True,False,1784255435.156557,False,True,1,0,False
1783947642.4476278,20,1784255524.8713682,37.45441367208362,0.6503456168459602,-500,True,37.5,36.5,38.6,0.95,0.05,0.0,0.7,0.03,2,1784255534.8976796,True,False,True,False,1784255435.156557,False,True,1,0,False
1783947642.4476278,20,1784255544.877267,37.49713893339437,0.6500595101853972,-500,True,37.5,36.5,38.6,0.95,0.05,0.0,0.7,0.03,2,1784255554.9033034,True,False,True,False,1784255435.156557,False,True,1,0,False
1783947642.4476278,20,1784255564.8831096,37.48645761806668,0.6505172808422981,-500,True,37.5,36.5,38.6,0.95,0.05,0.0,0.7,0.03,2,1784255574.90926,True,False,True,False,1784255435.156557,False,True,1,0,False
1783947642.4476278,20,1784255584.8890867,37.49713893339437,0.650231174181735,-500,True,37.5,36.5,38.6,0.95,0.05,0.0,0.7,0.03,2,1784255594.9151726,True,False,True,False,1784255435.156557,False,True,1,0,False
1783947642.4476278,20,1784255604.894975,37.51049057755398,0.6505554283970397,-500,True,37.5,36.5,38.6,0.95,0.05,0.0,0.7,0.03,2,1784255614.9209552,True,False,True,True,1784255615.1565754,False,1,0,0,False
1783947642.4476278,20,1784255624.9007645,37.470435645075156,0.6503074692912185,-500,True,37.5,36.5,38.6,0.95,0.05,0.0,0.7,0.03,2,1784255634.9267776,True,False,True,True,1784255615.1565754,False,True,1,0,False
1783947642.4476278,20,1784255644.9065895,37.49713893339437,0.6502121004043642,-500,True,37.5,36.5,38.6,0.95,0.05,0.0,0.7,0.03,2,1784255654.9325795,True,False,True,False,1784255615.1565754,False,True,1,0,False
1783947642.4476278,20,1784255664.9123583,37.44907301441978,0.6499832150759136,-500,True,37.5,36.5,38.6,0.95,0.05,0.0,0.7,0.03,2,1784255674.9384787,True,False,True,False,1784255615.1565754,False,True,1,0,False
1783947642.4476278,20,1784255684.9182277,37.470435645075156,0.650383764400702,-500,True,37.5,36.5,38.6,0.95,0.05,0.0,0.7,0.03,2,1784255694.9442098,True,False,True,False,1784255615.1565754,False,True,1,0,False
1783947642.4476278,20,1784255704.9239984,37.489127946898606,0.6503265430685893,-500,True,37.5,36.5,38.6,0.95,0.05,0.0,0.7,0.03,2,1784255714.9500246,True,False,True,False,1784255615.1565754,False,True,1,0,False
1783947642.4476278,20,1784255724.9298255,37.49179827573053,0.6504028381780728,-500,True,37.5,36.5,38.6,0.95,0.05,0.0,0.7,0.03,2,1784255734.9558375,True,False,True,False,1784255615.1565754,False,True,1,0,False
1783947642.4476278,20,1784255744.935619,37.48645761806668,0.6503646906233311,-500,True,37.5,36.5,38.6,0.95,0.05,0.0,0.7,0.03,2,1784255754.96166,True,False,True,False,1784255615.1565754,False,True,1,0,False
1783947642.4476278,20,1784255764.941421,37.507820248722055,0.6504409857328146,-500,True,37.5,36.5,38.6,0.95,0.05,0.0,0.7,0.03,2,1784255774.9674432,True,False,True,False,1784255615.1565754,False,1,0,0,False
1783947642.4476278,20,1784255784.947278,37.49713893339437,0.6500213626306554,-500,True,37.5,36.5,38.6,0.95,0.05,0.0,0.7,0.03,2,1784255794.9733067,True,False,True,True,1784255795.1565957,False,True,1,0,False
1783947642.4476278,20,1784255804.9530663,37.51049057755398,0.6503456168459602,-500,True,37.5,36.5,38.6,0.95,0.05,0.0,0.7,0.03,2,1784255814.979321,True,False,True,True,1784255795.1565957,False,1,0,0,False
1783947642.4476278,20,1784255824.958998,37.49179827573053,0.6501358052948807,-500,True,37.5,36.5,38.6,0.95,0.05,0.0,0.7,0.03,2,1784255834.9850368,True,False,True,False,1784255795.1565957,False,True,1,0,False
1783947642.4476278,20,1784255844.9647837,37.49713893339437,0.650231174181735,-500,True,37.5,36.5,38.6,0.95,0.05,0.0,0.7,0.03,2,1784255854.9908206,True,False,True,False,1784255795.1565957,False,True,1,0,False
1783947642.4476278,20,1784255864.9706616,37.48645761806668,0.6502502479591058,-500,True,37.5,36.5,38.6,0.95,0.05,0.0,0.7,0.03,2,1784255874.9966667,True,False,True,False,1784255795.1565957,False,True,1,0,False
1783947642.4476278,20,1784255884.976429,37.51850156404974,0.650231174181735,-500,True,37.5,36.5,38.6,0.95,0.05,0.0,0.7,0.03,2,1784255895.0024903,True,False,True,False,1784255795.1565957,False,1,0,0,False
1783947642.4476278,20,1784255904.9823124,37.51049057755398,0.6503646906233311,-500,True,37.5,36.5,38.6,0.95,0.05,0.0,0.7,0.03,2,1784255915.0085063,True,False,True,False,1784255795.1565957,False,1,0,0,False
1783947642.4476278,20,1784255924.9881642,37.513160906385906,0.6502502479591058,-500,True,37.5,36.5,38.6,0.95,0.05,0.0,0.7,0.03,2,1784255935.0142558,True,False,True,False,1784255795.1565957,False,1,0,0,False
1783947642.4476278,20,1784255944.9940884,37.49713893339437,0.6506698710612651,-500,True,37.5,36.5,38.6,0.95,0.05,0.0,0.7,0.03,2,1784255955.020061,True,False,True,False,1784255795.1565957,False,True,1,0,False
1783947642.4476278,20,1784255964.9998562,37.470435645075156,0.6504219119554436,-500,True,37.5,36.5,38.6,0.95,0.05,0.0,0.7,0.03,2,1784255975.0259264,True,False,True,True,1784255975.1565998,False,True,1,0,False
1783947642.4476278,20,1784255985.0056884,37.465094987411305,0.6502502479591058,-500,True,37.5,36.5,38.6,0.95,0.05,0.0,0.7,0.03,2,1784255995.0316887,True,False,True,True,1784255975.1565998,False,True,1,0,False
1783947642.4476278,20,1784256005.0115304,37.46242465857938,0.6501739528496223,-500,True,37.5,36.5,38.6,0.95,0.05,0.0,0.7,0.03,2,1784256015.0377362,True,False,True,False,1784255975.1565998,False,True,1,0,False
1783947642.4476278,20,1784256025.017349,37.470435645075156,0.6502502479591058,-500,True,37.5,36.5,38.6,0.95,0.05,0.0,0.7,0.03,2,1784256035.043402,True,False,True,False,1784255975.1565998,False,True,1,0,False
1783947642.4476278,20,1784256045.0231853,37.49179827573053,0.6502883955138477,-500,True,37.5,36.5,38.6,0.95,0.05,0.0,0.7,0.03,2,1784256055.0493124,True,False,True,False,1784255975.1565998,False,True,1,0,False
1783947642.4476278,20,1784256065.029058,37.48645761806668,0.6500404364080262,-500,True,37.5,36.5,38.6,0.95,0.05,0.0,0.7,0.03,2,1784256075.0550942,True,False,True,False,1784255975.1565998,False,True,1,0,False
1783947642.4476278,20,1784256085.034915,37.48645761806668,0.6501930266269932,-500,True,37.5,36.5,38.6,0.95,0.05,0.0,0.7,0.03,2,1784256095.0609262,True,False,True,False,1784255975.1565998,False,True,1,0,False
1783947642.4476278,20,1784256105.04072,37.51049057755398,0.6501358052948807,-500,True,37.5,36.5,38.6,0.95,0.05,0.0,0.7,0.03,2,1784256115.0667164,True,False,True,False,1784255975.1565998,False,1,0,0,False
1783947642.4476278,20,1784256125.0465345,37.507820248722055,0.6499450675211719,-500,True,37.5,36.5,38.6,0.95,0.05,0.0,0.7,0.03,2,1784256135.0725105,True,False,True,False,1784255975.1565998,False,1,0,0,False
1783947642.4476278,20,1784256145.0523694,37.507820248722055,0.6504028381780728,-500,True,37.5,36.5,38.6,0.95,0.05,0.0,0.7,0.03,2,1784256155.0785162,True,False,True,True,1784256155.1566293,False,1,0,0,False
1783947642.4476278,20,1784256165.0583377,37.470435645075156,0.6501930266269932,-500,True,37.5,36.5,38.6,0.95,0.05,0.0,0.7,0.03,2,1784256175.0843215,True,False,True,True,1784256155.1566293,False,True,1,0,False
1783947642.4476278,20,1784256185.0640883,37.47577630273899,0.6500404364080262,-500,True,37.5,36.5,38.6,0.95,0.05,0.0,0.7,0.03,2,1784256195.0901153,True,False,True,False,1784256155.1566293,False,True,1,0,False
1783947642.4476278,20,1784256205.0698707,37.441062027924005,0.6501930266269932,-500,True,37.5,36.5,38.6,0.95,0.05,0.0,0.7,0.03,2,1784256215.0958958,True,False,True,False,1784256155.1566293,False,True,1,0,False
1783947642.4476278,20,1784256225.0757053,37.44373235675593,0.6499259937438011,-500,True,37.5,36.5,38.6,0.95,0.05,0.0,0.7,0.03,2,1784256235.1017568,True,False,True,False,1784256155.1566293,False,True,1,0,False
1783947642.4476278,20,1784256245.0814981,37.44373235675593,0.6501739528496223,-500,True,37.5,36.5,38.6,0.95,0.05,0.0,0.7,0.03,2,1784256255.107569,True,False,True,False,1784256155.1566293,False,True,1,0,False
1783947642.4476278,20,1784256265.0873928,37.47577630273899,0.6500404364080262,-500,True,37.5,36.5,38.6,0.95,0.05,0.0,0.7,0.03,2,1784256275.1134725,True,False,True,False,1784256155.1566293,False,True,1,0,False
1783947642.4476278,20,1784256285.093266,37.507820248722055,0.6501739528496223,-500,True,37.5,36.5,38.6,0.95,0.05,0.0,0.7,0.03,2,1784256295.1192913,True,False,True,False,1784256155.1566293,False,1,0,0,False
1783947642.4476278,20,1784256305.0991166,37.51049057755398,0.6504028381780728,-500,True,37.5,36.5,38.6,0.95,0.05,0.0,0.7,0.03,2,1784256315.125291,True,False,True,False,1784256155.1566293,False,1,0,0,False
1783947642.4476278,20,1784256325.1050818,37.50247959105822,0.6503074692912185,-500,True,37.5,36.5,38.6,0.95,0.05,0.0,0.7,0.03,2,1784256335.1311023,True,False,True,True,1784256335.1566656,False,1,0,0,False
1783947642.4476278,20,1784256345.1109452,37.48645761806668,0.6501930266269932,-500,True,37.5,36.5,38.6,0.95,0.05,0.0,0.7,0.03,2,1784256355.1373692,True,False,True,True,1784256335.1566656,False,True,1,0,False
1783947642.4476278,20,1784256365.117112,37.47577630273899,0.6499832150759136,-500,True,37.5,36.5,38.6,0.95,0.05,0.0,0.7,0.03,2,1784256375.1433008,True,False,True,False,1784256335.1566656,False,True,1,0,False
1783947642.4476278,20,1784256385.1230166,37.465094987411305,0.6499641412985427,-500,True,37.5,36.5,38.6,0.95,0.05,0.0,0.7,0.03,2,1784256395.149164,True,False,True,False,1784256335.1566656,False,True,1,0,False
1783947642.4476278,20,1784256405.1287837,37.47844663157092,0.6503074692912185,-500,True,37.5,36.5,38.6,0.95,0.05,0.0,0.7,0.03,2,1784256415.1547952,True,False,True,False,1784256335.1566656,False,True,1,0,False
1783947642.4476278,20,1784256425.134655,37.49179827573053,0.6501167315175097,-500,True,37.5,36.5,38.6,0.95,0.05,0.0,0.7,0.03,2,1784256435.160733,True,False,True,False,1784256335.1566656,False,True,1,0,False
1783947642.4476278,20,1784256445.1405084,37.49713893339437,0.6502693217364767,-500,True,37.5,36.5,38.6,0.95,0.05,0.0,0.7,0.03,2,1784256455.1665337,True,False,True,False,1784256335.1566656,False,True,1,0,False
1783947642.4476278,20,1784256465.1463547,37.50247959105822,0.6501930266269932,-500,True,37.5,36.5,38.6,0.95,0.05,0.0,0.7,0.03,2,1784256475.1723154,True,False,True,False,1784256335.1566656,False,1,0,0,False
1783947642.4476278,20,1784256485.1521704,37.52384222171359,0.6499450675211719,-500,True,37.5,36.5,38.6,0.95,0.05,0.0,0.7,0.03,2,1784256495.17833,True,False,True,False,1784256335.1566656,False,1,0,0,False
1783947642.4476278,20,1784256505.1580157,37.531853208209355,0.6503265430685893,-500,True,37.5,36.5,38.6,0.95,0.05,0.0,0.7,0.03,2,1784256515.1840026,True,False,True,True,1784256515.1567028,False,1,0,0,False
1783947642.4476278,20,1784256525.1638343,37.49179827573053,0.6497734035248341,-500,True,37.5,36.5,38.6,0.95,0.05,0.0,0.7,0.03,2,1784256535.1898594,True,False,True,False,1784256515.1567028,False,True,1,0,False
1783947642.4476278,20,1784256545.1696286,37.49713893339437,0.6500976577401388,-500,True,37.5,36.5,38.6,0.95,0.05,0.0,0.7,0.03,2,1784256555.1957045,True,False,True,False,1784256515.1567028,False,True,1,0,False
1783947642.4476278,20,1784256565.17556,37.47577630273899,0.6498115510795758,-500,True,37.5,36.5,38.6,0.95,0.05,0.0,0.7,0.03,2,1784256575.201561,True,False,True,False,1784256515.1567028,False,True,1,0,False
1783947642.4476278,20,1784256585.1813986,37.470435645075156,0.6497734035248341,-500,True,37.5,36.5,38.6,0.95,0.05,0.0,0.7,0.03,2,1784256595.2074642,True,False,True,False,1784256515.1567028,False,True,1,0,False
1783947642.4476278,20,1784256605.1872678,37.49980926222629,0.6499450675211719,-500,True,37.5,36.5,38.6,0.95,0.05,0.0,0.7,0.03,2,1784256615.2132442,True,False,True,False,1784256515.1567028,False,True,1,0,False
1783947642.4476278,20,1784256625.1930451,37.49713893339437,0.6498496986343176,-500,True,37.5,36.5,38.6,0.95,0.05,0.0,0.7,0.03,2,1784256635.2190478,True,False,True,False,1784256515.1567028,False,True,1,0,False
1783947642.4476278,20,1784256645.1988995,37.50247959105822,0.6500404364080262,-500,True,37.5,36.5,38.6,0.95,0.05,0.0,0.7,0.03,2,1784256655.224912,True,False,True,False,1784256515.1567028,False,1,0,0,False
1783947642.4476278,20,1784256665.2047322,37.48645761806668,0.6500404364080262,-500,True,37.5,36.5,38.6,0.95,0.05,0.0,0.7,0.03,2,1784256675.230717,True,False,True,False,1784256515.1567028,False,True,1,0,False
1783947642.4476278,20,1784256685.210558,37.48645761806668,0.6499069199664301,-500,True,37.5,36.5,38.6,0.95,0.05,0.0,0.7,0.03,2,1784256695.2364872,True,False,True,True,1784256695.1567295,False,True,1,0,False
1783947642.4476278,20,1784256705.2163043,37.49980926222629,0.6502121004043642,-500,True,37.5,36.5,38.6,0.95,0.05,0.0,0.7,0.03,2,1784256715.242337,True,False,True,False,1784256695.1567295,False,True,1,0,False
1783947642.4476278,20,1784256725.2221587,37.465094987411305,0.6501739528496223,-500,True,37.5,36.5,38.6,0.95,0.05,0.0,0.7,0.03,2,1784256735.2481666,True,False,True,False,1784256695.1567295,False,True,1,0,False
1783947642.4476278,20,1784256745.227982,37.47577630273899,0.6501930266269932,-500,True,37.5,36.5,38.6,0.95,0.05,0.0,0.7,0.03,2,1784256755.2540143,True,False,True,False,1784256695.1567295,False,True,1,0,False
1783947642.4476278,20,1784256765.233762,37.49713893339437,0.6503074692912185,-500,True,37.5,36.5,38.6,0.95,0.05,0.0,0.7,0.03,2,1784256775.2597888,True,False,True,False,1784256695.1567295,False,True,1,0,False
1783947642.4476278,20,1784256785.2396142,37.50247959105822,0.6500022888532846,-500,True,37.5,36.5,38.6,0.95,0.05,0.0,0.7,0.03,2,1784256795.2657828,True,False,True,False,1784256695.1567295,False,1,0,0,False
1783947642.4476278,20,1784256805.2455711,37.50514991989013,0.650231174181735,-500,True,37.5,36.5,38.6,0.95,0.05,0.0,0.7,0.03,2,1784256815.2715693,True,False,True,False,1784256695.1567295,False,1,0,0,False
1783947642.4476278,20,1784256825.2514002,37.470435645075156,0.6500976577401388,-500,True,37.5,36.5,38.6,0.95,0.05,0.0,0.7,0.03,2,1784256835.277428,True,False,True,False,1784256695.1567295,False,True,1,0,False
1783947642.4476278,20,1784256845.2572343,37.481116960402844,0.6496398870832379,-500,True,37.5,36.5,38.6,0.95,0.05,0.0,0.7,0.03,2,1784256855.2832649,True,False,True,False,1784256695.1567295,False,True,1,0,False
1783947642.4476278,20,1784256865.2630804,37.470435645075156,0.6499069199664301,-500,True,37.5,36.5,38.6,0.95,0.05,0.0,0.7,0.03,2,1784256875.289261,True,False,True,True,1784256875.156754,False,True,1,0,False
1783947642.4476278,20,1784256885.2689052,37.44907301441978,0.6497161821927214,-500,True,37.5,36.5,38.6,0.95,0.05,0.0,0.7,0.03,2,1784256895.2949376,True,False,True,False,1784256875.156754,False,True,1,0,False
1783947642.4476278,20,1784256905.274753,37.47310597390707,0.6498496986343176,-500,True,37.5,36.5,38.6,0.95,0.05,0.0,0.7,0.03,2,1784256915.3007705,True,False,True,False,1784256875.156754,False,True,1,0,False
1783947642.4476278,20,1784256925.2806067,37.465094987411305,0.6502883955138477,-500,True,37.5,36.5,38.6,0.95,0.05,0.0,0.7,0.03,2,1784256935.3068187,True,False,True,False,1784256875.156754,False,True,1,0,False
1783947642.4476278,20,1784256945.2866406,37.49179827573053,0.6497543297474632,-500,True,37.5,36.5,38.6,0.95,0.05,0.0,0.7,0.03,2,1784256955.312856,True,False,True,False,1784256875.156754,False,True,1,0,False
1783947642.4476278,20,1784256965.292656,37.50247959105822,0.6499259937438011,-500,True,37.5,36.5,38.6,0.95,0.05,0.0,0.7,0.03,2,1784256975.3188734,True,False,True,False,1784256875.156754,False,1,0,0,False
1783947642.4476278,20,1784256985.2985964,37.507820248722055,0.6498878461890593,-500,True,37.5,36.5,38.6,0.95,0.05,0.0,0.7,0.03,2,1784256995.3246236,True,False,True,False,1784256875.156754,False,1,0,0,False
1783947642.4476278,20,1784257005.3044422,37.51583123521782,0.6498496986343176,-500,True,37.5,36.5,38.6,0.95,0.05,0.0,0.7,0.03,2,1784257015.330481,True,False,True,False,1784256875.156754,False,1,0,0,False
1783947642.4476278,20,1784257025.3103054,37.48645761806668,0.6498496986343176,-500,True,37.5,36.5,38.6,0.95,0.05,0.0,0.7,0.03,2,1784257035.3362882,True,False,True,False,1784256875.156754,False,True,1,0,False
1783947642.4476278,20,1784257045.3161035,37.465094987411305,0.6500404364080262,-500,True,37.5,36.5,38.6,0.95,0.05,0.0,0.7,0.03,2,1784257055.342167,True,False,True,True,1784257055.1567812,False,True,1,0,False
1783947642.4476278,20,1784257065.321944,37.470435645075156,0.6500785839627681,-500,True,37.5,36.5,38.6,0.95,0.05,0.0,0.7,0.03,2,1784257075.347938,True,False,True,False,1784257055.1567812,False,True,1,0,False
1783947642.4476278,20,1784257085.3277366,37.44907301441978,0.6496780346379797,-500,True,37.5,36.5,38.6,0.95,0.05,0.0,0.7,0.03,2,1784257095.3537493,True,False,True,False,1784257055.1567812,False,True,1,0,False
1783947642.4476278,20,1784257105.3335268,37.45708400091554,0.6498496986343176,-500,True,37.5,36.5,38.6,0.95,0.05,0.0,0.7,0.03,2,1784257115.3595366,True,False,True,False,1784257055.1567812,False,True,1,0,False
1783947642.4476278,20,1784257125.3394008,37.47577630273899,0.6497543297474632,-500,True,37.5,36.5,38.6,0.95,0.05,0.0,0.7,0.03,2,1784257135.36551,True,False,True,False,1784257055.1567812,False,True,1,0,False
1783947642.4476278,20,1784257145.3453271,37.48645761806668,0.6499641412985427,-500,True,37.5,36.5,38.6,0.95,0.05,0.0,0.7,0.03,2,1784257155.37136,True,False,True,False,1784257055.1567812,False,True,1,0,False
1783947642.4476278,20,1784257165.3511522,37.50247959105822,0.6500595101853972,-500,True,37.5,36.5,38.6,0.95,0.05,0.0,0.7,0.03,2,1784257175.377138,True,False,True,False,1784257055.1567812,False,1,0,0,False
